timestamp,Open,High,Low,Close,signal,Position
2019-04-01 00:00:00,1.1223,1.12282,1.12212,1.12282,0,SELL
2019-04-01 01:00:00,1.12284,1.12296,1.12253,1.12261,0,SELL
2019-04-01 02:00:00,1.12263,1.12329,1.12246,1.12318,0,SELL
2019-04-01 03:00:00,1.12315,1.1234,1.12304,1.12321,0,SELL
2019-04-01 04:00:00,1.12324,1.12352,1.12317,1.12342,0,SELL
2019-04-01 05:00:00,1.12344,1.12419,1.12344,1.12388,0,SELL
2019-04-01 06:00:00,1.12386,1.12392,1.12322,1.1234,0,SELL
2019-04-01 07:00:00,1.12337,1.1243,1.12276,1.1239,0,SELL
2019-04-01 08:00:00,1.12388,1.12498,1.12344,1.12464,0,SELL
2019-04-01 09:00:00,1.12461,1.12486,1.12363,1.12376,0,SELL
2019-04-01 10:00:00,1.12378,1.12382,1.12308,1.12315,0,SELL
2019-04-01 11:00:00,1.12317,1.12385,1.12273,1.12292,0,SELL
2019-04-01 12:00:00,1.12294,1.12478,1.12294,1.12348,0,SELL
2019-04-01 13:00:00,1.12351,1.12453,1.12298,1.1236,0,SELL
2019-04-01 14:00:00,1.12356,1.12356,1.12119,1.12204,0,SELL
2019-04-01 15:00:00,1.12206,1.12238,1.12087,1.12095,0,SELL
2019-04-01 16:00:00,1.12093,1.12114,1.12045,1.12064,0,SELL
2019-04-01 17:00:00,1.12062,1.12098,1.12041,1.12082,0,SELL
2019-04-01 18:00:00,1.12079,1.12127,1.12065,1.12126,0,SELL
2019-04-01 19:00:00,1.12123,1.12128,1.12088,1.12104,0,SELL
2019-04-01 20:00:00,1.12102,1.1214,1.12086,1.12128,0,SELL
2019-04-01 21:00:00,1.12125,1.12126,1.11988,1.12028,0,SELL
2019-04-01 22:00:00,1.1203,1.12064,1.12024,1.12064,0,SELL
2019-04-01 23:00:00,1.12066,1.12079,1.1205,1.12052,0,SELL
2019-04-02 00:00:00,1.12054,1.12086,1.12048,1.12058,0,SELL
2019-04-02 01:00:00,1.12055,1.12058,1.11974,1.12034,0,SELL
2019-04-02 02:00:00,1.12037,1.12055,1.12014,1.12026,0,SELL
2019-04-02 03:00:00,1.12028,1.12052,1.11995,1.12026,0,SELL
2019-04-02 04:00:00,1.12028,1.12028,1.11961,1.12023,0,SELL
2019-04-02 05:00:00,1.1202,1.12113,1.12011,1.12079,0,SELL
2019-04-02 06:00:00,1.12076,1.12078,1.11991,1.1201,0,SELL
2019-04-02 07:00:00,1.12008,1.12036,1.11904,1.11996,0,SELL
2019-04-02 08:00:00,1.11998,1.12047,1.11937,1.1198,0,SELL
2019-04-02 09:00:00,1.11982,1.1206,1.11972,1.12039,0,SELL
2019-04-02 10:00:00,1.12036,1.12058,1.11992,1.12002,0,SELL
2019-04-02 11:00:00,1.12,1.12056,1.11974,1.12014,0,SELL
2019-04-02 12:00:00,1.12016,1.12122,1.11986,1.12058,0,SELL
2019-04-02 13:00:00,1.12055,1.12078,1.11982,1.12014,0,SELL
2019-04-02 14:00:00,1.12017,1.1206,1.11852,1.11914,0,SELL
2019-04-02 15:00:00,1.11911,1.11931,1.11839,1.11864,0,SELL
2019-04-02 16:00:00,1.11862,1.1198,1.11858,1.11972,0,SELL
2019-04-02 17:00:00,1.1197,1.12161,1.11931,1.11944,0,SELL
2019-04-02 18:00:00,1.11946,1.11982,1.1192,1.1198,0,SELL
2019-04-02 19:00:00,1.11982,1.12022,1.11941,1.12012,0,SELL
2019-04-02 20:00:00,1.1201,1.12052,1.1199,1.12044,0,SELL
2019-04-02 21:00:00,1.12042,1.1206,1.1201,1.12033,0,SELL
2019-04-02 22:00:00,1.1203,1.12048,1.1202,1.12045,0,SELL
2019-04-02 23:00:00,1.12042,1.12054,1.1203,1.12035,0,SELL
2019-04-03 00:00:00,1.12032,1.12172,1.12022,1.12164,0,SELL
2019-04-03 01:00:00,1.12162,1.12267,1.12129,1.1224,1,BUY
2019-04-03 02:00:00,1.12238,1.12254,1.12202,1.12208,1,BUY
2019-04-03 03:00:00,1.12206,1.12231,1.12198,1.12218,1,BUY
2019-04-03 04:00:00,1.12216,1.12263,1.1221,1.12229,1,BUY
2019-04-03 05:00:00,1.12227,1.12265,1.12212,1.12254,1,BUY
2019-04-03 06:00:00,1.12254,1.12288,1.12175,1.12234,1,BUY
2019-04-03 07:00:00,1.12232,1.12426,1.12154,1.12375,1,BUY
2019-04-03 08:00:00,1.12372,1.1245,1.12323,1.12432,1,BUY
2019-04-03 09:00:00,1.12434,1.12546,1.12388,1.12482,1,BUY
2019-04-03 10:00:00,1.12478,1.12492,1.12434,1.12434,1,BUY
2019-04-03 11:00:00,1.12432,1.12504,1.12422,1.12464,1,BUY
2019-04-03 12:00:00,1.12466,1.12496,1.1234,1.12346,1,BUY
2019-04-03 13:00:00,1.12344,1.1237,1.12278,1.12332,1,BUY
2019-04-03 14:00:00,1.12334,1.12428,1.12252,1.12297,1,BUY
2019-04-03 15:00:00,1.12299,1.12428,1.12285,1.1242,1,BUY
2019-04-03 16:00:00,1.12418,1.12493,1.12392,1.12444,1,BUY
2019-04-03 17:00:00,1.12446,1.12482,1.12414,1.12459,1,BUY
2019-04-03 18:00:00,1.12461,1.12468,1.12386,1.12392,1,BUY
2019-04-03 19:00:00,1.12394,1.12416,1.12377,1.12385,1,BUY
2019-04-03 20:00:00,1.12383,1.12383,1.12326,1.1233,1,BUY
2019-04-03 21:00:00,1.1233,1.12384,1.1233,1.12374,1,BUY
2019-04-03 22:00:00,1.1237,1.12424,1.12367,1.12418,1,BUY
2019-04-03 23:00:00,1.12422,1.12458,1.1242,1.1245,1,BUY
2019-04-04 00:00:00,1.12447,1.12476,1.12441,1.12444,1,BUY
2019-04-04 01:00:00,1.12446,1.12454,1.12436,1.12443,1,BUY
2019-04-04 02:00:00,1.12446,1.12452,1.12376,1.12382,1,BUY
2019-04-04 03:00:00,1.12379,1.12426,1.12371,1.12421,1,BUY
2019-04-04 04:00:00,1.12424,1.1243,1.12405,1.12412,1,BUY
2019-04-04 05:00:00,1.1241,1.12478,1.12401,1.12478,1,BUY
2019-04-04 06:00:00,1.12476,1.12476,1.12347,1.1239,1,BUY
2019-04-04 07:00:00,1.12387,1.12468,1.12334,1.12408,1,BUY
2019-04-04 08:00:00,1.1241,1.12413,1.12308,1.12317,1,BUY
2019-04-04 09:00:00,1.12319,1.12362,1.12207,1.12272,1,BUY
2019-04-04 10:00:00,1.12275,1.1233,1.12261,1.12278,0,SELL
2019-04-04 11:00:00,1.1228,1.12302,1.1222,1.12234,0,SELL
2019-04-04 12:00:00,1.12236,1.12246,1.12128,1.12175,0,SELL
2019-04-04 13:00:00,1.12173,1.12184,1.12061,1.12137,0,SELL
2019-04-04 14:00:00,1.1214,1.12189,1.121,1.12164,0,SELL
2019-04-04 15:00:00,1.12166,1.12248,1.1215,1.12161,0,SELL
2019-04-04 16:00:00,1.12164,1.12206,1.12137,1.12194,0,SELL
2019-04-04 17:00:00,1.12196,1.12205,1.12134,1.12195,0,SELL
2019-04-04 18:00:00,1.12193,1.1224,1.12174,1.12208,0,SELL
2019-04-04 19:00:00,1.12206,1.12244,1.12194,1.12242,0,SELL
2019-04-04 20:00:00,1.12239,1.12268,1.12204,1.12206,0,SELL
2019-04-04 21:00:00,1.12197,1.12246,1.12188,1.1221,0,SELL
2019-04-04 22:00:00,1.12212,1.1223,1.12207,1.12218,0,SELL
2019-04-04 23:00:00,1.12216,1.12244,1.12214,1.12224,0,SELL
2019-04-05 00:00:00,1.12222,1.1229,1.12194,1.12226,0,SELL
2019-04-05 01:00:00,1.12228,1.12254,1.12224,1.12248,0,SELL
2019-04-05 02:00:00,1.12246,1.1226,1.12241,1.12241,0,SELL
2019-04-05 03:00:00,1.12243,1.12248,1.1223,1.1224,0,SELL
2019-04-05 04:00:00,1.12243,1.12282,1.12236,1.1227,0,SELL
2019-04-05 05:00:00,1.12268,1.1229,1.12259,1.12266,0,SELL
2019-04-05 06:00:00,1.12268,1.12366,1.12265,1.12324,0,SELL
2019-04-05 07:00:00,1.12326,1.12344,1.12248,1.12294,0,SELL
2019-04-05 08:00:00,1.12296,1.12312,1.12247,1.12301,1,BUY
2019-04-05 09:00:00,1.12298,1.12331,1.12284,1.12288,1,BUY
2019-04-05 10:00:00,1.1229,1.12319,1.12266,1.12285,1,BUY
2019-04-05 11:00:00,1.12288,1.12296,1.1224,1.12248,0,SELL
2019-04-05 12:00:00,1.12251,1.12464,1.12171,1.1236,0,SELL
2019-04-05 13:00:00,1.12362,1.12389,1.12205,1.12257,0,SELL
2019-04-05 14:00:00,1.12255,1.12336,1.12223,1.12241,0,SELL
2019-04-05 15:00:00,1.12244,1.12244,1.12103,1.1217,0,SELL
2019-04-05 16:00:00,1.12168,1.122,1.12132,1.12149,0,SELL
2019-04-05 17:00:00,1.12147,1.12162,1.12108,1.12157,0,SELL
2019-04-05 18:00:00,1.1216,1.1218,1.12138,1.12178,0,SELL
2019-04-05 19:00:00,1.12175,1.12182,1.12142,1.12181,0,SELL
2019-04-05 20:00:00,1.12183,1.12188,1.1215,1.12162,0,SELL
2019-04-07 21:00:00,1.12176,1.1222,1.12144,1.12167,0,SELL
2019-04-07 22:00:00,1.12164,1.12198,1.1216,1.12186,0,SELL
2019-04-07 23:00:00,1.12188,1.12192,1.12154,1.12184,0,SELL
2019-04-08 00:00:00,1.12186,1.12216,1.1215,1.12176,0,SELL
2019-04-08 01:00:00,1.12178,1.12216,1.1215,1.12205,0,SELL
2019-04-08 02:00:00,1.12202,1.12262,1.12202,1.12253,0,SELL
2019-04-08 03:00:00,1.1225,1.12322,1.12246,1.12292,0,SELL
2019-04-08 04:00:00,1.1229,1.1231,1.12278,1.1231,0,SELL
2019-04-08 05:00:00,1.12308,1.12308,1.12254,1.12262,1,BUY
2019-04-08 06:00:00,1.12262,1.12299,1.12246,1.1227,1,BUY
2019-04-08 07:00:00,1.12272,1.12297,1.12218,1.12288,1,BUY
2019-04-08 08:00:00,1.1229,1.12373,1.12262,1.12334,1,BUY
2019-04-08 09:00:00,1.12337,1.12395,1.1231,1.12395,1,BUY
2019-04-08 10:00:00,1.12392,1.12456,1.12368,1.12432,1,BUY
2019-04-08 11:00:00,1.1243,1.1251,1.12412,1.12468,1,BUY
2019-04-08 12:00:00,1.12466,1.12646,1.12432,1.12613,1,BUY
2019-04-08 13:00:00,1.1261,1.12746,1.12602,1.12732,1,BUY
2019-04-08 14:00:00,1.12728,1.12728,1.126,1.12614,1,BUY
2019-04-08 15:00:00,1.12612,1.1264,1.12583,1.12613,1,BUY
2019-04-08 16:00:00,1.1261,1.1269,1.12601,1.12672,1,BUY
2019-04-08 17:00:00,1.12674,1.12685,1.12582,1.12622,1,BUY
2019-04-08 18:00:00,1.1262,1.12629,1.12598,1.12616,1,BUY
2019-04-08 19:00:00,1.12614,1.12648,1.126,1.12648,1,BUY
2019-04-08 20:00:00,1.12646,1.12646,1.12591,1.12611,1,BUY
2019-04-08 21:00:00,1.12629,1.1266,1.12598,1.12608,1,BUY
2019-04-08 22:00:00,1.1261,1.12636,1.12553,1.12565,1,BUY
2019-04-08 23:00:00,1.12567,1.12578,1.12557,1.1256,1,BUY
2019-04-09 00:00:00,1.12558,1.12634,1.12558,1.12594,1,BUY
2019-04-09 01:00:00,1.12597,1.12661,1.12585,1.12634,1,BUY
2019-04-09 02:00:00,1.12632,1.12673,1.12632,1.12661,1,BUY
2019-04-09 03:00:00,1.12663,1.12692,1.12638,1.12676,1,BUY
2019-04-09 04:00:00,1.12673,1.12686,1.12658,1.12658,1,BUY
2019-04-09 05:00:00,1.12654,1.12664,1.12623,1.12636,1,BUY
2019-04-09 06:00:00,1.12636,1.1268,1.12598,1.12622,1,BUY
2019-04-09 07:00:00,1.1262,1.12722,1.12564,1.12654,1,BUY
2019-04-09 08:00:00,1.12652,1.12802,1.12623,1.128,1,BUY
2019-04-09 09:00:00,1.12798,1.12807,1.12664,1.12742,1,BUY
2019-04-09 10:00:00,1.1274,1.12788,1.12717,1.12782,1,BUY
2019-04-09 11:00:00,1.12779,1.12804,1.12734,1.12744,1,BUY
2019-04-09 12:00:00,1.12746,1.12822,1.12727,1.12792,1,BUY
2019-04-09 13:00:00,1.12795,1.12842,1.12762,1.12794,1,BUY
2019-04-09 14:00:00,1.12792,1.12819,1.12697,1.12731,1,BUY
2019-04-09 15:00:00,1.12729,1.12806,1.12681,1.12772,1,BUY
2019-04-09 16:00:00,1.1277,1.12783,1.12702,1.12702,1,BUY
2019-04-09 17:00:00,1.12704,1.12732,1.12632,1.12676,1,BUY
2019-04-09 18:00:00,1.12674,1.12681,1.1263,1.12664,1,BUY
2019-04-09 19:00:00,1.12666,1.12682,1.12621,1.12646,1,BUY
2019-04-09 20:00:00,1.12648,1.12662,1.12619,1.12627,1,BUY
2019-04-09 21:00:00,1.12627,1.12654,1.12624,1.12644,1,BUY
2019-04-09 22:00:00,1.12642,1.12666,1.12628,1.12665,1,BUY
2019-04-09 23:00:00,1.12663,1.12672,1.12652,1.12658,1,BUY
2019-04-10 00:00:00,1.12655,1.12671,1.12575,1.12586,1,BUY
2019-04-10 01:00:00,1.12588,1.12619,1.12558,1.12572,1,BUY
2019-04-10 02:00:00,1.12574,1.12592,1.12567,1.12587,0,SELL
2019-04-10 03:00:00,1.12584,1.12626,1.12578,1.12606,0,SELL
2019-04-10 04:00:00,1.12604,1.1264,1.12593,1.12615,0,SELL
2019-04-10 05:00:00,1.12612,1.12639,1.12594,1.12633,0,SELL
2019-04-10 06:00:00,1.12631,1.12737,1.12618,1.12718,1,BUY
2019-04-10 07:00:00,1.12716,1.12726,1.12614,1.12656,1,BUY
2019-04-10 08:00:00,1.12658,1.12725,1.12616,1.12697,1,BUY
2019-04-10 09:00:00,1.12694,1.12787,1.1268,1.12783,1,BUY
2019-04-10 10:00:00,1.1278,1.12794,1.12729,1.12752,1,BUY
2019-04-10 11:00:00,1.12754,1.12813,1.12726,1.12762,1,BUY
2019-04-10 12:00:00,1.12764,1.12876,1.12536,1.12564,1,BUY
2019-04-10 13:00:00,1.12562,1.12596,1.12298,1.12414,1,BUY
2019-04-10 14:00:00,1.12412,1.12528,1.12405,1.12504,0,SELL
2019-04-10 15:00:00,1.12506,1.12694,1.1249,1.12662,0,SELL
2019-04-10 16:00:00,1.1266,1.12785,1.12624,1.12757,0,SELL
2019-04-10 17:00:00,1.1276,1.1278,1.12736,1.1275,0,SELL
2019-04-10 18:00:00,1.12746,1.12774,1.12631,1.12709,1,BUY
2019-04-10 19:00:00,1.12706,1.12776,1.12698,1.12724,1,BUY
2019-04-10 20:00:00,1.12722,1.12745,1.12698,1.12737,1,BUY
2019-04-10 21:00:00,1.12734,1.12766,1.12728,1.12754,1,BUY
2019-04-10 22:00:00,1.12751,1.12768,1.12738,1.12765,1,BUY
2019-04-10 23:00:00,1.12767,1.1278,1.12752,1.1276,1,BUY
2019-04-11 00:00:00,1.12758,1.12794,1.12728,1.12762,1,BUY
2019-04-11 01:00:00,1.12764,1.12786,1.12754,1.12765,1,BUY
2019-04-11 02:00:00,1.12768,1.12778,1.12748,1.12757,1,BUY
2019-04-11 03:00:00,1.1276,1.12772,1.1273,1.12766,1,BUY
2019-04-11 04:00:00,1.12764,1.12806,1.12758,1.12798,1,BUY
2019-04-11 05:00:00,1.12796,1.12832,1.1279,1.12822,1,BUY
2019-04-11 06:00:00,1.1282,1.1283,1.12749,1.12787,1,BUY
2019-04-11 07:00:00,1.12784,1.12874,1.12754,1.12815,1,BUY
2019-04-11 08:00:00,1.12818,1.12851,1.12751,1.12793,1,BUY
2019-04-11 09:00:00,1.12796,1.12848,1.12764,1.1278,1,BUY
2019-04-11 10:00:00,1.12778,1.1284,1.12746,1.12838,1,BUY
2019-04-11 11:00:00,1.12836,1.12836,1.12638,1.12668,1,BUY
2019-04-11 12:00:00,1.12671,1.12676,1.12556,1.12601,1,BUY
2019-04-11 13:00:00,1.12598,1.12717,1.1257,1.12712,0,SELL
2019-04-11 14:00:00,1.1271,1.1276,1.1267,1.12742,0,SELL
2019-04-11 15:00:00,1.1274,1.12741,1.12594,1.12615,0,SELL
2019-04-11 16:00:00,1.12618,1.12636,1.12562,1.12584,0,SELL
2019-04-11 17:00:00,1.12586,1.1262,1.125,1.12555,0,SELL
2019-04-11 18:00:00,1.12552,1.1259,1.12534,1.12562,0,SELL
2019-04-11 19:00:00,1.1256,1.12606,1.12549,1.12598,0,SELL
2019-04-11 20:00:00,1.12594,1.12598,1.12537,1.12541,0,SELL
2019-04-11 21:00:00,1.12536,1.12593,1.12536,1.12572,0,SELL
2019-04-11 22:00:00,1.12574,1.1261,1.12569,1.12586,0,SELL
2019-04-11 23:00:00,1.12588,1.12622,1.12588,1.12603,0,SELL
2019-04-12 00:00:00,1.12601,1.12916,1.12575,1.12835,0,SELL
2019-04-12 01:00:00,1.12837,1.12856,1.1277,1.12848,0,SELL
2019-04-12 02:00:00,1.12845,1.12908,1.12845,1.12896,1,BUY
2019-04-12 03:00:00,1.12894,1.12946,1.12871,1.129,1,BUY
2019-04-12 04:00:00,1.12902,1.1292,1.12891,1.12914,1,BUY
2019-04-12 05:00:00,1.12912,1.12912,1.12839,1.1286,1,BUY
2019-04-12 06:00:00,1.1286,1.12887,1.12825,1.12842,1,BUY
2019-04-12 07:00:00,1.12844,1.12914,1.12817,1.12888,1,BUY
2019-04-12 08:00:00,1.12885,1.131,1.12876,1.13056,1,BUY
2019-04-12 09:00:00,1.13054,1.13144,1.13044,1.13139,1,BUY
2019-04-12 10:00:00,1.13136,1.1319,1.13059,1.13131,1,BUY
2019-04-12 11:00:00,1.13129,1.13216,1.13066,1.13066,1,BUY
2019-04-12 12:00:00,1.13069,1.13224,1.13069,1.13205,1,BUY
2019-04-12 13:00:00,1.13203,1.13239,1.13112,1.13141,1,BUY
2019-04-12 14:00:00,1.13144,1.13225,1.13122,1.13136,1,BUY
2019-04-12 15:00:00,1.13139,1.13207,1.13041,1.13043,1,BUY
2019-04-12 16:00:00,1.13041,1.13076,1.1295,1.12987,1,BUY
2019-04-12 17:00:00,1.12989,1.12996,1.12944,1.12972,1,BUY
2019-04-12 18:00:00,1.12969,1.12992,1.12955,1.12962,1,BUY
2019-04-12 19:00:00,1.1296,1.12987,1.12943,1.12987,1,BUY
2019-04-12 20:00:00,1.12984,1.12993,1.12929,1.12988,1,BUY
2019-04-14 21:00:00,1.13046,1.13051,1.13,1.13018,1,BUY
2019-04-14 22:00:00,1.1302,1.13064,1.1302,1.13048,1,BUY
2019-04-14 23:00:00,1.13045,1.13072,1.13024,1.13031,1,BUY
2019-04-15 00:00:00,1.13028,1.13062,1.13017,1.1304,1,BUY
2019-04-15 01:00:00,1.13038,1.13092,1.13018,1.13089,1,BUY
2019-04-15 02:00:00,1.13086,1.13144,1.13081,1.13138,1,BUY
2019-04-15 03:00:00,1.13136,1.13141,1.1311,1.13112,1,BUY
2019-04-15 04:00:00,1.13114,1.13128,1.13088,1.13091,1,BUY
2019-04-15 05:00:00,1.13094,1.13104,1.13058,1.13068,1,BUY
2019-04-15 06:00:00,1.13068,1.13141,1.13028,1.13119,1,BUY
2019-04-15 07:00:00,1.13117,1.1321,1.13114,1.13165,1,BUY
2019-04-15 08:00:00,1.13163,1.13201,1.13126,1.13182,1,BUY
2019-04-15 09:00:00,1.1318,1.13196,1.13126,1.1314,1,BUY
2019-04-15 10:00:00,1.13142,1.13153,1.13076,1.13096,1,BUY
2019-04-15 11:00:00,1.13093,1.13164,1.13061,1.13079,1,BUY
2019-04-15 12:00:00,1.13082,1.13148,1.13079,1.13134,1,BUY
2019-04-15 13:00:00,1.13132,1.13157,1.12976,1.13033,1,BUY
2019-04-15 14:00:00,1.13035,1.13122,1.13027,1.13084,1,BUY
2019-04-15 15:00:00,1.13081,1.13081,1.13005,1.13038,1,BUY
2019-04-15 16:00:00,1.13041,1.13088,1.13024,1.13066,1,BUY
2019-04-15 17:00:00,1.13064,1.1308,1.13019,1.13028,1,BUY
2019-04-15 18:00:00,1.13026,1.13052,1.13002,1.13037,1,BUY
2019-04-15 19:00:00,1.1304,1.13056,1.13,1.13054,1,BUY
2019-04-15 20:00:00,1.13056,1.13056,1.13011,1.13044,1,BUY
2019-04-15 21:00:00,1.13042,1.1307,1.13004,1.13012,1,BUY
2019-04-15 22:00:00,1.1301,1.13034,1.13006,1.13024,1,BUY
2019-04-15 23:00:00,1.13026,1.13046,1.13024,1.13044,1,BUY
2019-04-16 00:00:00,1.13042,1.13074,1.13024,1.13056,1,BUY
2019-04-16 01:00:00,1.13058,1.13064,1.12928,1.12934,1,BUY
2019-04-16 02:00:00,1.12936,1.12994,1.1293,1.12986,0,SELL
2019-04-16 03:00:00,1.12988,1.13032,1.1297,1.13028,0,SELL
2019-04-16 04:00:00,1.13026,1.13049,1.1302,1.13044,0,SELL
2019-04-16 05:00:00,1.13042,1.13058,1.13024,1.13052,0,SELL
2019-04-16 06:00:00,1.13048,1.13097,1.13016,1.13079,1,BUY
2019-04-16 07:00:00,1.13082,1.1312,1.12992,1.13102,1,BUY
2019-04-16 08:00:00,1.13104,1.1314,1.13046,1.13053,1,BUY
2019-04-16 09:00:00,1.13055,1.13104,1.12796,1.12906,1,BUY
2019-04-16 10:00:00,1.12908,1.13046,1.12899,1.13008,1,BUY
2019-04-16 11:00:00,1.13006,1.13108,1.12991,1.13094,0,SELL
2019-04-16 12:00:00,1.13096,1.13117,1.1292,1.12968,0,SELL
2019-04-16 13:00:00,1.12971,1.13027,1.12945,1.12961,0,SELL
2019-04-16 14:00:00,1.12959,1.13058,1.12937,1.13,0,SELL
2019-04-16 15:00:00,1.13002,1.13024,1.12877,1.12924,0,SELL
2019-04-16 16:00:00,1.12926,1.12932,1.12806,1.12841,0,SELL
2019-04-16 17:00:00,1.12838,1.12892,1.1283,1.1288,0,SELL
2019-04-16 18:00:00,1.12878,1.12905,1.12848,1.12877,0,SELL
2019-04-16 19:00:00,1.1288,1.12892,1.12828,1.12832,0,SELL
2019-04-16 20:00:00,1.1283,1.12842,1.128,1.12808,0,SELL
2019-04-16 21:00:00,1.12828,1.12864,1.12827,1.12858,0,SELL
2019-04-16 22:00:00,1.12856,1.12881,1.12788,1.12813,0,SELL
2019-04-16 23:00:00,1.12816,1.12853,1.12816,1.12847,0,SELL
2019-04-17 00:00:00,1.1285,1.1287,1.12815,1.12864,0,SELL
2019-04-17 01:00:00,1.12867,1.12946,1.12841,1.12936,0,SELL
2019-04-17 02:00:00,1.12938,1.13029,1.12936,1.12986,0,SELL
2019-04-17 03:00:00,1.12983,1.13036,1.12981,1.13033,0,SELL
2019-04-17 04:00:00,1.1303,1.13044,1.13028,1.13032,0,SELL
2019-04-17 05:00:00,1.1303,1.13114,1.1303,1.13114,1,BUY
2019-04-17 06:00:00,1.13114,1.13138,1.13038,1.13066,1,BUY
2019-04-17 07:00:00,1.13062,1.13237,1.13041,1.13171,1,BUY
2019-04-17 08:00:00,1.13169,1.13204,1.13112,1.13159,1,BUY
2019-04-17 09:00:00,1.13157,1.13194,1.1306,1.13088,1,BUY
2019-04-17 10:00:00,1.13086,1.13122,1.1305,1.13097,1,BUY
2019-04-17 11:00:00,1.13099,1.13134,1.1302,1.13022,1,BUY
2019-04-17 12:00:00,1.13026,1.13077,1.13006,1.13038,1,BUY
2019-04-17 13:00:00,1.13035,1.13056,1.1291,1.13038,1,BUY
2019-04-17 14:00:00,1.13041,1.13074,1.12908,1.13032,1,BUY
2019-04-17 15:00:00,1.13035,1.13036,1.12954,1.12964,0,SELL
2019-04-17 16:00:00,1.12961,1.1301,1.12932,1.12963,0,SELL
2019-04-17 17:00:00,1.12961,1.13026,1.1296,1.12968,0,SELL
2019-04-17 18:00:00,1.1297,1.12996,1.12944,1.12986,0,SELL
2019-04-17 19:00:00,1.12988,1.13014,1.12979,1.12996,0,SELL
2019-04-17 20:00:00,1.12994,1.13006,1.12962,1.1298,0,SELL
2019-04-17 21:00:00,1.12962,1.12994,1.1296,1.12982,0,SELL
2019-04-17 22:00:00,1.1298,1.13,1.12968,1.12986,0,SELL
2019-04-17 23:00:00,1.12988,1.12992,1.12967,1.12967,0,SELL
2019-04-18 00:00:00,1.12964,1.12988,1.12945,1.12983,0,SELL
2019-04-18 01:00:00,1.12986,1.13008,1.12926,1.12926,0,SELL
2019-04-18 02:00:00,1.12928,1.12959,1.12898,1.12922,0,SELL
2019-04-18 03:00:00,1.12924,1.12942,1.12924,1.12942,0,SELL
2019-04-18 04:00:00,1.1294,1.12956,1.12932,1.1295,0,SELL
2019-04-18 05:00:00,1.12952,1.13008,1.12949,1.12999,0,SELL
2019-04-18 06:00:00,1.12999,1.13042,1.12966,1.13014,0,SELL
2019-04-18 07:00:00,1.13012,1.13022,1.12647,1.12712,0,SELL
2019-04-18 08:00:00,1.12715,1.12715,1.12432,1.12608,0,SELL
2019-04-18 09:00:00,1.1261,1.12612,1.12492,1.12516,0,SELL
2019-04-18 10:00:00,1.12518,1.12573,1.12493,1.12542,0,SELL
2019-04-18 11:00:00,1.12545,1.12584,1.12502,1.1252,0,SELL
2019-04-18 12:00:00,1.12522,1.12541,1.12383,1.12405,0,SELL
2019-04-18 13:00:00,1.12408,1.12537,1.12362,1.12498,0,SELL
2019-04-18 14:00:00,1.125,1.12509,1.12362,1.12434,0,SELL
2019-04-18 15:00:00,1.12437,1.12448,1.12379,1.12408,0,SELL
2019-04-18 16:00:00,1.12406,1.12406,1.1229,1.12299,0,SELL
2019-04-18 17:00:00,1.12297,1.12305,1.12263,1.12282,0,SELL
2019-04-18 18:00:00,1.12284,1.12318,1.12273,1.12302,0,SELL
2019-04-18 19:00:00,1.12304,1.12314,1.1229,1.12298,0,SELL
2019-04-18 20:00:00,1.12301,1.12332,1.1229,1.12306,0,SELL
2019-04-18 21:00:00,1.1231,1.12319,1.1229,1.12318,0,SELL
2019-04-18 22:00:00,1.12321,1.12367,1.12321,1.12367,0,SELL
2019-04-18 23:00:00,1.1237,1.12384,1.12346,1.12352,0,SELL
2019-04-19 00:00:00,1.1235,1.12407,1.1235,1.12398,0,SELL
2019-04-19 01:00:00,1.124,1.1242,1.12394,1.12415,0,SELL
2019-04-19 02:00:00,1.12412,1.12423,1.12324,1.12365,0,SELL
2019-04-19 03:00:00,1.12367,1.1237,1.12367,1.1237,0,SELL
2019-04-19 04:00:00,1.12368,1.12381,1.12353,1.12381,0,SELL
2019-04-19 05:00:00,1.12384,1.12434,1.12384,1.12432,0,SELL
2019-04-19 06:00:00,1.12432,1.1245,1.12419,1.12424,0,SELL
2019-04-19 07:00:00,1.12426,1.12456,1.12424,1.12437,0,SELL
2019-04-19 08:00:00,1.1244,1.12474,1.12436,1.12467,0,SELL
2019-04-19 09:00:00,1.12465,1.12466,1.12436,1.12448,0,SELL
2019-04-19 10:00:00,1.1245,1.12472,1.12446,1.12469,0,SELL
2019-04-19 11:00:00,1.12466,1.12468,1.12454,1.12456,0,SELL
2019-04-19 12:00:00,1.12454,1.1246,1.12424,1.12444,0,SELL
2019-04-19 13:00:00,1.12447,1.12464,1.12426,1.12445,0,SELL
2019-04-19 14:00:00,1.12442,1.12477,1.1244,1.12468,0,SELL
2019-04-19 15:00:00,1.1247,1.12474,1.12444,1.12462,0,SELL
2019-04-19 16:00:00,1.1246,1.1246,1.12432,1.12452,0,SELL
2019-04-19 17:00:00,1.1245,1.12457,1.1243,1.12442,0,SELL
2019-04-19 18:00:00,1.12445,1.12462,1.12435,1.12452,0,SELL
2019-04-19 19:00:00,1.12454,1.12462,1.12452,1.12456,0,SELL
2019-04-19 20:00:00,1.12454,1.12464,1.12411,1.12452,0,SELL
2019-04-21 21:00:00,1.12447,1.12465,1.1242,1.12444,0,SELL
2019-04-21 22:00:00,1.12441,1.12441,1.12378,1.12426,0,SELL
2019-04-21 23:00:00,1.12422,1.12448,1.12422,1.12443,0,SELL
2019-04-22 00:00:00,1.12441,1.12454,1.12422,1.12426,0,SELL
2019-04-22 01:00:00,1.12428,1.12443,1.12404,1.12408,0,SELL
2019-04-22 02:00:00,1.12406,1.12416,1.1237,1.12399,0,SELL
2019-04-22 03:00:00,1.12397,1.12414,1.12368,1.1237,0,SELL
2019-04-22 04:00:00,1.12372,1.12384,1.1236,1.12384,0,SELL
2019-04-22 05:00:00,1.12386,1.12434,1.12374,1.12428,0,SELL
2019-04-22 06:00:00,1.12428,1.12442,1.12404,1.12434,0,SELL
2019-04-22 07:00:00,1.12436,1.1247,1.12418,1.12468,0,SELL
2019-04-22 08:00:00,1.12466,1.12478,1.12435,1.12458,0,SELL
2019-04-22 09:00:00,1.12462,1.12498,1.12459,1.12491,0,SELL
2019-04-22 10:00:00,1.12494,1.12519,1.12488,1.12498,0,SELL
2019-04-22 11:00:00,1.12496,1.12508,1.12472,1.12479,0,SELL
2019-04-22 12:00:00,1.12481,1.12546,1.12464,1.12493,0,SELL
2019-04-22 13:00:00,1.12495,1.12543,1.12486,1.12516,0,SELL
2019-04-22 14:00:00,1.12518,1.1257,1.125,1.12548,0,SELL
2019-04-22 15:00:00,1.12545,1.1262,1.12529,1.1258,0,SELL
2019-04-22 16:00:00,1.12578,1.12617,1.12575,1.12584,1,BUY
2019-04-22 17:00:00,1.12586,1.12615,1.12586,1.1261,1,BUY
2019-04-22 18:00:00,1.12608,1.12617,1.12586,1.12586,1,BUY
2019-04-22 19:00:00,1.12589,1.12604,1.12584,1.12589,1,BUY
2019-04-22 20:00:00,1.12587,1.1259,1.12567,1.12572,1,BUY
2019-04-22 21:00:00,1.12572,1.126,1.12554,1.12584,1,BUY
2019-04-22 22:00:00,1.12586,1.12604,1.12586,1.126,1,BUY
2019-04-22 23:00:00,1.12603,1.12606,1.12586,1.12586,1,BUY
2019-04-23 00:00:00,1.12588,1.12588,1.12449,1.12449,1,BUY
2019-04-23 01:00:00,1.12452,1.12511,1.12452,1.12497,0,SELL
2019-04-23 02:00:00,1.125,1.1251,1.12474,1.12496,0,SELL
2019-04-23 03:00:00,1.12499,1.12551,1.12499,1.12532,0,SELL
2019-04-23 04:00:00,1.12534,1.12534,1.12498,1.125,0,SELL
2019-04-23 05:00:00,1.12504,1.12518,1.12472,1.12498,0,SELL
2019-04-23 06:00:00,1.12496,1.12497,1.1243,1.12478,0,SELL
2019-04-23 07:00:00,1.12476,1.12513,1.1242,1.12453,0,SELL
2019-04-23 08:00:00,1.1245,1.12582,1.12422,1.12502,0,SELL
2019-04-23 09:00:00,1.12505,1.12612,1.12498,1.12564,0,SELL
2019-04-23 10:00:00,1.12561,1.12561,1.12491,1.12527,0,SELL
2019-04-23 11:00:00,1.12529,1.12532,1.12442,1.12463,0,SELL
2019-04-23 12:00:00,1.12466,1.12478,1.12168,1.12179,0,SELL
2019-04-23 13:00:00,1.12176,1.12185,1.12041,1.12106,0,SELL
2019-04-23 14:00:00,1.12104,1.12119,1.11924,1.1207,0,SELL
2019-04-23 15:00:00,1.12067,1.12124,1.12003,1.12124,0,SELL
2019-04-23 16:00:00,1.12126,1.12162,1.12104,1.12136,0,SELL
2019-04-23 17:00:00,1.12138,1.12144,1.12094,1.12135,0,SELL
2019-04-23 18:00:00,1.12133,1.12167,1.12113,1.12149,0,SELL
2019-04-23 19:00:00,1.12147,1.12246,1.12144,1.12244,0,SELL
2019-04-23 20:00:00,1.12242,1.12276,1.12217,1.12272,0,SELL
2019-04-23 21:00:00,1.12268,1.12268,1.12219,1.12232,0,SELL
2019-04-23 22:00:00,1.1223,1.12244,1.12212,1.12218,0,SELL
2019-04-23 23:00:00,1.12215,1.12244,1.12215,1.12238,0,SELL
2019-04-24 00:00:00,1.1224,1.1224,1.1217,1.12178,0,SELL
2019-04-24 01:00:00,1.1218,1.12208,1.12098,1.1217,0,SELL
2019-04-24 02:00:00,1.12167,1.1217,1.12094,1.12141,0,SELL
2019-04-24 03:00:00,1.12143,1.12147,1.12088,1.12112,0,SELL
2019-04-24 04:00:00,1.12114,1.12166,1.12112,1.12162,0,SELL
2019-04-24 05:00:00,1.12164,1.1218,1.12133,1.12145,0,SELL
2019-04-24 06:00:00,1.12145,1.12155,1.12042,1.12082,0,SELL
2019-04-24 07:00:00,1.12084,1.12177,1.1201,1.12168,0,SELL
2019-04-24 08:00:00,1.12166,1.12196,1.11948,1.12183,0,SELL
2019-04-24 09:00:00,1.12181,1.12234,1.12106,1.12146,0,SELL
2019-04-24 10:00:00,1.12144,1.12152,1.12082,1.12093,0,SELL
2019-04-24 11:00:00,1.12091,1.12118,1.12038,1.12113,0,SELL
2019-04-24 12:00:00,1.12115,1.12118,1.12028,1.12034,0,SELL
2019-04-24 13:00:00,1.12037,1.12037,1.11809,1.11927,0,SELL
2019-04-24 14:00:00,1.11924,1.12098,1.11895,1.12044,0,SELL
2019-04-24 15:00:00,1.12047,1.1205,1.11902,1.11912,0,SELL
2019-04-24 16:00:00,1.11914,1.11922,1.11563,1.11588,0,SELL
2019-04-24 17:00:00,1.11586,1.11651,1.11535,1.11646,0,SELL
2019-04-24 18:00:00,1.11644,1.11648,1.11406,1.11416,0,SELL
2019-04-24 19:00:00,1.11413,1.11572,1.11412,1.11566,0,SELL
2019-04-24 20:00:00,1.11564,1.11592,1.11512,1.11538,0,SELL
2019-04-24 21:00:00,1.11538,1.11568,1.11524,1.11554,0,SELL
2019-04-24 22:00:00,1.11558,1.11592,1.11552,1.1158,0,SELL
2019-04-24 23:00:00,1.11577,1.11577,1.11502,1.11534,0,SELL
2019-04-25 00:00:00,1.11532,1.11537,1.11452,1.11526,0,SELL
2019-04-25 01:00:00,1.11528,1.11548,1.1145,1.11544,0,SELL
2019-04-25 02:00:00,1.11542,1.11602,1.11506,1.11594,0,SELL
2019-04-25 03:00:00,1.1159,1.11594,1.11561,1.11566,0,SELL
2019-04-25 04:00:00,1.11568,1.11582,1.11506,1.11574,0,SELL
2019-04-25 05:00:00,1.11572,1.11587,1.11529,1.11555,0,SELL
2019-04-25 06:00:00,1.11552,1.11625,1.11515,1.1155,0,SELL
2019-04-25 07:00:00,1.11552,1.11596,1.11447,1.11544,0,SELL
2019-04-25 08:00:00,1.11542,1.11553,1.11348,1.11474,0,SELL
2019-04-25 09:00:00,1.11476,1.1148,1.11292,1.11336,0,SELL
2019-04-25 10:00:00,1.11338,1.11414,1.11314,1.11327,0,SELL
2019-04-25 11:00:00,1.11329,1.11343,1.1122,1.11238,0,SELL
2019-04-25 12:00:00,1.1124,1.11309,1.11184,1.11309,0,SELL
2019-04-25 13:00:00,1.11306,1.11468,1.11297,1.11418,0,SELL
2019-04-25 14:00:00,1.1142,1.11546,1.11393,1.11438,0,SELL
2019-04-25 15:00:00,1.11436,1.1148,1.11324,1.11397,0,SELL
2019-04-25 16:00:00,1.11395,1.11434,1.11299,1.11367,0,SELL
2019-04-25 17:00:00,1.11369,1.11386,1.11325,1.11359,0,SELL
2019-04-25 18:00:00,1.11361,1.11361,1.11272,1.11276,0,SELL
2019-04-25 19:00:00,1.11274,1.11338,1.11272,1.11332,0,SELL
2019-04-25 20:00:00,1.1133,1.1134,1.11314,1.1132,0,SELL
2019-04-25 21:00:00,1.1132,1.11386,1.11288,1.11344,0,SELL
2019-04-25 22:00:00,1.11346,1.11376,1.11344,1.11372,0,SELL
2019-04-25 23:00:00,1.11369,1.11392,1.11354,1.11356,0,SELL
2019-04-26 00:00:00,1.11354,1.11366,1.11244,1.11294,0,SELL
2019-04-26 01:00:00,1.11292,1.11386,1.11273,1.11342,0,SELL
2019-04-26 02:00:00,1.1134,1.11411,1.11296,1.1139,0,SELL
2019-04-26 03:00:00,1.11388,1.11388,1.1135,1.11359,0,SELL
2019-04-26 04:00:00,1.11362,1.11378,1.11352,1.11354,0,SELL
2019-04-26 05:00:00,1.11357,1.114,1.11332,1.11397,0,SELL
2019-04-26 06:00:00,1.11394,1.11474,1.11344,1.11444,0,SELL
2019-04-26 07:00:00,1.11442,1.11468,1.11384,1.11408,0,SELL
2019-04-26 08:00:00,1.11406,1.11446,1.11296,1.11424,0,SELL
2019-04-26 09:00:00,1.11427,1.11448,1.11372,1.11372,0,SELL
2019-04-26 10:00:00,1.11375,1.11397,1.11348,1.11368,0,SELL
2019-04-26 11:00:00,1.1137,1.11417,1.11327,1.11334,0,SELL
2019-04-26 12:00:00,1.11336,1.11592,1.11115,1.11481,0,SELL
2019-04-26 13:00:00,1.11478,1.1157,1.11426,1.11542,0,SELL
2019-04-26 14:00:00,1.1154,1.11739,1.11518,1.11628,0,SELL
2019-04-26 15:00:00,1.1163,1.11687,1.11539,1.11542,0,SELL
2019-04-26 16:00:00,1.1154,1.11636,1.11512,1.11631,0,SELL
2019-04-26 17:00:00,1.11633,1.1166,1.11564,1.11572,0,SELL
2019-04-26 18:00:00,1.11575,1.116,1.11514,1.11542,0,SELL
2019-04-26 19:00:00,1.11539,1.11543,1.11474,1.11476,0,SELL
2019-04-26 20:00:00,1.11474,1.11537,1.1142,1.11472,0,SELL
2019-04-28 21:00:00,1.11465,1.11493,1.11463,1.11484,0,SELL
2019-04-28 22:00:00,1.11488,1.1151,1.11484,1.1151,0,SELL
2019-04-28 23:00:00,1.11508,1.11519,1.11478,1.11492,0,SELL
2019-04-29 00:00:00,1.11495,1.11504,1.11474,1.11488,0,SELL
2019-04-29 01:00:00,1.1149,1.11494,1.11452,1.11492,0,SELL
2019-04-29 02:00:00,1.1149,1.1158,1.1149,1.1158,0,SELL
2019-04-29 03:00:00,1.11582,1.11589,1.11558,1.11578,0,SELL
2019-04-29 04:00:00,1.11576,1.11599,1.11573,1.11583,0,SELL
2019-04-29 05:00:00,1.11585,1.11602,1.11564,1.11576,0,SELL
2019-04-29 06:00:00,1.11574,1.11662,1.1156,1.11596,0,SELL
2019-04-29 07:00:00,1.11598,1.11658,1.1156,1.116,0,SELL
2019-04-29 08:00:00,1.11598,1.1167,1.11566,1.11652,0,SELL
2019-04-29 09:00:00,1.1165,1.11658,1.11598,1.11619,1,BUY
2019-04-29 10:00:00,1.11621,1.11621,1.11514,1.11531,0,SELL
2019-04-29 11:00:00,1.11529,1.11566,1.11493,1.11512,0,SELL
2019-04-29 12:00:00,1.11514,1.11616,1.11454,1.11557,0,SELL
2019-04-29 13:00:00,1.11554,1.11596,1.11504,1.11506,0,SELL
2019-04-29 14:00:00,1.11509,1.11678,1.1149,1.11661,0,SELL
2019-04-29 15:00:00,1.11664,1.11702,1.11634,1.11659,0,SELL
2019-04-29 16:00:00,1.11661,1.11842,1.11654,1.11812,0,SELL
2019-04-29 17:00:00,1.11808,1.11832,1.11781,1.11797,1,BUY
2019-04-29 18:00:00,1.11795,1.11868,1.11769,1.1183,1,BUY
2019-04-29 19:00:00,1.11828,1.11858,1.11818,1.11836,1,BUY
2019-04-29 20:00:00,1.11834,1.1186,1.11824,1.11852,1,BUY
2019-04-29 21:00:00,1.11854,1.1186,1.11822,1.11833,1,BUY
2019-04-29 22:00:00,1.1183,1.11846,1.11828,1.11846,1,BUY
2019-04-29 23:00:00,1.11844,1.11856,1.11838,1.1185,1,BUY
2019-04-30 00:00:00,1.11848,1.11914,1.1183,1.119,1,BUY
2019-04-30 01:00:00,1.11898,1.11898,1.11793,1.11859,1,BUY
2019-04-30 02:00:00,1.11856,1.119,1.1185,1.11886,1,BUY
2019-04-30 03:00:00,1.11884,1.1193,1.11872,1.11874,1,BUY
2019-04-30 04:00:00,1.11872,1.11888,1.11858,1.11886,1,BUY
2019-04-30 05:00:00,1.11888,1.119,1.11764,1.11786,1,BUY
2019-04-30 06:00:00,1.11784,1.11834,1.1176,1.11827,1,BUY
2019-04-30 07:00:00,1.11829,1.11952,1.1181,1.1186,1,BUY
2019-04-30 08:00:00,1.11858,1.12079,1.11856,1.12064,1,BUY
2019-04-30 09:00:00,1.12066,1.12162,1.12057,1.12102,1,BUY
2019-04-30 10:00:00,1.12104,1.12138,1.12044,1.1212,1,BUY
2019-04-30 11:00:00,1.12118,1.12203,1.12102,1.12198,1,BUY
2019-04-30 12:00:00,1.12196,1.12279,1.1216,1.12194,1,BUY
2019-04-30 13:00:00,1.12196,1.12292,1.12158,1.12258,1,BUY
2019-04-30 14:00:00,1.12254,1.12259,1.12053,1.12056,1,BUY
2019-04-30 15:00:00,1.12052,1.12078,1.11978,1.12008,1,BUY
2019-04-30 16:00:00,1.12005,1.12174,1.11996,1.12167,1,BUY
2019-04-30 17:00:00,1.12169,1.12256,1.12134,1.122,1,BUY
2019-04-30 18:00:00,1.12197,1.1222,1.12157,1.1222,1,BUY
2019-04-30 19:00:00,1.12218,1.12226,1.12154,1.12164,1,BUY
2019-04-30 20:00:00,1.12168,1.12176,1.12141,1.12151,1,BUY
2019-04-30 21:00:00,1.12151,1.12172,1.12126,1.1215,1,BUY
2019-04-30 22:00:00,1.12152,1.1216,1.1211,1.12112,1,BUY
2019-04-30 23:00:00,1.12114,1.12158,1.12114,1.12158,1,BUY
2019-05-01 00:00:00,1.12156,1.12183,1.1215,1.12182,1,BUY
2019-05-01 01:00:00,1.12185,1.12186,1.12168,1.12174,1,BUY
2019-05-01 02:00:00,1.12177,1.12178,1.1214,1.12152,1,BUY
2019-05-01 03:00:00,1.12154,1.12198,1.12152,1.12186,1,BUY
2019-05-01 04:00:00,1.12188,1.12188,1.12174,1.12176,1,BUY
2019-05-01 05:00:00,1.12174,1.12188,1.12174,1.12188,1,BUY
2019-05-01 06:00:00,1.12188,1.12204,1.12143,1.12166,1,BUY
2019-05-01 07:00:00,1.12164,1.12299,1.12161,1.12274,1,BUY
2019-05-01 08:00:00,1.12272,1.123,1.1223,1.1228,1,BUY
2019-05-01 09:00:00,1.12283,1.12395,1.12281,1.12344,1,BUY
2019-05-01 10:00:00,1.12346,1.12388,1.12339,1.12364,1,BUY
2019-05-01 11:00:00,1.12366,1.12372,1.12303,1.1237,1,BUY
2019-05-01 12:00:00,1.12368,1.12372,1.1222,1.12244,1,BUY
2019-05-01 13:00:00,1.12241,1.1229,1.12234,1.12282,1,BUY
2019-05-01 14:00:00,1.12289,1.1248,1.12289,1.12403,1,BUY
2019-05-01 15:00:00,1.12405,1.12499,1.12403,1.12453,1,BUY
2019-05-01 16:00:00,1.12455,1.12468,1.12407,1.1242,1,BUY
2019-05-01 17:00:00,1.12423,1.12475,1.12423,1.12456,1,BUY
2019-05-01 18:00:00,1.1246,1.12649,1.11942,1.11944,1,BUY
2019-05-01 19:00:00,1.11942,1.12004,1.11873,1.11952,1,BUY
2019-05-01 20:00:00,1.11954,1.11996,1.11907,1.11949,0,SELL
2019-05-01 21:00:00,1.11962,1.11996,1.11946,1.11993,0,SELL
2019-05-01 22:00:00,1.11991,1.12036,1.11991,1.12033,0,SELL
2019-05-01 23:00:00,1.1203,1.1203,1.11998,1.12024,0,SELL
2019-05-02 00:00:00,1.12022,1.12064,1.11998,1.1206,0,SELL
2019-05-02 01:00:00,1.12062,1.12092,1.1205,1.12086,0,SELL
2019-05-02 02:00:00,1.12083,1.12088,1.12,1.12016,0,SELL
2019-05-02 03:00:00,1.12018,1.12082,1.12018,1.12061,0,SELL
2019-05-02 04:00:00,1.12064,1.12091,1.12052,1.12076,0,SELL
2019-05-02 05:00:00,1.12074,1.12084,1.12042,1.12046,0,SELL
2019-05-02 06:00:00,1.12046,1.12075,1.11923,1.11932,0,SELL
2019-05-02 07:00:00,1.1193,1.12191,1.11912,1.12136,0,SELL
2019-05-02 08:00:00,1.12133,1.12159,1.12057,1.12084,0,SELL
2019-05-02 09:00:00,1.12082,1.12132,1.12003,1.1202,0,SELL
2019-05-02 10:00:00,1.12018,1.12026,1.11962,1.12017,0,SELL
2019-05-02 11:00:00,1.12019,1.12095,1.11984,1.12044,0,SELL
2019-05-02 12:00:00,1.12046,1.12116,1.11957,1.11963,0,SELL
2019-05-02 13:00:00,1.11965,1.1202,1.1176,1.11854,0,SELL
2019-05-02 14:00:00,1.11852,1.11882,1.11766,1.11818,0,SELL
2019-05-02 15:00:00,1.1182,1.11848,1.11718,1.11844,0,SELL
2019-05-02 16:00:00,1.11842,1.11842,1.11744,1.11778,0,SELL
2019-05-02 17:00:00,1.11782,1.11799,1.11732,1.11784,0,SELL
2019-05-02 18:00:00,1.11786,1.1181,1.11724,1.11748,0,SELL
2019-05-02 19:00:00,1.1175,1.11779,1.11725,1.11727,0,SELL
2019-05-02 20:00:00,1.11729,1.11742,1.1171,1.11726,0,SELL
2019-05-02 21:00:00,1.11722,1.11742,1.1172,1.11722,0,SELL
2019-05-02 22:00:00,1.11724,1.11756,1.11722,1.1175,0,SELL
2019-05-02 23:00:00,1.11752,1.11756,1.1173,1.1173,0,SELL
2019-05-03 00:00:00,1.11728,1.11776,1.11706,1.11774,0,SELL
2019-05-03 01:00:00,1.11771,1.11771,1.11706,1.1175,0,SELL
2019-05-03 02:00:00,1.11752,1.11774,1.11736,1.11744,0,SELL
2019-05-03 03:00:00,1.11748,1.1176,1.1173,1.11735,0,SELL
2019-05-03 04:00:00,1.11732,1.11749,1.11671,1.11686,0,SELL
2019-05-03 05:00:00,1.11688,1.11734,1.11683,1.11715,0,SELL
2019-05-03 06:00:00,1.11715,1.11718,1.11602,1.11618,0,SELL
2019-05-03 07:00:00,1.11615,1.11692,1.11581,1.11682,0,SELL
2019-05-03 08:00:00,1.1168,1.1168,1.1161,1.11653,0,SELL
2019-05-03 09:00:00,1.11656,1.11664,1.1154,1.11543,0,SELL
2019-05-03 10:00:00,1.1154,1.11598,1.11522,1.11526,0,SELL
2019-05-03 11:00:00,1.11524,1.11533,1.11442,1.11524,0,SELL
2019-05-03 12:00:00,1.11522,1.11646,1.11354,1.116,0,SELL
2019-05-03 13:00:00,1.11603,1.11708,1.11544,1.11662,0,SELL
2019-05-03 14:00:00,1.11664,1.11947,1.11664,1.11872,0,SELL
2019-05-03 15:00:00,1.11874,1.11999,1.11836,1.11881,0,SELL
2019-05-03 16:00:00,1.11878,1.12008,1.11842,1.11958,0,SELL
2019-05-03 17:00:00,1.1196,1.11976,1.11926,1.11926,0,SELL
2019-05-03 18:00:00,1.11924,1.12002,1.119,1.11938,1,BUY
2019-05-03 19:00:00,1.11936,1.12022,1.11922,1.11995,1,BUY
2019-05-03 20:00:00,1.11992,1.12048,1.11984,1.12013,1,BUY
2019-05-05 21:00:00,1.11738,1.1188,1.11708,1.11796,1,BUY
2019-05-05 22:00:00,1.118,1.12004,1.11797,1.11943,1,BUY
2019-05-05 23:00:00,1.11945,1.11986,1.11813,1.11848,1,BUY
2019-05-06 00:00:00,1.1185,1.1188,1.11807,1.11852,0,SELL
2019-05-06 01:00:00,1.11854,1.11948,1.11832,1.1192,0,SELL
2019-05-06 02:00:00,1.11918,1.11918,1.11852,1.11892,0,SELL
2019-05-06 03:00:00,1.11894,1.11938,1.11876,1.11938,0,SELL
2019-05-06 04:00:00,1.11934,1.11958,1.11909,1.1191,0,SELL
2019-05-06 05:00:00,1.11912,1.11932,1.11862,1.11914,0,SELL
2019-05-06 06:00:00,1.11914,1.11948,1.11875,1.11894,0,SELL
2019-05-06 07:00:00,1.11891,1.11938,1.11838,1.11874,0,SELL
2019-05-06 08:00:00,1.11876,1.11925,1.11833,1.11841,0,SELL
2019-05-06 09:00:00,1.11838,1.11953,1.11834,1.11936,0,SELL
2019-05-06 10:00:00,1.1194,1.11985,1.11892,1.11978,0,SELL
2019-05-06 11:00:00,1.1198,1.12036,1.11963,1.11984,0,SELL
2019-05-06 12:00:00,1.11982,1.12033,1.11794,1.11837,0,SELL
2019-05-06 13:00:00,1.11834,1.11936,1.11808,1.11916,0,SELL
2019-05-06 14:00:00,1.11914,1.11968,1.11847,1.11968,0,SELL
2019-05-06 15:00:00,1.11966,1.11982,1.11892,1.11966,1,BUY
2019-05-06 16:00:00,1.11968,1.12069,1.11961,1.1203,1,BUY
2019-05-06 17:00:00,1.12028,1.12093,1.12023,1.12041,1,BUY
2019-05-06 18:00:00,1.12038,1.12064,1.1201,1.12036,1,BUY
2019-05-06 19:00:00,1.12033,1.1206,1.12015,1.12015,1,BUY
2019-05-06 20:00:00,1.12018,1.12022,1.11982,1.11994,1,BUY
2019-05-06 21:00:00,1.12004,1.12004,1.11906,1.11946,1,BUY
2019-05-06 22:00:00,1.11949,1.11994,1.11949,1.11986,1,BUY
2019-05-06 23:00:00,1.11988,1.12021,1.11988,1.12011,1,BUY
2019-05-07 00:00:00,1.12013,1.12032,1.1198,1.11999,1,BUY
2019-05-07 01:00:00,1.12002,1.1205,1.11972,1.12046,1,BUY
2019-05-07 02:00:00,1.12044,1.12056,1.12026,1.12053,1,BUY
2019-05-07 03:00:00,1.12056,1.12078,1.12038,1.12072,1,BUY
2019-05-07 04:00:00,1.12075,1.12144,1.12056,1.12136,1,BUY
2019-05-07 05:00:00,1.12133,1.12161,1.12086,1.12146,1,BUY
2019-05-07 06:00:00,1.12146,1.1218,1.12062,1.12092,1,BUY
2019-05-07 07:00:00,1.1209,1.12164,1.11942,1.11956,1,BUY
2019-05-07 08:00:00,1.11954,1.12016,1.11931,1.11967,1,BUY
2019-05-07 09:00:00,1.11964,1.12044,1.1194,1.12039,1,BUY
2019-05-07 10:00:00,1.12037,1.12063,1.11964,1.11974,1,BUY
2019-05-07 11:00:00,1.11976,1.1199,1.11772,1.11828,0,SELL
2019-05-07 12:00:00,1.1183,1.11914,1.11822,1.11836,0,SELL
2019-05-07 13:00:00,1.11838,1.11872,1.11752,1.1186,0,SELL
2019-05-07 14:00:00,1.11862,1.11929,1.11818,1.11878,0,SELL
2019-05-07 15:00:00,1.11884,1.11912,1.11776,1.11779,0,SELL
2019-05-07 16:00:00,1.11776,1.1179,1.11666,1.1175,0,SELL
2019-05-07 17:00:00,1.11748,1.11797,1.11705,1.11784,0,SELL
2019-05-07 18:00:00,1.11782,1.11937,1.11722,1.11824,0,SELL
2019-05-07 19:00:00,1.11826,1.11922,1.11803,1.11868,0,SELL
2019-05-07 20:00:00,1.11866,1.11935,1.11854,1.11917,0,SELL
2019-05-07 21:00:00,1.11912,1.11951,1.11892,1.1194,0,SELL
2019-05-07 22:00:00,1.11936,1.11941,1.11922,1.1193,0,SELL
2019-05-07 23:00:00,1.11927,1.11931,1.1189,1.11896,0,SELL
2019-05-08 00:00:00,1.11894,1.11926,1.11886,1.11926,0,SELL
2019-05-08 01:00:00,1.11928,1.12003,1.11928,1.11983,0,SELL
2019-05-08 02:00:00,1.11985,1.12038,1.11947,1.12005,1,BUY
2019-05-08 03:00:00,1.12007,1.1206,1.11988,1.12039,1,BUY
2019-05-08 04:00:00,1.12037,1.12067,1.12034,1.12052,1,BUY
2019-05-08 05:00:00,1.1205,1.12066,1.12018,1.12042,1,BUY
2019-05-08 06:00:00,1.12042,1.1213,1.12042,1.1207,1,BUY
2019-05-08 07:00:00,1.12072,1.121,1.11966,1.12052,1,BUY
2019-05-08 08:00:00,1.12054,1.12112,1.1197,1.1198,1,BUY
2019-05-08 09:00:00,1.11983,1.1206,1.11944,1.1203,1,BUY
2019-05-08 10:00:00,1.12028,1.12046,1.11915,1.12036,1,BUY
2019-05-08 11:00:00,1.12039,1.12076,1.11986,1.1203,1,BUY
2019-05-08 12:00:00,1.12028,1.12043,1.11892,1.11986,1,BUY
2019-05-08 13:00:00,1.11988,1.12056,1.11961,1.11991,1,BUY
2019-05-08 14:00:00,1.11994,1.12066,1.11934,1.12033,1,BUY
2019-05-08 15:00:00,1.12036,1.12136,1.11994,1.12057,1,BUY
2019-05-08 16:00:00,1.12059,1.12098,1.1183,1.11886,0,SELL
2019-05-08 17:00:00,1.11884,1.11916,1.11829,1.119,0,SELL
2019-05-08 18:00:00,1.11902,1.11942,1.11856,1.11916,0,SELL
2019-05-08 19:00:00,1.11918,1.11952,1.1191,1.11936,0,SELL
2019-05-08 20:00:00,1.11938,1.11938,1.11892,1.11921,0,SELL
2019-05-08 21:00:00,1.11914,1.11943,1.11905,1.11942,0,SELL
2019-05-08 22:00:00,1.1194,1.1198,1.11936,1.11974,0,SELL
2019-05-08 23:00:00,1.11972,1.11986,1.11954,1.1198,0,SELL
2019-05-09 00:00:00,1.11977,1.11978,1.1191,1.11916,0,SELL
2019-05-09 01:00:00,1.11919,1.11957,1.11893,1.11907,0,SELL
2019-05-09 02:00:00,1.1191,1.1191,1.1186,1.11896,0,SELL
2019-05-09 03:00:00,1.11898,1.11924,1.11878,1.1191,0,SELL
2019-05-09 04:00:00,1.11908,1.1195,1.11901,1.11948,0,SELL
2019-05-09 05:00:00,1.11945,1.11978,1.11928,1.11969,0,SELL
2019-05-09 06:00:00,1.11966,1.1203,1.11944,1.1198,0,SELL
2019-05-09 07:00:00,1.11978,1.12034,1.11831,1.11868,0,SELL
2019-05-09 08:00:00,1.1187,1.11897,1.11736,1.11888,0,SELL
2019-05-09 09:00:00,1.1189,1.11978,1.11859,1.11964,0,SELL
2019-05-09 10:00:00,1.11962,1.11964,1.11857,1.11912,0,SELL
2019-05-09 11:00:00,1.11914,1.11924,1.11847,1.11897,0,SELL
2019-05-09 12:00:00,1.11899,1.12005,1.11873,1.11969,0,SELL
2019-05-09 13:00:00,1.11972,1.12426,1.11912,1.12353,1,BUY
2019-05-09 14:00:00,1.1235,1.1251,1.12238,1.123,1,BUY
2019-05-09 15:00:00,1.12303,1.12354,1.12261,1.12278,1,BUY
2019-05-09 16:00:00,1.12275,1.12314,1.1212,1.12154,1,BUY
2019-05-09 17:00:00,1.12156,1.12264,1.12132,1.12253,1,BUY
2019-05-09 18:00:00,1.12249,1.12284,1.12208,1.12244,1,BUY
2019-05-09 19:00:00,1.12242,1.12262,1.12182,1.1219,1,BUY
2019-05-09 20:00:00,1.12192,1.12212,1.121,1.12132,1,BUY
2019-05-09 21:00:00,1.12168,1.12202,1.12142,1.12188,1,BUY
2019-05-09 22:00:00,1.12191,1.12206,1.12181,1.1219,1,BUY
2019-05-09 23:00:00,1.12192,1.12206,1.12176,1.12186,1,BUY
2019-05-10 00:00:00,1.12184,1.12302,1.12181,1.12294,1,BUY
2019-05-10 01:00:00,1.12292,1.12348,1.12283,1.12326,1,BUY
2019-05-10 02:00:00,1.12324,1.12329,1.1227,1.12277,1,BUY
2019-05-10 03:00:00,1.12275,1.12324,1.12256,1.12298,1,BUY
2019-05-10 04:00:00,1.12296,1.12318,1.12258,1.12258,1,BUY
2019-05-10 05:00:00,1.12256,1.1229,1.12235,1.12274,1,BUY
2019-05-10 06:00:00,1.12272,1.12293,1.12179,1.12276,1,BUY
2019-05-10 07:00:00,1.12274,1.12331,1.12254,1.12257,1,BUY
2019-05-10 08:00:00,1.1226,1.12324,1.12202,1.1231,1,BUY
2019-05-10 09:00:00,1.12306,1.12385,1.12306,1.12324,1,BUY
2019-05-10 10:00:00,1.12322,1.1234,1.12232,1.12338,1,BUY
2019-05-10 11:00:00,1.1234,1.12367,1.12248,1.12297,1,BUY
2019-05-10 12:00:00,1.123,1.12467,1.1227,1.12422,1,BUY
2019-05-10 13:00:00,1.12424,1.12493,1.1237,1.12454,1,BUY
2019-05-10 14:00:00,1.12456,1.12536,1.12392,1.12437,1,BUY
2019-05-10 15:00:00,1.1244,1.1247,1.12398,1.12411,1,BUY
2019-05-10 16:00:00,1.12413,1.12415,1.12332,1.12368,1,BUY
2019-05-10 17:00:00,1.12365,1.12366,1.12281,1.1235,1,BUY
2019-05-10 18:00:00,1.12348,1.12356,1.123,1.12315,1,BUY
2019-05-10 19:00:00,1.12312,1.12353,1.12295,1.12322,1,BUY
2019-05-10 20:00:00,1.12324,1.12392,1.123,1.12336,1,BUY
2019-05-12 21:00:00,1.12348,1.1242,1.12338,1.12368,1,BUY
2019-05-12 22:00:00,1.1237,1.12389,1.12344,1.12355,1,BUY
2019-05-12 23:00:00,1.12358,1.12388,1.12344,1.1236,1,BUY
2019-05-13 00:00:00,1.12357,1.12376,1.1231,1.12318,1,BUY
2019-05-13 01:00:00,1.1232,1.12352,1.12316,1.12344,1,BUY
2019-05-13 02:00:00,1.12342,1.12346,1.12292,1.12324,1,BUY
2019-05-13 03:00:00,1.12326,1.1234,1.12296,1.12296,1,BUY
2019-05-13 04:00:00,1.12294,1.12306,1.12282,1.12298,1,BUY
2019-05-13 05:00:00,1.12296,1.12304,1.12272,1.12302,1,BUY
2019-05-13 06:00:00,1.123,1.12366,1.12298,1.12308,1,BUY
2019-05-13 07:00:00,1.12306,1.12363,1.12231,1.12297,1,BUY
2019-05-13 08:00:00,1.12294,1.1236,1.12267,1.12296,1,BUY
2019-05-13 09:00:00,1.12299,1.12415,1.12286,1.12385,1,BUY
2019-05-13 10:00:00,1.12388,1.12397,1.12342,1.12349,1,BUY
2019-05-13 11:00:00,1.12351,1.12376,1.12283,1.12317,1,BUY
2019-05-13 12:00:00,1.12319,1.12624,1.12315,1.12576,1,BUY
2019-05-13 13:00:00,1.12574,1.12636,1.12499,1.12547,1,BUY
2019-05-13 14:00:00,1.1255,1.12587,1.12414,1.12426,1,BUY
2019-05-13 15:00:00,1.12428,1.12444,1.12278,1.12321,1,BUY
2019-05-13 16:00:00,1.12319,1.12384,1.12294,1.12354,1,BUY
2019-05-13 17:00:00,1.12352,1.12382,1.1231,1.12324,1,BUY
2019-05-13 18:00:00,1.12326,1.12351,1.12288,1.12317,1,BUY
2019-05-13 19:00:00,1.12315,1.1235,1.12301,1.12308,1,BUY
2019-05-13 20:00:00,1.12306,1.12308,1.12222,1.12231,0,SELL
2019-05-13 21:00:00,1.12227,1.12266,1.122,1.12262,0,SELL
2019-05-13 22:00:00,1.12258,1.12318,1.12229,1.12314,0,SELL
2019-05-13 23:00:00,1.12316,1.12322,1.12284,1.12322,0,SELL
2019-05-14 00:00:00,1.12325,1.12368,1.12318,1.12363,0,SELL
2019-05-14 01:00:00,1.12365,1.12366,1.12314,1.12327,0,SELL
2019-05-14 02:00:00,1.1233,1.12356,1.12308,1.12328,0,SELL
2019-05-14 03:00:00,1.1233,1.12408,1.12327,1.12395,1,BUY
2019-05-14 04:00:00,1.12392,1.12408,1.12384,1.12398,1,BUY
2019-05-14 05:00:00,1.12396,1.12412,1.12374,1.12377,1,BUY
2019-05-14 06:00:00,1.12377,1.12414,1.12324,1.12332,1,BUY
2019-05-14 07:00:00,1.1233,1.12424,1.12296,1.12384,1,BUY
2019-05-14 08:00:00,1.12386,1.12438,1.12369,1.12426,1,BUY
2019-05-14 09:00:00,1.12424,1.12433,1.12344,1.12368,1,BUY
2019-05-14 10:00:00,1.12366,1.12374,1.12254,1.12296,1,BUY
2019-05-14 11:00:00,1.12293,1.12386,1.12288,1.12308,1,BUY
2019-05-14 12:00:00,1.12306,1.12328,1.12038,1.12141,0,SELL
2019-05-14 13:00:00,1.12139,1.12198,1.1208,1.12115,0,SELL
2019-05-14 14:00:00,1.12112,1.12147,1.12046,1.12116,0,SELL
2019-05-14 15:00:00,1.12118,1.12136,1.1204,1.1207,0,SELL
2019-05-14 16:00:00,1.12068,1.12147,1.12066,1.121,0,SELL
2019-05-14 17:00:00,1.12097,1.12144,1.12078,1.12116,0,SELL
2019-05-14 18:00:00,1.12113,1.12168,1.12066,1.12066,0,SELL
2019-05-14 19:00:00,1.12068,1.12098,1.12068,1.12075,0,SELL
2019-05-14 20:00:00,1.12078,1.12086,1.12012,1.1204,0,SELL
2019-05-14 21:00:00,1.1204,1.12076,1.1204,1.12073,0,SELL
2019-05-14 22:00:00,1.12076,1.12086,1.1207,1.12071,0,SELL
2019-05-14 23:00:00,1.12073,1.12074,1.12032,1.12034,0,SELL
2019-05-15 00:00:00,1.12036,1.12041,1.1201,1.12037,0,SELL
2019-05-15 01:00:00,1.12039,1.12082,1.1203,1.12073,0,SELL
2019-05-15 02:00:00,1.1207,1.1207,1.12032,1.12068,0,SELL
2019-05-15 03:00:00,1.1207,1.12086,1.12058,1.12084,0,SELL
2019-05-15 04:00:00,1.12087,1.12098,1.12054,1.12098,0,SELL
2019-05-15 05:00:00,1.12096,1.12136,1.12088,1.1212,0,SELL
2019-05-15 06:00:00,1.1212,1.1212,1.12046,1.12071,0,SELL
2019-05-15 07:00:00,1.12073,1.12138,1.11982,1.1213,0,SELL
2019-05-15 08:00:00,1.12128,1.1217,1.12115,1.12144,0,SELL
2019-05-15 09:00:00,1.12142,1.12144,1.11993,1.11998,0,SELL
2019-05-15 10:00:00,1.12,1.12046,1.11951,1.11958,0,SELL
2019-05-15 11:00:00,1.11956,1.11962,1.1178,1.1181,0,SELL
2019-05-15 12:00:00,1.11812,1.11926,1.11788,1.11838,0,SELL
2019-05-15 13:00:00,1.11835,1.11914,1.11792,1.11858,0,SELL
2019-05-15 14:00:00,1.11856,1.12246,1.11824,1.12082,0,SELL
2019-05-15 15:00:00,1.1208,1.12093,1.11994,1.12074,0,SELL
2019-05-15 16:00:00,1.12077,1.12114,1.12018,1.12064,0,SELL
2019-05-15 17:00:00,1.12066,1.12082,1.12032,1.12075,0,SELL
2019-05-15 18:00:00,1.12073,1.12074,1.12022,1.12036,0,SELL
2019-05-15 19:00:00,1.12033,1.12037,1.11974,1.12027,0,SELL
2019-05-15 20:00:00,1.12032,1.12038,1.11998,1.12017,0,SELL
2019-05-15 21:00:00,1.12017,1.12072,1.12014,1.12049,0,SELL
2019-05-15 22:00:00,1.12052,1.12094,1.12035,1.12064,0,SELL
2019-05-15 23:00:00,1.12061,1.12086,1.1204,1.12072,0,SELL
2019-05-16 00:00:00,1.1207,1.12088,1.1205,1.12066,0,SELL
2019-05-16 01:00:00,1.12064,1.12098,1.1202,1.12084,0,SELL
2019-05-16 02:00:00,1.12086,1.12098,1.12058,1.12081,0,SELL
2019-05-16 03:00:00,1.12078,1.12091,1.1207,1.12086,0,SELL
2019-05-16 04:00:00,1.12088,1.12098,1.12082,1.12098,0,SELL
2019-05-16 05:00:00,1.12096,1.12104,1.12076,1.12096,0,SELL
2019-05-16 06:00:00,1.12096,1.1211,1.12048,1.12072,0,SELL
2019-05-16 07:00:00,1.1207,1.12124,1.12041,1.12088,0,SELL
2019-05-16 08:00:00,1.1209,1.1221,1.12066,1.12207,0,SELL
2019-05-16 09:00:00,1.12204,1.1224,1.1208,1.12116,0,SELL
2019-05-16 10:00:00,1.12118,1.12124,1.12054,1.12059,0,SELL
2019-05-16 11:00:00,1.12062,1.12097,1.11976,1.12044,0,SELL
2019-05-16 12:00:00,1.12046,1.12064,1.11872,1.11878,0,SELL
2019-05-16 13:00:00,1.11876,1.11926,1.11832,1.11864,0,SELL
2019-05-16 14:00:00,1.11861,1.11872,1.1172,1.1178,0,SELL
2019-05-16 15:00:00,1.11783,1.11804,1.11727,1.11778,0,SELL
2019-05-16 16:00:00,1.1178,1.1182,1.11757,1.11774,0,SELL
2019-05-16 17:00:00,1.11771,1.11798,1.11749,1.11793,0,SELL
2019-05-16 18:00:00,1.1179,1.11798,1.11702,1.11704,0,SELL
2019-05-16 19:00:00,1.11702,1.11772,1.11664,1.11772,0,SELL
2019-05-16 20:00:00,1.11769,1.11769,1.11726,1.11736,0,SELL
2019-05-16 21:00:00,1.11747,1.11754,1.11727,1.11737,0,SELL
2019-05-16 22:00:00,1.1174,1.11758,1.11719,1.11738,0,SELL
2019-05-16 23:00:00,1.1174,1.11749,1.11726,1.11732,0,SELL
2019-05-17 00:00:00,1.1173,1.11762,1.11706,1.11752,0,SELL
2019-05-17 01:00:00,1.1175,1.11794,1.1175,1.11792,0,SELL
2019-05-17 02:00:00,1.11789,1.11793,1.11758,1.11778,0,SELL
2019-05-17 03:00:00,1.1178,1.11796,1.11764,1.11774,0,SELL
2019-05-17 04:00:00,1.11776,1.11792,1.11762,1.11792,0,SELL
2019-05-17 05:00:00,1.11795,1.118,1.11706,1.11732,0,SELL
2019-05-17 06:00:00,1.11732,1.11829,1.11717,1.11808,0,SELL
2019-05-17 07:00:00,1.11806,1.11843,1.11747,1.1177,0,SELL
2019-05-17 08:00:00,1.11772,1.11786,1.11688,1.11741,0,SELL
2019-05-17 09:00:00,1.11739,1.11768,1.11584,1.11635,0,SELL
2019-05-17 10:00:00,1.11638,1.11722,1.11634,1.11676,0,SELL
2019-05-17 11:00:00,1.11674,1.11688,1.11588,1.11669,0,SELL
2019-05-17 12:00:00,1.11672,1.11792,1.11662,1.11764,0,SELL
2019-05-17 13:00:00,1.11762,1.11775,1.11718,1.1175,0,SELL
2019-05-17 14:00:00,1.11748,1.11748,1.11554,1.116,0,SELL
2019-05-17 15:00:00,1.11598,1.11666,1.1158,1.11648,0,SELL
2019-05-17 16:00:00,1.1165,1.11692,1.1164,1.11644,0,SELL
2019-05-17 17:00:00,1.11642,1.11671,1.11612,1.11648,0,SELL
2019-05-17 18:00:00,1.11646,1.11646,1.11593,1.11593,0,SELL
2019-05-17 19:00:00,1.11596,1.1167,1.11594,1.11606,0,SELL
2019-05-17 20:00:00,1.11604,1.1161,1.11553,1.11574,0,SELL
2019-05-19 21:00:00,1.1161,1.11669,1.11606,1.11617,0,SELL
2019-05-19 22:00:00,1.11614,1.11668,1.11607,1.11632,0,SELL
2019-05-19 23:00:00,1.11629,1.1165,1.11623,1.11647,0,SELL
2019-05-20 00:00:00,1.1165,1.11653,1.11596,1.11642,0,SELL
2019-05-20 01:00:00,1.1164,1.11676,1.11611,1.11622,0,SELL
2019-05-20 02:00:00,1.1162,1.11626,1.11574,1.11586,0,SELL
2019-05-20 03:00:00,1.11588,1.11588,1.11532,1.1154,0,SELL
2019-05-20 04:00:00,1.11542,1.11555,1.11532,1.11538,0,SELL
2019-05-20 05:00:00,1.11536,1.11538,1.11509,1.11531,0,SELL
2019-05-20 06:00:00,1.11529,1.11564,1.11508,1.11548,0,SELL
2019-05-20 07:00:00,1.11546,1.11633,1.11544,1.11628,0,SELL
2019-05-20 08:00:00,1.11631,1.11662,1.11539,1.11552,0,SELL
2019-05-20 09:00:00,1.11549,1.1165,1.11547,1.11578,0,SELL
2019-05-20 10:00:00,1.11581,1.11602,1.11532,1.11544,0,SELL
2019-05-20 11:00:00,1.11546,1.11628,1.11535,1.116,0,SELL
2019-05-20 12:00:00,1.11604,1.11674,1.11602,1.11639,0,SELL
2019-05-20 13:00:00,1.11637,1.11692,1.11564,1.1166,0,SELL
2019-05-20 14:00:00,1.11662,1.11687,1.11631,1.11655,0,SELL
2019-05-20 15:00:00,1.11658,1.11748,1.11642,1.11695,0,SELL
2019-05-20 16:00:00,1.11698,1.11701,1.11644,1.11682,0,SELL
2019-05-20 17:00:00,1.11685,1.11704,1.11658,1.11674,0,SELL
2019-05-20 18:00:00,1.11671,1.11693,1.11652,1.11676,0,SELL
2019-05-20 19:00:00,1.11674,1.11682,1.11653,1.11653,0,SELL
2019-05-20 20:00:00,1.11651,1.11666,1.11648,1.11659,0,SELL
2019-05-20 21:00:00,1.11664,1.11696,1.11654,1.11677,0,SELL
2019-05-20 22:00:00,1.1168,1.11698,1.1168,1.11684,0,SELL
2019-05-20 23:00:00,1.11686,1.11722,1.11674,1.11674,0,SELL
2019-05-21 00:00:00,1.11672,1.11676,1.11647,1.1165,0,SELL
2019-05-21 01:00:00,1.11648,1.11666,1.1163,1.11666,0,SELL
2019-05-21 02:00:00,1.11664,1.11672,1.11636,1.11646,0,SELL
2019-05-21 03:00:00,1.11648,1.11666,1.1163,1.11632,0,SELL
2019-05-21 04:00:00,1.11634,1.11634,1.11601,1.11603,0,SELL
2019-05-21 05:00:00,1.116,1.116,1.1152,1.11524,0,SELL
2019-05-21 06:00:00,1.11527,1.11544,1.11442,1.11492,0,SELL
2019-05-21 07:00:00,1.11489,1.11578,1.11468,1.11557,0,SELL
2019-05-21 08:00:00,1.11559,1.11559,1.1142,1.11474,0,SELL
2019-05-21 09:00:00,1.11472,1.11585,1.11471,1.11508,0,SELL
2019-05-21 10:00:00,1.11506,1.11558,1.11442,1.1146,0,SELL
2019-05-21 11:00:00,1.11457,1.11487,1.11444,1.11463,0,SELL
2019-05-21 12:00:00,1.11465,1.11613,1.11463,1.11576,0,SELL
2019-05-21 13:00:00,1.11573,1.11588,1.11492,1.11504,0,SELL
2019-05-21 14:00:00,1.11506,1.1188,1.11495,1.118,0,SELL
2019-05-21 15:00:00,1.11802,1.1184,1.11576,1.11585,0,SELL
2019-05-21 16:00:00,1.11582,1.11628,1.1158,1.116,0,SELL
2019-05-21 17:00:00,1.11603,1.11628,1.11586,1.11602,0,SELL
2019-05-21 18:00:00,1.11598,1.11604,1.1154,1.11579,0,SELL
2019-05-21 19:00:00,1.11577,1.11619,1.11574,1.11612,0,SELL
2019-05-21 20:00:00,1.11614,1.11655,1.116,1.11613,0,SELL
2019-05-21 21:00:00,1.11606,1.11646,1.11588,1.11626,0,SELL
2019-05-21 22:00:00,1.11628,1.11648,1.11628,1.11636,0,SELL
2019-05-21 23:00:00,1.11639,1.11657,1.11634,1.11644,0,SELL
2019-05-22 00:00:00,1.11642,1.1166,1.11608,1.1161,0,SELL
2019-05-22 01:00:00,1.11613,1.11654,1.11613,1.11648,0,SELL
2019-05-22 02:00:00,1.11646,1.11656,1.11598,1.11606,0,SELL
2019-05-22 03:00:00,1.11602,1.11631,1.11602,1.1162,0,SELL
2019-05-22 04:00:00,1.11618,1.11618,1.11535,1.11556,0,SELL
2019-05-22 05:00:00,1.11554,1.11568,1.11524,1.11524,0,SELL
2019-05-22 06:00:00,1.11522,1.11582,1.11506,1.11532,0,SELL
2019-05-22 07:00:00,1.11529,1.11558,1.11488,1.11523,0,SELL
2019-05-22 08:00:00,1.1152,1.11639,1.11502,1.11596,0,SELL
2019-05-22 09:00:00,1.11594,1.11727,1.11581,1.11678,0,SELL
2019-05-22 10:00:00,1.11675,1.11736,1.11672,1.1169,0,SELL
2019-05-22 11:00:00,1.11692,1.11702,1.11646,1.11665,0,SELL
2019-05-22 12:00:00,1.11662,1.11802,1.1165,1.11671,0,SELL
2019-05-22 13:00:00,1.11673,1.1169,1.11577,1.11628,0,SELL
2019-05-22 14:00:00,1.11626,1.11682,1.11526,1.11539,0,SELL
2019-05-22 15:00:00,1.11536,1.11606,1.11512,1.11566,0,SELL
2019-05-22 16:00:00,1.11569,1.11599,1.11536,1.11571,0,SELL
2019-05-22 17:00:00,1.11573,1.11631,1.11549,1.11612,0,SELL
2019-05-22 18:00:00,1.11609,1.11636,1.11569,1.11596,0,SELL
2019-05-22 19:00:00,1.11598,1.11598,1.1153,1.11535,0,SELL
2019-05-22 20:00:00,1.11537,1.11548,1.11502,1.11507,0,SELL
2019-05-22 21:00:00,1.11507,1.11536,1.11506,1.11526,0,SELL
2019-05-22 22:00:00,1.11528,1.11574,1.11526,1.11566,0,SELL
2019-05-22 23:00:00,1.11564,1.11571,1.11547,1.11552,0,SELL
2019-05-23 00:00:00,1.11554,1.11554,1.11519,1.11527,0,SELL
2019-05-23 01:00:00,1.1153,1.1154,1.11484,1.1152,0,SELL
2019-05-23 02:00:00,1.11518,1.1153,1.11482,1.11518,0,SELL
2019-05-23 03:00:00,1.11516,1.11526,1.11487,1.11504,0,SELL
2019-05-23 04:00:00,1.11502,1.11502,1.11484,1.11491,0,SELL
2019-05-23 05:00:00,1.11488,1.11503,1.11468,1.11498,0,SELL
2019-05-23 06:00:00,1.11498,1.11522,1.11393,1.11423,0,SELL
2019-05-23 07:00:00,1.11426,1.1148,1.11332,1.1141,0,SELL
2019-05-23 08:00:00,1.11406,1.11456,1.11304,1.11398,0,SELL
2019-05-23 09:00:00,1.11395,1.11395,1.11294,1.1135,0,SELL
2019-05-23 10:00:00,1.11352,1.1138,1.11322,1.11355,0,SELL
2019-05-23 11:00:00,1.11358,1.11392,1.11322,1.11388,0,SELL
2019-05-23 12:00:00,1.1139,1.1144,1.11347,1.11358,0,SELL
2019-05-23 13:00:00,1.11356,1.1137,1.11072,1.11331,0,SELL
2019-05-23 14:00:00,1.11334,1.11567,1.11332,1.1149,0,SELL
2019-05-23 15:00:00,1.11487,1.11726,1.11478,1.11712,0,SELL
2019-05-23 16:00:00,1.11714,1.11836,1.11695,1.11822,0,SELL
2019-05-23 17:00:00,1.11824,1.11876,1.1176,1.11778,1,BUY
2019-05-23 18:00:00,1.11774,1.11854,1.11768,1.11827,1,BUY
2019-05-23 19:00:00,1.11824,1.11834,1.11781,1.11781,1,BUY
2019-05-23 20:00:00,1.11779,1.11832,1.11779,1.11818,1,BUY
2019-05-23 21:00:00,1.11812,1.11844,1.11737,1.11831,1,BUY
2019-05-23 22:00:00,1.11828,1.11836,1.1181,1.11823,1,BUY
2019-05-23 23:00:00,1.11826,1.11854,1.11822,1.11842,1,BUY
2019-05-24 00:00:00,1.11839,1.11839,1.11774,1.11804,1,BUY
2019-05-24 01:00:00,1.11806,1.11832,1.11782,1.11814,1,BUY
2019-05-24 02:00:00,1.11816,1.11834,1.11793,1.11814,1,BUY
2019-05-24 03:00:00,1.11816,1.11828,1.118,1.11812,1,BUY
2019-05-24 04:00:00,1.1181,1.11823,1.11792,1.11809,1,BUY
2019-05-24 05:00:00,1.11811,1.11848,1.11808,1.11832,1,BUY
2019-05-24 06:00:00,1.11832,1.12055,1.11815,1.11958,1,BUY
2019-05-24 07:00:00,1.11956,1.12013,1.11836,1.11886,1,BUY
2019-05-24 08:00:00,1.11882,1.11936,1.1183,1.11848,1,BUY
2019-05-24 09:00:00,1.11845,1.11914,1.11784,1.11902,1,BUY
2019-05-24 10:00:00,1.11905,1.11954,1.11858,1.11858,1,BUY
2019-05-24 11:00:00,1.1186,1.11922,1.1182,1.11826,1,BUY
2019-05-24 12:00:00,1.11828,1.12005,1.11828,1.11957,1,BUY
2019-05-24 13:00:00,1.11954,1.1199,1.11876,1.11964,1,BUY
2019-05-24 14:00:00,1.11966,1.12104,1.11927,1.12046,1,BUY
2019-05-24 15:00:00,1.12048,1.12096,1.11964,1.11971,1,BUY
2019-05-24 16:00:00,1.11973,1.1206,1.11966,1.12053,1,BUY
2019-05-24 17:00:00,1.12056,1.12121,1.12053,1.12104,1,BUY
2019-05-24 18:00:00,1.12102,1.12102,1.1206,1.12094,1,BUY
2019-05-24 19:00:00,1.12091,1.12096,1.12076,1.12088,1,BUY
2019-05-24 20:00:00,1.1209,1.12095,1.12038,1.12038,1,BUY
2019-05-26 21:00:00,1.12099,1.12118,1.12092,1.12104,1,BUY
2019-05-26 22:00:00,1.121,1.12104,1.12085,1.121,1,BUY
2019-05-26 23:00:00,1.12098,1.12115,1.1207,1.1207,1,BUY
2019-05-27 00:00:00,1.12068,1.12072,1.12035,1.12072,1,BUY
2019-05-27 01:00:00,1.12076,1.12122,1.12071,1.12122,1,BUY
2019-05-27 02:00:00,1.1212,1.12141,1.12102,1.12109,1,BUY
2019-05-27 03:00:00,1.12112,1.12152,1.12106,1.1214,1,BUY
2019-05-27 04:00:00,1.12137,1.1214,1.12067,1.12067,1,BUY
2019-05-27 05:00:00,1.1207,1.12113,1.1207,1.12102,1,BUY
2019-05-27 06:00:00,1.12099,1.12106,1.12018,1.12049,1,BUY
2019-05-27 07:00:00,1.12046,1.12046,1.11956,1.11967,1,BUY
2019-05-27 08:00:00,1.11969,1.1198,1.1192,1.11928,1,BUY
2019-05-27 09:00:00,1.11926,1.11984,1.11914,1.1194,1,BUY
2019-05-27 10:00:00,1.11938,1.11951,1.11917,1.11922,1,BUY
2019-05-27 11:00:00,1.11924,1.11978,1.11912,1.11958,0,SELL
2019-05-27 12:00:00,1.1196,1.11985,1.11952,1.11963,0,SELL
2019-05-27 13:00:00,1.11965,1.11996,1.11872,1.11924,0,SELL
2019-05-27 14:00:00,1.11922,1.11936,1.11904,1.11919,0,SELL
2019-05-27 15:00:00,1.11922,1.11953,1.1191,1.11918,0,SELL
2019-05-27 16:00:00,1.1192,1.11926,1.11904,1.11912,0,SELL
2019-05-27 17:00:00,1.1191,1.11916,1.11904,1.11904,0,SELL
2019-05-27 18:00:00,1.11902,1.11906,1.11886,1.11901,0,SELL
2019-05-27 19:00:00,1.11904,1.11925,1.11904,1.11918,0,SELL
2019-05-27 20:00:00,1.1192,1.1194,1.11908,1.11932,0,SELL
2019-05-27 21:00:00,1.11932,1.11949,1.1192,1.1194,0,SELL
2019-05-27 22:00:00,1.11942,1.1195,1.11931,1.11932,0,SELL
2019-05-27 23:00:00,1.11935,1.11936,1.11919,1.11936,1,BUY
2019-05-28 00:00:00,1.11934,1.11963,1.11916,1.11924,1,BUY
2019-05-28 01:00:00,1.11926,1.11944,1.11813,1.11839,0,SELL
2019-05-28 02:00:00,1.11836,1.11855,1.11798,1.11823,0,SELL
2019-05-28 03:00:00,1.11826,1.11841,1.11805,1.11825,0,SELL
2019-05-28 04:00:00,1.11822,1.1183,1.11785,1.11822,0,SELL
2019-05-28 05:00:00,1.1182,1.11867,1.11819,1.1186,0,SELL
2019-05-28 06:00:00,1.1186,1.11873,1.1177,1.11841,0,SELL
2019-05-28 07:00:00,1.11843,1.11873,1.11756,1.11868,0,SELL
2019-05-28 08:00:00,1.11866,1.11946,1.11842,1.11924,0,SELL
2019-05-28 09:00:00,1.11926,1.11984,1.11898,1.11902,0,SELL
2019-05-28 10:00:00,1.11904,1.1191,1.1182,1.11887,0,SELL
2019-05-28 11:00:00,1.11884,1.11936,1.11866,1.11936,0,SELL
2019-05-28 12:00:00,1.11934,1.11944,1.11837,1.1189,0,SELL
2019-05-28 13:00:00,1.11888,1.1195,1.11888,1.11916,1,BUY
2019-05-28 14:00:00,1.11914,1.11948,1.11692,1.11741,0,SELL
2019-05-28 15:00:00,1.11743,1.11817,1.11715,1.11766,0,SELL
2019-05-28 16:00:00,1.11768,1.11777,1.11621,1.11654,0,SELL
2019-05-28 17:00:00,1.11651,1.11712,1.11636,1.1171,0,SELL
2019-05-28 18:00:00,1.11708,1.11722,1.11634,1.11648,0,SELL
2019-05-28 19:00:00,1.11646,1.11667,1.11607,1.11652,0,SELL
2019-05-28 20:00:00,1.11649,1.11682,1.11594,1.11602,0,SELL
2019-05-28 21:00:00,1.11608,1.11662,1.116,1.11657,0,SELL
2019-05-28 22:00:00,1.11654,1.11655,1.11636,1.11655,0,SELL
2019-05-28 23:00:00,1.11652,1.11688,1.11642,1.11684,0,SELL
2019-05-29 00:00:00,1.11681,1.11724,1.11672,1.11694,0,SELL
2019-05-29 01:00:00,1.11692,1.11704,1.11649,1.11666,0,SELL
2019-05-29 02:00:00,1.11664,1.11668,1.11622,1.11645,0,SELL
2019-05-29 03:00:00,1.11647,1.11662,1.11638,1.11652,0,SELL
2019-05-29 04:00:00,1.11654,1.11662,1.11622,1.11645,0,SELL
2019-05-29 05:00:00,1.11647,1.11693,1.1163,1.11666,0,SELL
2019-05-29 06:00:00,1.11666,1.11673,1.11553,1.1157,0,SELL
2019-05-29 07:00:00,1.11567,1.11605,1.11522,1.11536,0,SELL
2019-05-29 08:00:00,1.11534,1.11594,1.11522,1.11548,0,SELL
2019-05-29 09:00:00,1.11546,1.11582,1.11499,1.11563,0,SELL
2019-05-29 10:00:00,1.1156,1.1159,1.11539,1.1157,0,SELL
2019-05-29 11:00:00,1.11568,1.11578,1.11476,1.11515,0,SELL
2019-05-29 12:00:00,1.11517,1.1157,1.11487,1.11497,0,SELL
2019-05-29 13:00:00,1.11499,1.11502,1.11403,1.11444,0,SELL
2019-05-29 14:00:00,1.11446,1.11534,1.11353,1.11424,0,SELL
2019-05-29 15:00:00,1.11426,1.11428,1.11244,1.11352,0,SELL
2019-05-29 16:00:00,1.11355,1.11395,1.11322,1.11336,0,SELL
2019-05-29 17:00:00,1.11339,1.11378,1.11264,1.11378,0,SELL
2019-05-29 18:00:00,1.11375,1.11388,1.11325,1.11332,0,SELL
2019-05-29 19:00:00,1.1133,1.11348,1.1129,1.11321,0,SELL
2019-05-29 20:00:00,1.11324,1.11347,1.11302,1.1131,0,SELL
2019-05-29 21:00:00,1.11322,1.11389,1.1132,1.11358,0,SELL
2019-05-29 22:00:00,1.11354,1.11377,1.11342,1.11374,0,SELL
2019-05-29 23:00:00,1.11371,1.11376,1.11358,1.11368,0,SELL
2019-05-30 00:00:00,1.11366,1.1143,1.11346,1.11397,0,SELL
2019-05-30 01:00:00,1.114,1.11433,1.11397,1.11398,0,SELL
2019-05-30 02:00:00,1.114,1.114,1.11344,1.11386,0,SELL
2019-05-30 03:00:00,1.11384,1.11389,1.1137,1.11383,0,SELL
2019-05-30 04:00:00,1.11381,1.11412,1.11372,1.114,0,SELL
2019-05-30 05:00:00,1.11398,1.114,1.11336,1.11358,0,SELL
2019-05-30 06:00:00,1.11358,1.11368,1.11304,1.1135,0,SELL
2019-05-30 07:00:00,1.11352,1.11356,1.11244,1.11316,0,SELL
2019-05-30 08:00:00,1.11319,1.1138,1.11312,1.11342,0,SELL
2019-05-30 09:00:00,1.11339,1.11433,1.11322,1.11425,0,SELL
2019-05-30 10:00:00,1.11428,1.11432,1.11349,1.11368,0,SELL
2019-05-30 11:00:00,1.11366,1.11402,1.11346,1.1136,0,SELL
2019-05-30 12:00:00,1.11358,1.11415,1.11299,1.11314,0,SELL
2019-05-30 13:00:00,1.11312,1.11332,1.11162,1.11234,0,SELL
2019-05-30 14:00:00,1.11237,1.11293,1.11193,1.11266,0,SELL
2019-05-30 15:00:00,1.1127,1.11402,1.11248,1.11394,0,SELL
2019-05-30 16:00:00,1.11391,1.11391,1.11329,1.11361,0,SELL
2019-05-30 17:00:00,1.11358,1.114,1.11356,1.11374,0,SELL
2019-05-30 18:00:00,1.11371,1.11378,1.11331,1.11346,0,SELL
2019-05-30 19:00:00,1.11344,1.11361,1.11336,1.11348,0,SELL
2019-05-30 20:00:00,1.1135,1.1135,1.11292,1.11292,0,SELL
2019-05-30 21:00:00,1.11292,1.11316,1.11282,1.11294,0,SELL
2019-05-30 22:00:00,1.11291,1.11332,1.11291,1.11332,0,SELL
2019-05-30 23:00:00,1.11334,1.11344,1.11296,1.11296,0,SELL
2019-05-31 00:00:00,1.11298,1.11402,1.11291,1.11344,0,SELL
2019-05-31 01:00:00,1.11347,1.11388,1.11336,1.11376,0,SELL
2019-05-31 02:00:00,1.11373,1.11373,1.11329,1.11344,0,SELL
2019-05-31 03:00:00,1.11347,1.11352,1.11306,1.11306,0,SELL
2019-05-31 04:00:00,1.11309,1.11309,1.11252,1.11282,0,SELL
2019-05-31 05:00:00,1.11284,1.11325,1.11266,1.11294,0,SELL
2019-05-31 06:00:00,1.11292,1.11362,1.11289,1.11346,0,SELL
2019-05-31 07:00:00,1.11343,1.11484,1.11322,1.11428,0,SELL
2019-05-31 08:00:00,1.11431,1.11546,1.11428,1.1148,0,SELL
2019-05-31 09:00:00,1.11478,1.11566,1.11471,1.11499,0,SELL
2019-05-31 10:00:00,1.11497,1.11548,1.11464,1.11464,0,SELL
2019-05-31 11:00:00,1.11462,1.11499,1.11409,1.11432,0,SELL
2019-05-31 12:00:00,1.11434,1.11648,1.11434,1.11561,1,BUY
2019-05-31 13:00:00,1.11558,1.1161,1.11524,1.11588,1,BUY
2019-05-31 14:00:00,1.11586,1.11797,1.11416,1.1142,1,BUY
2019-05-31 15:00:00,1.11418,1.11567,1.1137,1.11488,1,BUY
2019-05-31 16:00:00,1.1149,1.11636,1.11475,1.11617,1,BUY
2019-05-31 17:00:00,1.11614,1.11692,1.11571,1.11668,1,BUY
2019-05-31 18:00:00,1.1167,1.1178,1.11659,1.11728,1,BUY
2019-05-31 19:00:00,1.11726,1.11748,1.11678,1.1173,1,BUY
2019-05-31 20:00:00,1.11728,1.11728,1.11659,1.11688,1,BUY
2019-06-02 21:00:00,1.11664,1.11698,1.11624,1.11684,1,BUY
2019-06-02 22:00:00,1.11686,1.1174,1.11686,1.1172,1,BUY
2019-06-02 23:00:00,1.11717,1.1174,1.11706,1.11738,1,BUY
2019-06-03 00:00:00,1.11736,1.1182,1.11728,1.11792,1,BUY
2019-06-03 01:00:00,1.1179,1.11863,1.11756,1.11847,1,BUY
2019-06-03 02:00:00,1.11844,1.11883,1.11826,1.11882,1,BUY
2019-06-03 03:00:00,1.1188,1.119,1.11839,1.11846,1,BUY
2019-06-03 04:00:00,1.11849,1.1186,1.11766,1.11771,1,BUY
2019-06-03 05:00:00,1.11768,1.11792,1.11742,1.11748,1,BUY
2019-06-03 06:00:00,1.11748,1.11764,1.11603,1.11638,1,BUY
2019-06-03 07:00:00,1.11636,1.11743,1.11618,1.11729,1,BUY
2019-06-03 08:00:00,1.11732,1.11802,1.11663,1.11796,1,BUY
2019-06-03 09:00:00,1.11798,1.11834,1.11696,1.11732,1,BUY
2019-06-03 10:00:00,1.11734,1.11848,1.11734,1.1184,1,BUY
2019-06-03 11:00:00,1.11842,1.11895,1.11781,1.11808,1,BUY
2019-06-03 12:00:00,1.1181,1.12002,1.1181,1.11952,1,BUY
2019-06-03 13:00:00,1.1195,1.12053,1.11852,1.12018,1,BUY
2019-06-03 14:00:00,1.1202,1.1209,1.11964,1.12014,1,BUY
2019-06-03 15:00:00,1.12017,1.12082,1.11993,1.12046,1,BUY
2019-06-03 16:00:00,1.12048,1.12178,1.12036,1.12156,1,BUY
2019-06-03 17:00:00,1.12154,1.12508,1.12152,1.12434,1,BUY
2019-06-03 18:00:00,1.12437,1.12596,1.12388,1.12589,1,BUY
2019-06-03 19:00:00,1.12592,1.1262,1.12456,1.12474,1,BUY
2019-06-03 20:00:00,1.12471,1.12471,1.12405,1.12416,1,BUY
2019-06-03 21:00:00,1.12416,1.12444,1.12413,1.12442,1,BUY
2019-06-03 22:00:00,1.1244,1.12466,1.12438,1.12454,1,BUY
2019-06-03 23:00:00,1.12456,1.12478,1.1244,1.12457,1,BUY
2019-06-04 00:00:00,1.12454,1.12552,1.12447,1.12501,1,BUY
2019-06-04 01:00:00,1.12504,1.12506,1.12443,1.12478,1,BUY
2019-06-04 02:00:00,1.12475,1.1254,1.12457,1.12534,1,BUY
2019-06-04 03:00:00,1.12532,1.12538,1.12518,1.12535,1,BUY
2019-06-04 04:00:00,1.12538,1.12577,1.12454,1.1247,1,BUY
2019-06-04 05:00:00,1.12467,1.12552,1.12458,1.12536,1,BUY
2019-06-04 06:00:00,1.12536,1.12707,1.12475,1.12644,1,BUY
2019-06-04 07:00:00,1.12646,1.12774,1.12612,1.12626,1,BUY
2019-06-04 08:00:00,1.1263,1.12638,1.12432,1.1248,1,BUY
2019-06-04 09:00:00,1.12482,1.12523,1.12406,1.12481,1,BUY
2019-06-04 10:00:00,1.12484,1.12592,1.12431,1.12588,1,BUY
2019-06-04 11:00:00,1.12586,1.12636,1.12525,1.12538,1,BUY
2019-06-04 12:00:00,1.1254,1.12543,1.12316,1.12351,1,BUY
2019-06-04 13:00:00,1.12348,1.12667,1.12265,1.12476,1,BUY
2019-06-04 14:00:00,1.12474,1.12534,1.12287,1.12322,1,BUY
2019-06-04 15:00:00,1.12324,1.12426,1.12314,1.12368,1,BUY
2019-06-04 16:00:00,1.12366,1.12467,1.12324,1.12446,1,BUY
2019-06-04 17:00:00,1.12448,1.12605,1.12427,1.1259,1,BUY
2019-06-04 18:00:00,1.12588,1.12666,1.12545,1.12588,1,BUY
2019-06-04 19:00:00,1.12591,1.12646,1.12552,1.12572,1,BUY
2019-06-04 20:00:00,1.1257,1.12572,1.12517,1.1252,1,BUY
2019-06-04 21:00:00,1.12514,1.12544,1.12511,1.12536,1,BUY
2019-06-04 22:00:00,1.12539,1.1254,1.12508,1.12526,1,BUY
2019-06-04 23:00:00,1.12528,1.12564,1.12521,1.12538,1,BUY
2019-06-05 00:00:00,1.1254,1.12612,1.12532,1.12581,1,BUY
2019-06-05 01:00:00,1.12579,1.12644,1.12564,1.12634,1,BUY
2019-06-05 02:00:00,1.12631,1.12656,1.12612,1.12613,1,BUY
2019-06-05 03:00:00,1.1261,1.12627,1.12591,1.12616,1,BUY
2019-06-05 04:00:00,1.12618,1.12628,1.12593,1.12604,1,BUY
2019-06-05 05:00:00,1.12606,1.12657,1.12604,1.12638,1,BUY
2019-06-05 06:00:00,1.12638,1.12728,1.12578,1.12606,1,BUY
2019-06-05 07:00:00,1.12604,1.12685,1.12572,1.1267,1,BUY
2019-06-05 08:00:00,1.12673,1.12844,1.12646,1.1279,1,BUY
2019-06-05 09:00:00,1.12788,1.12887,1.1277,1.12834,1,BUY
2019-06-05 10:00:00,1.12836,1.1286,1.12571,1.1261,1,BUY
2019-06-05 11:00:00,1.12608,1.1265,1.12524,1.12558,1,BUY
2019-06-05 12:00:00,1.12561,1.13068,1.12532,1.12929,1,BUY
2019-06-05 13:00:00,1.12927,1.12964,1.12701,1.12742,1,BUY
2019-06-05 14:00:00,1.1274,1.1274,1.12567,1.12622,1,BUY
2019-06-05 15:00:00,1.12624,1.12631,1.12405,1.12424,1,BUY
2019-06-05 16:00:00,1.12421,1.12421,1.12312,1.12353,1,BUY
2019-06-05 17:00:00,1.12356,1.12363,1.12313,1.12336,1,BUY
2019-06-05 18:00:00,1.12334,1.1234,1.12198,1.12262,0,SELL
2019-06-05 19:00:00,1.1226,1.12306,1.1221,1.12244,0,SELL
2019-06-05 20:00:00,1.12246,1.12258,1.12202,1.1221,0,SELL
2019-06-05 21:00:00,1.1222,1.12284,1.1222,1.12268,0,SELL
2019-06-05 22:00:00,1.12265,1.12308,1.12255,1.12284,0,SELL
2019-06-05 23:00:00,1.12282,1.12313,1.12282,1.12288,0,SELL
2019-06-06 00:00:00,1.12286,1.12324,1.12266,1.1227,0,SELL
2019-06-06 01:00:00,1.12273,1.12291,1.1224,1.12252,0,SELL
2019-06-06 02:00:00,1.12254,1.12274,1.12242,1.12272,0,SELL
2019-06-06 03:00:00,1.12268,1.12312,1.12266,1.12304,0,SELL
2019-06-06 04:00:00,1.12302,1.12328,1.12298,1.12328,0,SELL
2019-06-06 05:00:00,1.12326,1.12342,1.12303,1.12338,0,SELL
2019-06-06 06:00:00,1.12338,1.12358,1.12229,1.12285,0,SELL
2019-06-06 07:00:00,1.12283,1.12348,1.12228,1.12326,0,SELL
2019-06-06 08:00:00,1.12324,1.12425,1.12322,1.12394,0,SELL
2019-06-06 09:00:00,1.12392,1.12395,1.12324,1.1237,0,SELL
2019-06-06 10:00:00,1.12368,1.12396,1.12312,1.12346,0,SELL
2019-06-06 11:00:00,1.12344,1.12724,1.12018,1.12644,1,BUY
2019-06-06 12:00:00,1.12646,1.1309,1.12598,1.12862,1,BUY
2019-06-06 13:00:00,1.12865,1.12962,1.12444,1.1255,1,BUY
2019-06-06 14:00:00,1.12547,1.12834,1.12547,1.12807,1,BUY
2019-06-06 15:00:00,1.1281,1.13,1.128,1.1294,1,BUY
2019-06-06 16:00:00,1.12938,1.13002,1.12826,1.12935,1,BUY
2019-06-06 17:00:00,1.12938,1.12947,1.12868,1.12876,1,BUY
2019-06-06 18:00:00,1.12878,1.12888,1.12675,1.12732,1,BUY
2019-06-06 19:00:00,1.1273,1.1282,1.12728,1.12746,1,BUY
2019-06-06 20:00:00,1.12749,1.12757,1.12684,1.12754,1,BUY
2019-06-06 21:00:00,1.1278,1.128,1.12736,1.12772,1,BUY
2019-06-06 22:00:00,1.1277,1.12794,1.12764,1.12774,1,BUY
2019-06-06 23:00:00,1.12772,1.12791,1.12756,1.12758,1,BUY
2019-06-07 00:00:00,1.12756,1.12764,1.12724,1.12748,1,BUY
2019-06-07 01:00:00,1.12746,1.12754,1.1271,1.1275,1,BUY
2019-06-07 02:00:00,1.12747,1.1275,1.1268,1.12686,1,BUY
2019-06-07 03:00:00,1.12688,1.127,1.12662,1.1267,1,BUY
2019-06-07 04:00:00,1.12672,1.12684,1.12666,1.12671,1,BUY
2019-06-07 05:00:00,1.12668,1.12674,1.12638,1.12644,1,BUY
2019-06-07 06:00:00,1.12644,1.12668,1.12566,1.12624,1,BUY
2019-06-07 07:00:00,1.12622,1.12702,1.12598,1.12628,1,BUY
2019-06-07 08:00:00,1.12625,1.12683,1.12576,1.12652,1,BUY
2019-06-07 09:00:00,1.1265,1.12688,1.12568,1.12568,0,SELL
2019-06-07 10:00:00,1.12566,1.1266,1.12514,1.12629,0,SELL
2019-06-07 11:00:00,1.12627,1.12714,1.12622,1.12708,0,SELL
2019-06-07 12:00:00,1.1271,1.13268,1.12697,1.1317,1,BUY
2019-06-07 13:00:00,1.13172,1.13261,1.13078,1.13192,1,BUY
2019-06-07 14:00:00,1.13194,1.13478,1.13162,1.13375,1,BUY
2019-06-07 15:00:00,1.13378,1.13458,1.13234,1.13242,1,BUY
2019-06-07 16:00:00,1.1324,1.13422,1.13237,1.13398,1,BUY
2019-06-07 17:00:00,1.134,1.13436,1.1334,1.13433,1,BUY
2019-06-07 18:00:00,1.13435,1.1344,1.13311,1.13393,1,BUY
2019-06-07 19:00:00,1.13395,1.13395,1.13268,1.13334,1,BUY
2019-06-07 20:00:00,1.13332,1.1337,1.13302,1.13333,1,BUY
2019-06-09 21:00:00,1.13213,1.13282,1.132,1.13282,1,BUY
2019-06-09 22:00:00,1.13286,1.13311,1.13172,1.13172,1,BUY
2019-06-09 23:00:00,1.13174,1.13213,1.13146,1.13192,1,BUY
2019-06-10 00:00:00,1.1319,1.13244,1.13163,1.13163,1,BUY
2019-06-10 01:00:00,1.13165,1.13168,1.1311,1.13156,1,BUY
2019-06-10 02:00:00,1.13153,1.13156,1.1311,1.13132,1,BUY
2019-06-10 03:00:00,1.13134,1.13148,1.13106,1.1311,1,BUY
2019-06-10 04:00:00,1.13112,1.13123,1.13066,1.1308,1,BUY
2019-06-10 05:00:00,1.13082,1.13088,1.13026,1.13045,1,BUY
2019-06-10 06:00:00,1.13045,1.13128,1.13036,1.13113,1,BUY
2019-06-10 07:00:00,1.1311,1.1311,1.12901,1.12932,1,BUY
2019-06-10 08:00:00,1.12934,1.13017,1.1292,1.12966,1,BUY
2019-06-10 09:00:00,1.12964,1.13068,1.12956,1.13065,1,BUY
2019-06-10 10:00:00,1.13063,1.13096,1.13047,1.1308,1,BUY
2019-06-10 11:00:00,1.13078,1.13106,1.12974,1.12978,1,BUY
2019-06-10 12:00:00,1.1298,1.13114,1.1298,1.13086,1,BUY
2019-06-10 13:00:00,1.13088,1.13198,1.12998,1.13008,1,BUY
2019-06-10 14:00:00,1.1301,1.13173,1.12908,1.1316,1,BUY
2019-06-10 15:00:00,1.13162,1.13198,1.13092,1.131,1,BUY
2019-06-10 16:00:00,1.13102,1.13176,1.13086,1.13163,1,BUY
2019-06-10 17:00:00,1.1316,1.1318,1.13096,1.1314,1,BUY
2019-06-10 18:00:00,1.13142,1.13244,1.13128,1.13153,1,BUY
2019-06-10 19:00:00,1.13156,1.13192,1.13137,1.13178,1,BUY
2019-06-10 20:00:00,1.13176,1.13185,1.13102,1.13116,1,BUY
2019-06-10 21:00:00,1.13119,1.13143,1.131,1.13133,1,BUY
2019-06-10 22:00:00,1.1313,1.1315,1.13128,1.13148,1,BUY
2019-06-10 23:00:00,1.1315,1.13184,1.13148,1.13182,1,BUY
2019-06-11 00:00:00,1.13184,1.13184,1.13091,1.13148,1,BUY
2019-06-11 01:00:00,1.13151,1.13189,1.13085,1.1311,1,BUY
2019-06-11 02:00:00,1.13106,1.13159,1.13076,1.13158,1,BUY
2019-06-11 03:00:00,1.1316,1.13163,1.1313,1.1314,1,BUY
2019-06-11 04:00:00,1.13143,1.13184,1.1312,1.13176,1,BUY
2019-06-11 05:00:00,1.13174,1.13194,1.13143,1.13192,1,BUY
2019-06-11 06:00:00,1.13192,1.13224,1.13134,1.1315,1,BUY
2019-06-11 07:00:00,1.13152,1.13318,1.13146,1.1321,1,BUY
2019-06-11 08:00:00,1.13207,1.1325,1.13118,1.13128,1,BUY
2019-06-11 09:00:00,1.1313,1.13202,1.13128,1.13187,1,BUY
2019-06-11 10:00:00,1.1319,1.1325,1.13134,1.13142,1,BUY
2019-06-11 11:00:00,1.13144,1.13211,1.13038,1.13102,1,BUY
2019-06-11 12:00:00,1.13099,1.13268,1.13013,1.13186,1,BUY
2019-06-11 13:00:00,1.13188,1.13256,1.13127,1.13151,1,BUY
2019-06-11 14:00:00,1.13153,1.1325,1.1311,1.13146,1,BUY
2019-06-11 15:00:00,1.13144,1.1318,1.1309,1.13153,1,BUY
2019-06-11 16:00:00,1.13156,1.13314,1.13142,1.13295,1,BUY
2019-06-11 17:00:00,1.13298,1.13372,1.13259,1.13328,1,BUY
2019-06-11 18:00:00,1.13324,1.13376,1.13312,1.13322,1,BUY
2019-06-11 19:00:00,1.13324,1.13329,1.13264,1.13282,1,BUY
2019-06-11 20:00:00,1.13285,1.13298,1.13248,1.1326,1,BUY
2019-06-11 21:00:00,1.1327,1.13292,1.13265,1.13278,1,BUY
2019-06-11 22:00:00,1.13276,1.13292,1.13268,1.1328,1,BUY
2019-06-11 23:00:00,1.13282,1.133,1.13264,1.13296,1,BUY
2019-06-12 00:00:00,1.13293,1.13321,1.1327,1.13293,1,BUY
2019-06-12 01:00:00,1.13296,1.13341,1.13272,1.1329,1,BUY
2019-06-12 02:00:00,1.13288,1.133,1.13262,1.1328,1,BUY
2019-06-12 03:00:00,1.13283,1.13341,1.13283,1.13336,1,BUY
2019-06-12 04:00:00,1.13334,1.13344,1.13311,1.13341,1,BUY
2019-06-12 05:00:00,1.13339,1.13376,1.1331,1.13374,1,BUY
2019-06-12 06:00:00,1.13374,1.13407,1.13326,1.13343,1,BUY
2019-06-12 07:00:00,1.13341,1.13402,1.13294,1.13398,1,BUY
2019-06-12 08:00:00,1.13395,1.13434,1.13324,1.1334,1,BUY
2019-06-12 09:00:00,1.13344,1.13356,1.13244,1.13291,1,BUY
2019-06-12 10:00:00,1.13293,1.13314,1.13122,1.13202,1,BUY
2019-06-12 11:00:00,1.13199,1.13256,1.13151,1.13217,1,BUY
2019-06-12 12:00:00,1.13219,1.13407,1.13143,1.13198,1,BUY
2019-06-12 13:00:00,1.13196,1.13199,1.13074,1.13154,0,SELL
2019-06-12 14:00:00,1.13151,1.1326,1.13132,1.13208,0,SELL
2019-06-12 15:00:00,1.13205,1.1325,1.13086,1.13103,0,SELL
2019-06-12 16:00:00,1.13101,1.13155,1.12893,1.12973,0,SELL
2019-06-12 17:00:00,1.1297,1.12984,1.12913,1.12942,0,SELL
2019-06-12 18:00:00,1.1294,1.12962,1.12825,1.12858,0,SELL
2019-06-12 19:00:00,1.1286,1.12893,1.12842,1.12876,0,SELL
2019-06-12 20:00:00,1.12874,1.12893,1.12854,1.12874,0,SELL
2019-06-12 21:00:00,1.12878,1.12921,1.12877,1.12916,0,SELL
2019-06-12 22:00:00,1.12914,1.12938,1.12914,1.12928,0,SELL
2019-06-12 23:00:00,1.12926,1.12944,1.12923,1.12926,0,SELL
2019-06-13 00:00:00,1.12924,1.12956,1.12906,1.12907,0,SELL
2019-06-13 01:00:00,1.12909,1.12982,1.12882,1.12957,0,SELL
2019-06-13 02:00:00,1.12954,1.12972,1.12934,1.12942,0,SELL
2019-06-13 03:00:00,1.1294,1.1296,1.12914,1.12934,0,SELL
2019-06-13 04:00:00,1.1293,1.1298,1.12914,1.1298,0,SELL
2019-06-13 05:00:00,1.12978,1.13005,1.12962,1.1299,0,SELL
2019-06-13 06:00:00,1.1299,1.13036,1.12864,1.12948,0,SELL
2019-06-13 07:00:00,1.12951,1.13018,1.12924,1.12952,0,SELL
2019-06-13 08:00:00,1.12949,1.13003,1.12918,1.12918,0,SELL
2019-06-13 09:00:00,1.1292,1.12958,1.12872,1.12888,0,SELL
2019-06-13 10:00:00,1.12891,1.1293,1.12842,1.12873,0,SELL
2019-06-13 11:00:00,1.1287,1.12968,1.12852,1.12968,0,SELL
2019-06-13 12:00:00,1.12966,1.12966,1.12737,1.12784,0,SELL
2019-06-13 13:00:00,1.12787,1.12842,1.12716,1.12726,0,SELL
2019-06-13 14:00:00,1.12723,1.12812,1.12686,1.12717,0,SELL
2019-06-13 15:00:00,1.12714,1.12776,1.12705,1.12744,0,SELL
2019-06-13 16:00:00,1.12747,1.12796,1.12734,1.12762,0,SELL
2019-06-13 17:00:00,1.12764,1.12842,1.12752,1.12796,0,SELL
2019-06-13 18:00:00,1.12798,1.1285,1.12764,1.12788,0,SELL
2019-06-13 19:00:00,1.12791,1.12819,1.12732,1.12746,0,SELL
2019-06-13 20:00:00,1.12744,1.12769,1.12732,1.12764,0,SELL
2019-06-13 21:00:00,1.12772,1.12788,1.12758,1.1277,0,SELL
2019-06-13 22:00:00,1.12768,1.1281,1.12763,1.12782,0,SELL
2019-06-13 23:00:00,1.12779,1.12807,1.12776,1.12796,0,SELL
2019-06-14 00:00:00,1.12793,1.12824,1.12786,1.12788,0,SELL
2019-06-14 01:00:00,1.12786,1.12792,1.12736,1.12758,0,SELL
2019-06-14 02:00:00,1.12754,1.12806,1.12746,1.12748,0,SELL
2019-06-14 03:00:00,1.1275,1.12771,1.12703,1.1272,0,SELL
2019-06-14 04:00:00,1.12718,1.12741,1.12708,1.12728,0,SELL
2019-06-14 05:00:00,1.12726,1.1274,1.12697,1.12713,0,SELL
2019-06-14 06:00:00,1.12713,1.12822,1.12706,1.12819,0,SELL
2019-06-14 07:00:00,1.12817,1.12874,1.12746,1.12842,0,SELL
2019-06-14 08:00:00,1.12844,1.12892,1.12778,1.12798,0,SELL
2019-06-14 09:00:00,1.12796,1.12796,1.12602,1.12704,0,SELL
2019-06-14 10:00:00,1.12701,1.12724,1.12618,1.12642,0,SELL
2019-06-14 11:00:00,1.1264,1.12656,1.12518,1.12589,0,SELL
2019-06-14 12:00:00,1.12592,1.12682,1.12313,1.12314,0,SELL
2019-06-14 13:00:00,1.12316,1.12436,1.12316,1.1242,0,SELL
2019-06-14 14:00:00,1.12422,1.12459,1.12222,1.12254,0,SELL
2019-06-14 15:00:00,1.12252,1.12278,1.12136,1.12168,0,SELL
2019-06-14 16:00:00,1.12171,1.12176,1.12062,1.12085,0,SELL
2019-06-14 17:00:00,1.12087,1.12119,1.12025,1.121,0,SELL
2019-06-14 18:00:00,1.12102,1.1214,1.12068,1.12068,0,SELL
2019-06-14 19:00:00,1.12071,1.12134,1.12071,1.12074,0,SELL
2019-06-14 20:00:00,1.12071,1.12126,1.12056,1.12096,0,SELL
2019-06-16 21:00:00,1.12108,1.12132,1.12098,1.12108,0,SELL
2019-06-16 22:00:00,1.12112,1.12157,1.12108,1.12147,0,SELL
2019-06-16 23:00:00,1.12149,1.12173,1.12142,1.12158,0,SELL
2019-06-17 00:00:00,1.1216,1.12217,1.12158,1.12192,0,SELL
2019-06-17 01:00:00,1.1219,1.12236,1.12174,1.12236,0,SELL
2019-06-17 02:00:00,1.1224,1.1224,1.12198,1.12198,0,SELL
2019-06-17 03:00:00,1.122,1.1221,1.12192,1.12203,0,SELL
2019-06-17 04:00:00,1.12206,1.12206,1.12137,1.12167,0,SELL
2019-06-17 05:00:00,1.12164,1.12176,1.12138,1.12164,0,SELL
2019-06-17 06:00:00,1.12164,1.12167,1.12049,1.12099,0,SELL
2019-06-17 07:00:00,1.12102,1.12135,1.12039,1.1213,0,SELL
2019-06-17 08:00:00,1.12132,1.12186,1.12132,1.12141,0,SELL
2019-06-17 09:00:00,1.12139,1.12172,1.12108,1.12118,0,SELL
2019-06-17 10:00:00,1.12116,1.12198,1.12108,1.12196,0,SELL
2019-06-17 11:00:00,1.12198,1.12308,1.12156,1.12295,0,SELL
2019-06-17 12:00:00,1.12297,1.1247,1.12297,1.12368,0,SELL
2019-06-17 13:00:00,1.12366,1.1242,1.12349,1.12386,0,SELL
2019-06-17 14:00:00,1.12388,1.12438,1.12208,1.12238,0,SELL
2019-06-17 15:00:00,1.12235,1.12359,1.12224,1.12344,0,SELL
2019-06-17 16:00:00,1.12346,1.1238,1.12264,1.12264,0,SELL
2019-06-17 17:00:00,1.12266,1.12281,1.12186,1.1219,0,SELL
2019-06-17 18:00:00,1.12193,1.12216,1.1214,1.12172,0,SELL
2019-06-17 19:00:00,1.12169,1.12197,1.1215,1.12164,0,SELL
2019-06-17 20:00:00,1.12161,1.12196,1.12154,1.1218,0,SELL
2019-06-17 21:00:00,1.12186,1.12216,1.12186,1.12214,0,SELL
2019-06-17 22:00:00,1.12216,1.12235,1.12207,1.12214,0,SELL
2019-06-17 23:00:00,1.12216,1.12249,1.1221,1.12244,0,SELL
2019-06-18 00:00:00,1.12242,1.12262,1.1222,1.12252,0,SELL
2019-06-18 01:00:00,1.12254,1.12309,1.12249,1.12308,0,SELL
2019-06-18 02:00:00,1.12306,1.12342,1.12305,1.1232,0,SELL
2019-06-18 03:00:00,1.12318,1.1233,1.12303,1.12303,0,SELL
2019-06-18 04:00:00,1.12301,1.12336,1.12298,1.12334,0,SELL
2019-06-18 05:00:00,1.12331,1.12395,1.12322,1.12366,0,SELL
2019-06-18 06:00:00,1.12364,1.12382,1.12306,1.12364,0,SELL
2019-06-18 07:00:00,1.12362,1.12428,1.1236,1.12376,0,SELL
2019-06-18 08:00:00,1.12378,1.12378,1.11883,1.11905,0,SELL
2019-06-18 09:00:00,1.11903,1.11908,1.11816,1.11852,0,SELL
2019-06-18 10:00:00,1.11849,1.12102,1.11831,1.12026,0,SELL
2019-06-18 11:00:00,1.1203,1.12044,1.11866,1.1196,0,SELL
2019-06-18 12:00:00,1.11957,1.1208,1.11852,1.11986,0,SELL
2019-06-18 13:00:00,1.11988,1.12058,1.11956,1.11988,0,SELL
2019-06-18 14:00:00,1.11984,1.11984,1.11822,1.11863,0,SELL
2019-06-18 15:00:00,1.11861,1.12129,1.1183,1.11958,0,SELL
2019-06-18 16:00:00,1.1196,1.12012,1.11943,1.12012,0,SELL
2019-06-18 17:00:00,1.12014,1.12044,1.11906,1.11948,0,SELL
2019-06-18 18:00:00,1.11952,1.11968,1.11934,1.11942,0,SELL
2019-06-18 19:00:00,1.11944,1.11986,1.1193,1.11944,0,SELL
2019-06-18 20:00:00,1.11942,1.11992,1.11936,1.11942,0,SELL
2019-06-18 21:00:00,1.11936,1.1197,1.11936,1.11946,0,SELL
2019-06-18 22:00:00,1.11944,1.11962,1.11944,1.11952,0,SELL
2019-06-18 23:00:00,1.11954,1.11979,1.11952,1.11979,0,SELL
2019-06-19 00:00:00,1.11982,1.12023,1.11967,1.12005,0,SELL
2019-06-19 01:00:00,1.12003,1.1201,1.11934,1.11954,0,SELL
2019-06-19 02:00:00,1.11957,1.11969,1.11918,1.1193,0,SELL
2019-06-19 03:00:00,1.11932,1.11937,1.11909,1.11934,0,SELL
2019-06-19 04:00:00,1.11937,1.11942,1.11873,1.11883,0,SELL
2019-06-19 05:00:00,1.11885,1.11939,1.11878,1.11924,0,SELL
2019-06-19 06:00:00,1.11926,1.11966,1.11914,1.11959,0,SELL
2019-06-19 07:00:00,1.11962,1.12008,1.11893,1.12005,0,SELL
2019-06-19 08:00:00,1.12003,1.1206,1.11976,1.12003,0,SELL
2019-06-19 09:00:00,1.12,1.12063,1.11974,1.1203,0,SELL
2019-06-19 10:00:00,1.12028,1.12074,1.1201,1.1207,0,SELL
2019-06-19 11:00:00,1.12072,1.1208,1.12025,1.12033,0,SELL
2019-06-19 12:00:00,1.1203,1.12072,1.1201,1.12052,0,SELL
2019-06-19 13:00:00,1.1205,1.12083,1.12024,1.12042,0,SELL
2019-06-19 14:00:00,1.12044,1.12168,1.12012,1.12164,0,SELL
2019-06-19 15:00:00,1.12162,1.12202,1.12134,1.12134,0,SELL
2019-06-19 16:00:00,1.12132,1.12158,1.12049,1.12152,0,SELL
2019-06-19 17:00:00,1.12155,1.12222,1.1213,1.12192,0,SELL
2019-06-19 18:00:00,1.12183,1.1254,1.12183,1.12464,1,BUY
2019-06-19 19:00:00,1.12462,1.12475,1.12203,1.12288,1,BUY
2019-06-19 20:00:00,1.12286,1.12316,1.12259,1.12262,1,BUY
2019-06-19 21:00:00,1.12264,1.12307,1.12264,1.12294,1,BUY
2019-06-19 22:00:00,1.12297,1.12361,1.12295,1.12358,1,BUY
2019-06-19 23:00:00,1.12356,1.12382,1.12347,1.12358,1,BUY
2019-06-20 00:00:00,1.12356,1.12581,1.12353,1.12576,1,BUY
2019-06-20 01:00:00,1.12578,1.12662,1.12558,1.12634,1,BUY
2019-06-20 02:00:00,1.12632,1.12692,1.12572,1.12674,1,BUY
2019-06-20 03:00:00,1.12672,1.1273,1.12648,1.12713,1,BUY
2019-06-20 04:00:00,1.1271,1.12724,1.12618,1.12618,1,BUY
2019-06-20 05:00:00,1.12616,1.12693,1.12602,1.12658,1,BUY
2019-06-20 06:00:00,1.1266,1.12842,1.12654,1.12756,1,BUY
2019-06-20 07:00:00,1.12758,1.12982,1.12692,1.12978,1,BUY
2019-06-20 08:00:00,1.12976,1.13014,1.1282,1.12896,1,BUY
2019-06-20 09:00:00,1.12899,1.13054,1.12862,1.13048,1,BUY
2019-06-20 10:00:00,1.13046,1.13062,1.12973,1.1303,1,BUY
2019-06-20 11:00:00,1.13028,1.13155,1.12994,1.13105,1,BUY
2019-06-20 12:00:00,1.13103,1.13174,1.12941,1.13026,1,BUY
2019-06-20 13:00:00,1.13023,1.13053,1.12934,1.12958,1,BUY
2019-06-20 14:00:00,1.12956,1.13076,1.12856,1.12887,1,BUY
2019-06-20 15:00:00,1.1289,1.12939,1.12708,1.12832,1,BUY
2019-06-20 16:00:00,1.1283,1.12978,1.12816,1.12926,1,BUY
2019-06-20 17:00:00,1.12924,1.1297,1.12872,1.12952,1,BUY
2019-06-20 18:00:00,1.12949,1.12976,1.12868,1.1293,1,BUY
2019-06-20 19:00:00,1.12933,1.1298,1.12896,1.12918,1,BUY
2019-06-20 20:00:00,1.12916,1.1293,1.12858,1.12916,1,BUY
2019-06-20 21:00:00,1.12931,1.12954,1.12906,1.12936,1,BUY
2019-06-20 22:00:00,1.12938,1.12951,1.12921,1.12926,1,BUY
2019-06-20 23:00:00,1.12928,1.12956,1.12888,1.12945,1,BUY
2019-06-21 00:00:00,1.12943,1.12987,1.12926,1.12948,1,BUY
2019-06-21 01:00:00,1.12946,1.13068,1.12924,1.13065,1,BUY
2019-06-21 02:00:00,1.13068,1.1309,1.12984,1.12984,1,BUY
2019-06-21 03:00:00,1.12987,1.1304,1.12987,1.1302,1,BUY
2019-06-21 04:00:00,1.13018,1.13036,1.12934,1.12947,1,BUY
2019-06-21 05:00:00,1.12949,1.12996,1.12918,1.1293,1,BUY
2019-06-21 06:00:00,1.1293,1.1293,1.12831,1.12868,1,BUY
2019-06-21 07:00:00,1.12866,1.13159,1.1285,1.13116,1,BUY
2019-06-21 08:00:00,1.13114,1.13116,1.13,1.1303,1,BUY
2019-06-21 09:00:00,1.13032,1.1306,1.12972,1.12996,1,BUY
2019-06-21 10:00:00,1.12994,1.13175,1.12972,1.1308,1,BUY
2019-06-21 11:00:00,1.13082,1.13168,1.1302,1.13168,1,BUY
2019-06-21 12:00:00,1.1317,1.13268,1.13144,1.1325,1,BUY
2019-06-21 13:00:00,1.13248,1.13344,1.13179,1.13261,1,BUY
2019-06-21 14:00:00,1.13264,1.1331,1.1309,1.1321,1,BUY
2019-06-21 15:00:00,1.13212,1.133,1.13165,1.13286,1,BUY
2019-06-21 16:00:00,1.13284,1.13438,1.13186,1.13408,1,BUY
2019-06-21 17:00:00,1.1341,1.13682,1.13397,1.13616,1,BUY
2019-06-21 18:00:00,1.13613,1.13706,1.13566,1.1369,1,BUY
2019-06-21 19:00:00,1.13688,1.13778,1.13648,1.13732,1,BUY
2019-06-21 20:00:00,1.13734,1.13734,1.13671,1.13688,1,BUY
2019-06-23 21:00:00,1.13719,1.13733,1.13672,1.13732,1,BUY
2019-06-23 22:00:00,1.1373,1.13778,1.13713,1.13748,1,BUY
2019-06-23 23:00:00,1.13746,1.13852,1.13714,1.13852,1,BUY
2019-06-24 00:00:00,1.13848,1.13864,1.13796,1.13817,1,BUY
2019-06-24 01:00:00,1.13819,1.13837,1.13769,1.13776,1,BUY
2019-06-24 02:00:00,1.13774,1.13858,1.13758,1.13852,1,BUY
2019-06-24 03:00:00,1.13849,1.13855,1.13806,1.13809,1,BUY
2019-06-24 04:00:00,1.13812,1.13812,1.1375,1.13752,1,BUY
2019-06-24 05:00:00,1.13754,1.13814,1.1375,1.13775,1,BUY
2019-06-24 06:00:00,1.13775,1.13894,1.13764,1.13783,1,BUY
2019-06-24 07:00:00,1.13781,1.13848,1.13726,1.13766,1,BUY
2019-06-24 08:00:00,1.13764,1.13948,1.13734,1.1386,1,BUY
2019-06-24 09:00:00,1.13862,1.13952,1.13842,1.13939,1,BUY
2019-06-24 10:00:00,1.13942,1.13946,1.13882,1.13916,1,BUY
2019-06-24 11:00:00,1.13914,1.13985,1.13914,1.13942,1,BUY
2019-06-24 12:00:00,1.1394,1.13972,1.13858,1.13879,1,BUY
2019-06-24 13:00:00,1.13876,1.13919,1.13803,1.13849,1,BUY
2019-06-24 14:00:00,1.13851,1.13962,1.13793,1.13894,1,BUY
2019-06-24 15:00:00,1.13896,1.14006,1.13855,1.13919,1,BUY
2019-06-24 16:00:00,1.13922,1.13932,1.13858,1.13892,1,BUY
2019-06-24 17:00:00,1.13894,1.13912,1.13846,1.13912,1,BUY
2019-06-24 18:00:00,1.1391,1.14041,1.1391,1.1401,1,BUY
2019-06-24 19:00:00,1.14013,1.14013,1.13944,1.13956,1,BUY
2019-06-24 20:00:00,1.13954,1.1399,1.13954,1.13988,1,BUY
2019-06-24 21:00:00,1.13984,1.13999,1.13962,1.13968,1,BUY
2019-06-24 22:00:00,1.1397,1.13986,1.13954,1.13974,1,BUY
2019-06-24 23:00:00,1.13977,1.14003,1.13964,1.13994,1,BUY
2019-06-25 00:00:00,1.13996,1.14062,1.13967,1.14019,1,BUY
2019-06-25 01:00:00,1.14017,1.14104,1.14017,1.1407,1,BUY
2019-06-25 02:00:00,1.14068,1.1407,1.14018,1.14022,1,BUY
2019-06-25 03:00:00,1.14025,1.14083,1.14012,1.14065,1,BUY
2019-06-25 04:00:00,1.14068,1.14122,1.14059,1.14094,1,BUY
2019-06-25 05:00:00,1.14096,1.14101,1.13926,1.13937,1,BUY
2019-06-25 06:00:00,1.13937,1.14046,1.13932,1.14018,1,BUY
2019-06-25 07:00:00,1.14015,1.1403,1.13857,1.13885,1,BUY
2019-06-25 08:00:00,1.13888,1.13897,1.13813,1.13852,1,BUY
2019-06-25 09:00:00,1.13854,1.13869,1.13777,1.13788,1,BUY
2019-06-25 10:00:00,1.1379,1.13868,1.13788,1.13847,1,BUY
2019-06-25 11:00:00,1.13844,1.13849,1.13766,1.13824,1,BUY
2019-06-25 12:00:00,1.13822,1.13946,1.13822,1.13942,1,BUY
2019-06-25 13:00:00,1.13944,1.13982,1.13876,1.13909,1,BUY
2019-06-25 14:00:00,1.13906,1.13988,1.13788,1.13825,1,BUY
2019-06-25 15:00:00,1.13828,1.13885,1.13801,1.13853,1,BUY
2019-06-25 16:00:00,1.13856,1.13881,1.13604,1.1363,1,BUY
2019-06-25 17:00:00,1.13632,1.139,1.13442,1.13709,1,BUY
2019-06-25 18:00:00,1.13707,1.13779,1.13641,1.13727,0,SELL
2019-06-25 19:00:00,1.13729,1.13758,1.1362,1.13678,0,SELL
2019-06-25 20:00:00,1.13676,1.13724,1.13666,1.13672,0,SELL
2019-06-25 21:00:00,1.13672,1.13687,1.13664,1.13687,0,SELL
2019-06-25 22:00:00,1.1369,1.13704,1.13601,1.13658,0,SELL
2019-06-25 23:00:00,1.1366,1.13703,1.1366,1.1368,0,SELL
2019-06-26 00:00:00,1.13678,1.13723,1.13605,1.13622,0,SELL
2019-06-26 01:00:00,1.13626,1.13626,1.13536,1.13578,0,SELL
2019-06-26 02:00:00,1.13575,1.13602,1.13532,1.13548,0,SELL
2019-06-26 03:00:00,1.13546,1.13572,1.13538,1.13556,0,SELL
2019-06-26 04:00:00,1.13558,1.13574,1.13529,1.1356,0,SELL
2019-06-26 05:00:00,1.13557,1.1363,1.13547,1.1363,0,SELL
2019-06-26 06:00:00,1.1363,1.1365,1.13566,1.1359,0,SELL
2019-06-26 07:00:00,1.13587,1.13743,1.13578,1.13642,0,SELL
2019-06-26 08:00:00,1.1364,1.1369,1.13548,1.13586,0,SELL
2019-06-26 09:00:00,1.13584,1.13662,1.13516,1.13596,0,SELL
2019-06-26 10:00:00,1.13598,1.13686,1.13568,1.13668,0,SELL
2019-06-26 11:00:00,1.1367,1.13678,1.1358,1.13599,0,SELL
2019-06-26 12:00:00,1.13602,1.13683,1.13555,1.13595,0,SELL
2019-06-26 13:00:00,1.13592,1.13633,1.13476,1.13506,0,SELL
2019-06-26 14:00:00,1.13509,1.13826,1.13509,1.13773,0,SELL
2019-06-26 15:00:00,1.1377,1.13914,1.13728,1.13912,0,SELL
2019-06-26 16:00:00,1.13909,1.13909,1.13816,1.1383,1,BUY
2019-06-26 17:00:00,1.13828,1.13834,1.13746,1.13748,1,BUY
2019-06-26 18:00:00,1.13752,1.13761,1.13683,1.13693,1,BUY
2019-06-26 19:00:00,1.13696,1.13736,1.13646,1.13656,1,BUY
2019-06-26 20:00:00,1.13654,1.13697,1.13646,1.13686,1,BUY
2019-06-26 21:00:00,1.1369,1.13766,1.1369,1.13742,1,BUY
2019-06-26 22:00:00,1.1374,1.13749,1.13726,1.13733,1,BUY
2019-06-26 23:00:00,1.13731,1.13748,1.13724,1.13736,0,SELL
2019-06-27 00:00:00,1.13739,1.13744,1.13692,1.13728,0,SELL
2019-06-27 01:00:00,1.13726,1.13742,1.13681,1.13708,0,SELL
2019-06-27 02:00:00,1.13705,1.13705,1.13597,1.1362,0,SELL
2019-06-27 03:00:00,1.13622,1.13636,1.13588,1.13593,0,SELL
2019-06-27 04:00:00,1.13591,1.13591,1.13492,1.1353,0,SELL
2019-06-27 05:00:00,1.13532,1.13555,1.13479,1.13553,0,SELL
2019-06-27 06:00:00,1.13553,1.136,1.13506,1.1358,0,SELL
2019-06-27 07:00:00,1.13582,1.13735,1.13582,1.13678,0,SELL
2019-06-27 08:00:00,1.1368,1.13745,1.13637,1.13718,0,SELL
2019-06-27 09:00:00,1.13716,1.13815,1.13666,1.13752,0,SELL
2019-06-27 10:00:00,1.1375,1.13806,1.13666,1.13786,0,SELL
2019-06-27 11:00:00,1.13784,1.13808,1.13699,1.13752,1,BUY
2019-06-27 12:00:00,1.13756,1.13765,1.13644,1.13666,1,BUY
2019-06-27 13:00:00,1.13668,1.13678,1.13566,1.13588,1,BUY
2019-06-27 14:00:00,1.13585,1.13736,1.13578,1.13692,0,SELL
2019-06-27 15:00:00,1.13694,1.13748,1.13623,1.13712,0,SELL
2019-06-27 16:00:00,1.13714,1.13717,1.1363,1.13664,0,SELL
2019-06-27 17:00:00,1.13662,1.1371,1.13648,1.13675,0,SELL
2019-06-27 18:00:00,1.13672,1.13734,1.13655,1.13734,0,SELL
2019-06-27 19:00:00,1.13736,1.13739,1.13669,1.13686,0,SELL
2019-06-27 20:00:00,1.13684,1.13716,1.13682,1.13694,0,SELL
2019-06-27 21:00:00,1.13688,1.13696,1.13674,1.13686,0,SELL
2019-06-27 22:00:00,1.13684,1.13692,1.13677,1.13682,0,SELL
2019-06-27 23:00:00,1.1368,1.13732,1.13678,1.13712,0,SELL
2019-06-28 00:00:00,1.13714,1.13763,1.13691,1.137,0,SELL
2019-06-28 01:00:00,1.13704,1.13724,1.13659,1.13669,0,SELL
2019-06-28 02:00:00,1.13666,1.13702,1.13658,1.13687,0,SELL
2019-06-28 03:00:00,1.13684,1.13687,1.13648,1.13654,0,SELL
2019-06-28 04:00:00,1.13657,1.1367,1.13626,1.13632,0,SELL
2019-06-28 05:00:00,1.13634,1.13642,1.13608,1.13634,0,SELL
2019-06-28 06:00:00,1.13636,1.13795,1.13636,1.13788,0,SELL
2019-06-28 07:00:00,1.1379,1.13927,1.13783,1.1387,0,SELL
2019-06-28 08:00:00,1.13873,1.13921,1.13832,1.13904,1,BUY
2019-06-28 09:00:00,1.13907,1.13935,1.13841,1.13847,1,BUY
2019-06-28 10:00:00,1.13844,1.13884,1.13813,1.13824,1,BUY
2019-06-28 11:00:00,1.13822,1.13844,1.13678,1.13716,1,BUY
2019-06-28 12:00:00,1.13718,1.13854,1.13715,1.13854,1,BUY
2019-06-28 13:00:00,1.13852,1.13888,1.13772,1.13828,1,BUY
2019-06-28 14:00:00,1.1383,1.13893,1.13759,1.13888,1,BUY
2019-06-28 15:00:00,1.13886,1.13922,1.13717,1.13747,1,BUY
2019-06-28 16:00:00,1.13744,1.13758,1.13508,1.13588,1,BUY
2019-06-28 17:00:00,1.13586,1.1369,1.13557,1.13688,0,SELL
2019-06-28 18:00:00,1.13686,1.13781,1.1366,1.1377,0,SELL
2019-06-28 19:00:00,1.13768,1.13768,1.13698,1.13716,0,SELL
2019-06-28 20:00:00,1.13718,1.13721,1.13668,1.13721,0,SELL
2019-06-30 21:00:00,1.13614,1.13692,1.13593,1.13663,0,SELL
2019-06-30 22:00:00,1.13666,1.13686,1.1363,1.13686,0,SELL
2019-06-30 23:00:00,1.13688,1.13711,1.13601,1.13601,0,SELL
2019-07-01 00:00:00,1.13599,1.13638,1.1354,1.1354,0,SELL
2019-07-01 01:00:00,1.13542,1.13554,1.13482,1.13516,0,SELL
2019-07-01 02:00:00,1.13514,1.13566,1.13512,1.13523,0,SELL
2019-07-01 03:00:00,1.13526,1.13534,1.13497,1.13526,0,SELL
2019-07-01 04:00:00,1.13524,1.13532,1.13484,1.13486,0,SELL
2019-07-01 05:00:00,1.13488,1.1349,1.13217,1.13284,0,SELL
2019-07-01 06:00:00,1.13284,1.13332,1.13242,1.13269,0,SELL
2019-07-01 07:00:00,1.13272,1.13295,1.13167,1.13215,0,SELL
2019-07-01 08:00:00,1.13218,1.13332,1.13203,1.13308,0,SELL
2019-07-01 09:00:00,1.13306,1.1334,1.13208,1.13236,0,SELL
2019-07-01 10:00:00,1.13239,1.13375,1.13239,1.13372,0,SELL
2019-07-01 11:00:00,1.1337,1.13602,1.13354,1.13478,0,SELL
2019-07-01 12:00:00,1.1348,1.13562,1.13429,1.1346,0,SELL
2019-07-01 13:00:00,1.13458,1.13491,1.13339,1.13362,0,SELL
2019-07-01 14:00:00,1.1336,1.13372,1.13212,1.13244,0,SELL
2019-07-01 15:00:00,1.13246,1.13252,1.1304,1.13069,0,SELL
2019-07-01 16:00:00,1.13067,1.13076,1.12924,1.12942,0,SELL
2019-07-01 17:00:00,1.1294,1.12954,1.12812,1.12834,0,SELL
2019-07-01 18:00:00,1.12836,1.12876,1.12822,1.12853,0,SELL
2019-07-01 19:00:00,1.12851,1.12892,1.12851,1.12872,0,SELL
2019-07-01 20:00:00,1.12869,1.12885,1.12832,1.12856,0,SELL
2019-07-01 21:00:00,1.12856,1.12889,1.12856,1.12884,0,SELL
2019-07-01 22:00:00,1.12882,1.12896,1.12804,1.1286,0,SELL
2019-07-01 23:00:00,1.12858,1.12893,1.12858,1.1287,0,SELL
2019-07-02 00:00:00,1.12874,1.12876,1.12836,1.12841,0,SELL
2019-07-02 01:00:00,1.12844,1.12872,1.12828,1.12828,0,SELL
2019-07-02 02:00:00,1.1283,1.1284,1.12752,1.12799,0,SELL
2019-07-02 03:00:00,1.12797,1.12833,1.12797,1.128,0,SELL
2019-07-02 04:00:00,1.12798,1.12899,1.1278,1.12899,0,SELL
2019-07-02 05:00:00,1.12896,1.1292,1.1287,1.1291,0,SELL
2019-07-02 06:00:00,1.1291,1.12955,1.12872,1.12912,0,SELL
2019-07-02 07:00:00,1.12914,1.12994,1.12859,1.12888,0,SELL
2019-07-02 08:00:00,1.12886,1.12952,1.12876,1.12936,0,SELL
2019-07-02 09:00:00,1.12934,1.13214,1.12896,1.13068,0,SELL
2019-07-02 10:00:00,1.1307,1.13112,1.12966,1.1299,0,SELL
2019-07-02 11:00:00,1.12988,1.13028,1.12956,1.12962,0,SELL
2019-07-02 12:00:00,1.12964,1.1302,1.12906,1.1298,0,SELL
2019-07-02 13:00:00,1.12983,1.13032,1.12968,1.12992,0,SELL
2019-07-02 14:00:00,1.1299,1.13017,1.12863,1.12947,0,SELL
2019-07-02 15:00:00,1.12944,1.13044,1.12936,1.13006,0,SELL
2019-07-02 16:00:00,1.13008,1.1312,1.13008,1.13067,0,SELL
2019-07-02 17:00:00,1.13064,1.13068,1.12916,1.13012,0,SELL
2019-07-02 18:00:00,1.1301,1.1301,1.1288,1.12907,0,SELL
2019-07-02 19:00:00,1.1291,1.12969,1.12822,1.12832,0,SELL
2019-07-02 20:00:00,1.12834,1.12886,1.12834,1.1286,0,SELL
2019-07-02 21:00:00,1.1286,1.12918,1.1285,1.12898,0,SELL
2019-07-02 22:00:00,1.12896,1.12918,1.12878,1.12901,0,SELL
2019-07-02 23:00:00,1.12904,1.12922,1.12878,1.12905,0,SELL
2019-07-03 00:00:00,1.12907,1.12944,1.12871,1.12932,0,SELL
2019-07-03 01:00:00,1.12934,1.12952,1.12878,1.12884,0,SELL
2019-07-03 02:00:00,1.12886,1.12921,1.12863,1.12917,0,SELL
2019-07-03 03:00:00,1.1292,1.12934,1.12872,1.12872,0,SELL
2019-07-03 04:00:00,1.12874,1.129,1.12862,1.12884,0,SELL
2019-07-03 05:00:00,1.12882,1.12904,1.1285,1.12897,0,SELL
2019-07-03 06:00:00,1.12897,1.12899,1.12786,1.12844,0,SELL
2019-07-03 07:00:00,1.12841,1.12847,1.12689,1.12774,0,SELL
2019-07-03 08:00:00,1.12776,1.12887,1.12768,1.12885,0,SELL
2019-07-03 09:00:00,1.12882,1.12924,1.12833,1.12887,0,SELL
2019-07-03 10:00:00,1.12885,1.12998,1.12846,1.12976,0,SELL
2019-07-03 11:00:00,1.12974,1.12998,1.12888,1.12911,0,SELL
2019-07-03 12:00:00,1.12914,1.13001,1.12768,1.12827,0,SELL
2019-07-03 13:00:00,1.1283,1.12997,1.12798,1.12908,0,SELL
2019-07-03 14:00:00,1.1291,1.13123,1.12802,1.1281,0,SELL
2019-07-03 15:00:00,1.12812,1.12848,1.12734,1.12746,0,SELL
2019-07-03 16:00:00,1.12748,1.12844,1.12719,1.12812,0,SELL
2019-07-03 17:00:00,1.12814,1.12848,1.1277,1.1279,0,SELL
2019-07-03 18:00:00,1.12788,1.12808,1.12772,1.12783,0,SELL
2019-07-03 19:00:00,1.1278,1.12807,1.1278,1.1278,0,SELL
2019-07-03 20:00:00,1.12783,1.1279,1.12756,1.1277,0,SELL
2019-07-03 21:00:00,1.1278,1.12799,1.12779,1.12799,0,SELL
2019-07-03 22:00:00,1.12802,1.1288,1.12802,1.12874,0,SELL
2019-07-03 23:00:00,1.12871,1.12884,1.12863,1.12874,0,SELL
2019-07-04 00:00:00,1.12872,1.1289,1.12848,1.12868,0,SELL
2019-07-04 01:00:00,1.12866,1.12946,1.12866,1.12944,0,SELL
2019-07-04 02:00:00,1.12942,1.12952,1.12822,1.12836,0,SELL
2019-07-04 03:00:00,1.12839,1.1287,1.1282,1.12824,0,SELL
2019-07-04 04:00:00,1.12826,1.12864,1.12821,1.12858,0,SELL
2019-07-04 05:00:00,1.12861,1.12864,1.12824,1.12839,0,SELL
2019-07-04 06:00:00,1.12839,1.12854,1.12812,1.12838,0,SELL
2019-07-04 07:00:00,1.12835,1.12851,1.12797,1.12836,0,SELL
2019-07-04 08:00:00,1.12834,1.129,1.1279,1.12798,0,SELL
2019-07-04 09:00:00,1.12796,1.1286,1.12774,1.12853,0,SELL
2019-07-04 10:00:00,1.12851,1.12902,1.12818,1.12858,0,SELL
2019-07-04 11:00:00,1.12861,1.12898,1.12842,1.12866,0,SELL
2019-07-04 12:00:00,1.12869,1.12887,1.12826,1.12832,0,SELL
2019-07-04 13:00:00,1.1283,1.1283,1.12733,1.12784,0,SELL
2019-07-04 14:00:00,1.12787,1.12824,1.12776,1.12818,0,SELL
2019-07-04 15:00:00,1.1282,1.1284,1.12794,1.12824,0,SELL
2019-07-04 16:00:00,1.12826,1.12846,1.12806,1.12812,0,SELL
2019-07-04 17:00:00,1.12814,1.12838,1.12814,1.12826,0,SELL
2019-07-04 18:00:00,1.12828,1.12854,1.12826,1.12852,0,SELL
2019-07-04 19:00:00,1.1285,1.12857,1.12844,1.12844,0,SELL
2019-07-04 20:00:00,1.12842,1.12855,1.12834,1.12847,0,SELL
2019-07-04 21:00:00,1.12841,1.12856,1.12841,1.12856,0,SELL
2019-07-04 22:00:00,1.12854,1.12878,1.12844,1.12865,0,SELL
2019-07-04 23:00:00,1.12868,1.12868,1.12848,1.12854,0,SELL
2019-07-05 00:00:00,1.12857,1.1286,1.12798,1.12802,0,SELL
2019-07-05 01:00:00,1.128,1.12824,1.1278,1.12794,0,SELL
2019-07-05 02:00:00,1.12792,1.1282,1.12789,1.12818,0,SELL
2019-07-05 03:00:00,1.1282,1.12846,1.12818,1.12824,0,SELL
2019-07-05 04:00:00,1.12826,1.12826,1.12806,1.1281,0,SELL
2019-07-05 05:00:00,1.12808,1.12813,1.1278,1.12792,0,SELL
2019-07-05 06:00:00,1.12794,1.12819,1.12721,1.12734,0,SELL
2019-07-05 07:00:00,1.12731,1.12751,1.12656,1.12674,0,SELL
2019-07-05 08:00:00,1.12676,1.1268,1.12614,1.12623,0,SELL
2019-07-05 09:00:00,1.12621,1.12645,1.12559,1.12638,0,SELL
2019-07-05 10:00:00,1.12636,1.12683,1.12594,1.1262,0,SELL
2019-07-05 11:00:00,1.12618,1.12648,1.12574,1.12588,0,SELL
2019-07-05 12:00:00,1.1259,1.12705,1.12327,1.12442,0,SELL
2019-07-05 13:00:00,1.1244,1.1244,1.12154,1.12192,0,SELL
2019-07-05 14:00:00,1.1219,1.12256,1.12076,1.12221,0,SELL
2019-07-05 15:00:00,1.12223,1.1223,1.12082,1.12158,0,SELL
2019-07-05 16:00:00,1.12156,1.12236,1.12152,1.12188,0,SELL
2019-07-05 17:00:00,1.12192,1.12213,1.1216,1.12186,0,SELL
2019-07-05 18:00:00,1.12189,1.1222,1.12178,1.1222,0,SELL
2019-07-05 19:00:00,1.12218,1.12283,1.12218,1.12266,0,SELL
2019-07-05 20:00:00,1.12264,1.12278,1.12247,1.12255,0,SELL
2019-07-07 21:00:00,1.12248,1.12275,1.1224,1.12275,0,SELL
2019-07-07 22:00:00,1.12278,1.12292,1.12256,1.12288,0,SELL
2019-07-07 23:00:00,1.12286,1.12286,1.12266,1.12268,0,SELL
2019-07-08 00:00:00,1.1227,1.12298,1.12198,1.12212,0,SELL
2019-07-08 01:00:00,1.12214,1.12283,1.1221,1.12276,0,SELL
2019-07-08 02:00:00,1.12272,1.12272,1.12238,1.1226,0,SELL
2019-07-08 03:00:00,1.12257,1.12294,1.12257,1.12284,0,SELL
2019-07-08 04:00:00,1.12282,1.1231,1.12251,1.1231,0,SELL
2019-07-08 05:00:00,1.12308,1.12326,1.12268,1.12298,0,SELL
2019-07-08 06:00:00,1.12298,1.12298,1.12198,1.12204,0,SELL
2019-07-08 07:00:00,1.12202,1.12328,1.12199,1.12318,0,SELL
2019-07-08 08:00:00,1.12316,1.12344,1.12287,1.12313,0,SELL
2019-07-08 09:00:00,1.12311,1.12326,1.12258,1.12281,0,SELL
2019-07-08 10:00:00,1.12284,1.12302,1.1215,1.1215,0,SELL
2019-07-08 11:00:00,1.12147,1.12214,1.12134,1.12206,0,SELL
2019-07-08 12:00:00,1.12209,1.1227,1.12128,1.12234,0,SELL
2019-07-08 13:00:00,1.12232,1.12244,1.12148,1.12186,0,SELL
2019-07-08 14:00:00,1.12188,1.1221,1.12098,1.12148,0,SELL
2019-07-08 15:00:00,1.12151,1.12188,1.12074,1.12081,0,SELL
2019-07-08 16:00:00,1.12084,1.12168,1.12071,1.12147,0,SELL
2019-07-08 17:00:00,1.1215,1.12208,1.12144,1.12154,0,SELL
2019-07-08 18:00:00,1.12151,1.12168,1.12116,1.1212,0,SELL
2019-07-08 19:00:00,1.12118,1.12132,1.12091,1.12093,0,SELL
2019-07-08 20:00:00,1.12095,1.12144,1.12084,1.12144,0,SELL
2019-07-08 21:00:00,1.12144,1.12176,1.12132,1.12158,0,SELL
2019-07-08 22:00:00,1.12156,1.12169,1.12152,1.12162,0,SELL
2019-07-08 23:00:00,1.12158,1.12162,1.1214,1.12154,0,SELL
2019-07-09 00:00:00,1.1215,1.12188,1.12134,1.12154,0,SELL
2019-07-09 01:00:00,1.12158,1.12169,1.12098,1.12134,0,SELL
2019-07-09 02:00:00,1.12132,1.12138,1.12117,1.12122,0,SELL
2019-07-09 03:00:00,1.1212,1.12138,1.12112,1.12114,0,SELL
2019-07-09 04:00:00,1.12117,1.12182,1.12107,1.12177,0,SELL
2019-07-09 05:00:00,1.12174,1.12178,1.12138,1.12138,0,SELL
2019-07-09 06:00:00,1.12138,1.12143,1.12064,1.12075,0,SELL
2019-07-09 07:00:00,1.12078,1.12134,1.12052,1.1208,0,SELL
2019-07-09 08:00:00,1.12078,1.12101,1.11962,1.11988,0,SELL
2019-07-09 09:00:00,1.1199,1.12049,1.11935,1.1204,0,SELL
2019-07-09 10:00:00,1.12038,1.12088,1.12016,1.12024,0,SELL
2019-07-09 11:00:00,1.12026,1.12029,1.11958,1.12029,0,SELL
2019-07-09 12:00:00,1.12032,1.12094,1.12008,1.12047,0,SELL
2019-07-09 13:00:00,1.12045,1.121,1.12018,1.12068,0,SELL
2019-07-09 14:00:00,1.12071,1.12108,1.12005,1.12058,0,SELL
2019-07-09 15:00:00,1.12056,1.12112,1.12049,1.1209,0,SELL
2019-07-09 16:00:00,1.12092,1.12105,1.12,1.12086,0,SELL
2019-07-09 17:00:00,1.12084,1.12139,1.12079,1.12109,0,SELL
2019-07-09 18:00:00,1.12107,1.12118,1.12078,1.12078,0,SELL
2019-07-09 19:00:00,1.12076,1.12085,1.12034,1.12066,0,SELL
2019-07-09 20:00:00,1.1207,1.1208,1.12046,1.12078,0,SELL
2019-07-09 21:00:00,1.12075,1.12088,1.1205,1.12082,0,SELL
2019-07-09 22:00:00,1.1208,1.12088,1.1206,1.1206,0,SELL
2019-07-09 23:00:00,1.12058,1.12066,1.12042,1.12046,0,SELL
2019-07-10 00:00:00,1.12044,1.12044,1.1202,1.12038,0,SELL
2019-07-10 01:00:00,1.12035,1.12054,1.12026,1.12044,0,SELL
2019-07-10 02:00:00,1.12041,1.12104,1.12028,1.12101,0,SELL
2019-07-10 03:00:00,1.12099,1.12099,1.12062,1.12072,0,SELL
2019-07-10 04:00:00,1.1207,1.12081,1.12066,1.12074,0,SELL
2019-07-10 05:00:00,1.12072,1.12105,1.12069,1.12098,0,SELL
2019-07-10 06:00:00,1.12098,1.12178,1.12038,1.12127,0,SELL
2019-07-10 07:00:00,1.12129,1.12174,1.12086,1.12145,0,SELL
2019-07-10 08:00:00,1.12148,1.12268,1.12148,1.12254,0,SELL
2019-07-10 09:00:00,1.12252,1.12295,1.12196,1.1224,0,SELL
2019-07-10 10:00:00,1.12237,1.12238,1.12161,1.12168,0,SELL
2019-07-10 11:00:00,1.1217,1.12182,1.12122,1.12136,0,SELL
2019-07-10 12:00:00,1.12139,1.12554,1.12128,1.12502,1,BUY
2019-07-10 13:00:00,1.12504,1.12532,1.12374,1.12392,1,BUY
2019-07-10 14:00:00,1.12395,1.12572,1.1236,1.12529,1,BUY
2019-07-10 15:00:00,1.12527,1.12631,1.1243,1.126,1,BUY
2019-07-10 16:00:00,1.12602,1.12643,1.12528,1.12592,1,BUY
2019-07-10 17:00:00,1.12595,1.12609,1.12532,1.12543,1,BUY
2019-07-10 18:00:00,1.12541,1.12619,1.12511,1.12527,1,BUY
2019-07-10 19:00:00,1.1253,1.1257,1.12528,1.12536,1,BUY
2019-07-10 20:00:00,1.12533,1.1254,1.12505,1.12505,1,BUY
2019-07-10 21:00:00,1.12516,1.12589,1.12516,1.12542,1,BUY
2019-07-10 22:00:00,1.12545,1.126,1.12534,1.12596,1,BUY
2019-07-10 23:00:00,1.12594,1.12598,1.12557,1.12586,1,BUY
2019-07-11 00:00:00,1.12588,1.12652,1.12584,1.1261,1,BUY
2019-07-11 01:00:00,1.12612,1.1264,1.1258,1.1262,1,BUY
2019-07-11 02:00:00,1.12622,1.1273,1.12616,1.12728,1,BUY
2019-07-11 03:00:00,1.12726,1.12808,1.12723,1.12786,1,BUY
2019-07-11 04:00:00,1.12783,1.12791,1.12746,1.12758,1,BUY
2019-07-11 05:00:00,1.1276,1.1279,1.12696,1.12701,1,BUY
2019-07-11 06:00:00,1.12701,1.12728,1.12669,1.12694,1,BUY
2019-07-11 07:00:00,1.12697,1.12782,1.12683,1.1277,1,BUY
2019-07-11 08:00:00,1.12773,1.12782,1.12718,1.12736,1,BUY
2019-07-11 09:00:00,1.12734,1.12738,1.12664,1.12664,1,BUY
2019-07-11 10:00:00,1.12662,1.12741,1.12642,1.12716,1,BUY
2019-07-11 11:00:00,1.12718,1.12786,1.12649,1.12774,1,BUY
2019-07-11 12:00:00,1.12776,1.12858,1.12622,1.12676,1,BUY
2019-07-11 13:00:00,1.12678,1.12726,1.12518,1.12572,1,BUY
2019-07-11 14:00:00,1.1257,1.12607,1.12509,1.12524,1,BUY
2019-07-11 15:00:00,1.12527,1.12624,1.12513,1.12606,1,BUY
2019-07-11 16:00:00,1.12609,1.12615,1.12454,1.12546,1,BUY
2019-07-11 17:00:00,1.12548,1.12583,1.12457,1.12518,1,BUY
2019-07-11 18:00:00,1.1252,1.1259,1.12518,1.12576,1,BUY
2019-07-11 19:00:00,1.12578,1.12609,1.12548,1.1257,0,SELL
2019-07-11 20:00:00,1.12568,1.12568,1.12516,1.12537,0,SELL
2019-07-11 21:00:00,1.12542,1.1259,1.1253,1.1253,1,BUY
2019-07-11 22:00:00,1.12534,1.12588,1.12534,1.12564,1,BUY
2019-07-11 23:00:00,1.12562,1.12566,1.12494,1.12498,1,BUY
2019-07-12 00:00:00,1.12496,1.12603,1.12496,1.12588,1,BUY
2019-07-12 01:00:00,1.12585,1.12648,1.1258,1.12644,1,BUY
2019-07-12 02:00:00,1.12642,1.12674,1.12628,1.12658,1,BUY
2019-07-12 03:00:00,1.12656,1.1272,1.12642,1.1272,1,BUY
2019-07-12 04:00:00,1.12718,1.12738,1.12698,1.12712,1,BUY
2019-07-12 05:00:00,1.1271,1.1275,1.12701,1.12731,1,BUY
2019-07-12 06:00:00,1.12734,1.12735,1.12668,1.12722,1,BUY
2019-07-12 07:00:00,1.12724,1.12748,1.12619,1.12648,1,BUY
2019-07-12 08:00:00,1.12651,1.127,1.12614,1.12622,1,BUY
2019-07-12 09:00:00,1.12624,1.1267,1.12546,1.12568,1,BUY
2019-07-12 10:00:00,1.12572,1.12602,1.12536,1.12578,1,BUY
2019-07-12 11:00:00,1.1258,1.12606,1.12462,1.1247,1,BUY
2019-07-12 12:00:00,1.12473,1.12536,1.12382,1.12454,0,SELL
2019-07-12 13:00:00,1.12452,1.12494,1.12412,1.12488,0,SELL
2019-07-12 14:00:00,1.1249,1.12524,1.12443,1.12518,0,SELL
2019-07-12 15:00:00,1.1252,1.12592,1.12498,1.12538,0,SELL
2019-07-12 16:00:00,1.12535,1.12678,1.12527,1.12678,0,SELL
2019-07-12 17:00:00,1.12676,1.127,1.12638,1.12674,0,SELL
2019-07-12 18:00:00,1.12677,1.12742,1.12666,1.1272,1,BUY
2019-07-12 19:00:00,1.12717,1.12732,1.12686,1.12712,1,BUY
2019-07-12 20:00:00,1.12715,1.12717,1.12674,1.12706,1,BUY
2019-07-14 21:00:00,1.12705,1.12718,1.12653,1.12696,1,BUY
2019-07-14 22:00:00,1.127,1.12746,1.127,1.1272,1,BUY
2019-07-14 23:00:00,1.12718,1.12722,1.12693,1.12714,1,BUY
2019-07-15 00:00:00,1.12716,1.12746,1.12703,1.12742,1,BUY
2019-07-15 01:00:00,1.12744,1.12744,1.12646,1.12696,1,BUY
2019-07-15 02:00:00,1.12694,1.12716,1.12645,1.12706,1,BUY
2019-07-15 03:00:00,1.12704,1.12732,1.12642,1.12726,1,BUY
2019-07-15 04:00:00,1.12728,1.12746,1.12686,1.12722,1,BUY
2019-07-15 05:00:00,1.1272,1.12742,1.127,1.12733,1,BUY
2019-07-15 06:00:00,1.12733,1.12782,1.12707,1.12749,1,BUY
2019-07-15 07:00:00,1.12746,1.12838,1.12714,1.12802,1,BUY
2019-07-15 08:00:00,1.12804,1.12805,1.12698,1.1273,1,BUY
2019-07-15 09:00:00,1.12727,1.12815,1.1269,1.12791,1,BUY
2019-07-15 10:00:00,1.12794,1.12839,1.12774,1.12778,1,BUY
2019-07-15 11:00:00,1.12776,1.12776,1.12615,1.12634,1,BUY
2019-07-15 12:00:00,1.12636,1.12735,1.12625,1.12656,1,BUY
2019-07-15 13:00:00,1.12654,1.1271,1.12626,1.12676,1,BUY
2019-07-15 14:00:00,1.12674,1.12674,1.12561,1.12618,0,SELL
2019-07-15 15:00:00,1.1262,1.12624,1.12532,1.12588,0,SELL
2019-07-15 16:00:00,1.1259,1.1264,1.12579,1.1259,0,SELL
2019-07-15 17:00:00,1.12592,1.12596,1.12541,1.12566,0,SELL
2019-07-15 18:00:00,1.12569,1.126,1.12564,1.12589,0,SELL
2019-07-15 19:00:00,1.12587,1.12592,1.12561,1.1257,0,SELL
2019-07-15 20:00:00,1.12572,1.12591,1.12566,1.12578,0,SELL
2019-07-15 21:00:00,1.12578,1.12623,1.12578,1.12612,0,SELL
2019-07-15 22:00:00,1.1261,1.12632,1.12601,1.12614,0,SELL
2019-07-15 23:00:00,1.12611,1.1262,1.126,1.126,0,SELL
2019-07-16 00:00:00,1.12602,1.1263,1.12576,1.12586,0,SELL
2019-07-16 01:00:00,1.12583,1.12612,1.12554,1.12586,0,SELL
2019-07-16 02:00:00,1.12584,1.1263,1.12572,1.12628,0,SELL
2019-07-16 03:00:00,1.12626,1.12635,1.12598,1.12598,0,SELL
2019-07-16 04:00:00,1.126,1.12606,1.12588,1.126,0,SELL
2019-07-16 05:00:00,1.12598,1.12609,1.12578,1.12585,0,SELL
2019-07-16 06:00:00,1.12588,1.12619,1.12535,1.12564,0,SELL
2019-07-16 07:00:00,1.12561,1.12582,1.12454,1.12487,0,SELL
2019-07-16 08:00:00,1.1249,1.1249,1.12362,1.12452,0,SELL
2019-07-16 09:00:00,1.1245,1.12456,1.12312,1.12319,0,SELL
2019-07-16 10:00:00,1.12316,1.12331,1.12179,1.12234,0,SELL
2019-07-16 11:00:00,1.12236,1.12261,1.12198,1.12218,0,SELL
2019-07-16 12:00:00,1.12216,1.12233,1.12092,1.12195,0,SELL
2019-07-16 13:00:00,1.12193,1.12222,1.1212,1.12179,0,SELL
2019-07-16 14:00:00,1.12182,1.12241,1.12076,1.12238,0,SELL
2019-07-16 15:00:00,1.12236,1.12244,1.12114,1.12115,0,SELL
2019-07-16 16:00:00,1.12113,1.12213,1.12092,1.12124,0,SELL
2019-07-16 17:00:00,1.12128,1.122,1.1203,1.12101,0,SELL
2019-07-16 18:00:00,1.12099,1.12112,1.1202,1.12069,0,SELL
2019-07-16 19:00:00,1.12066,1.12124,1.12044,1.12092,0,SELL
2019-07-16 20:00:00,1.1209,1.12107,1.1207,1.12102,0,SELL
2019-07-16 21:00:00,1.12105,1.12123,1.12094,1.12106,0,SELL
2019-07-16 22:00:00,1.12109,1.12124,1.12106,1.12108,0,SELL
2019-07-16 23:00:00,1.1211,1.12129,1.12104,1.12116,0,SELL
2019-07-17 00:00:00,1.12118,1.1212,1.1207,1.12116,0,SELL
2019-07-17 01:00:00,1.12118,1.1215,1.12105,1.1213,0,SELL
2019-07-17 02:00:00,1.12128,1.12142,1.12078,1.12124,0,SELL
2019-07-17 03:00:00,1.12122,1.12149,1.12099,1.12134,0,SELL
2019-07-17 04:00:00,1.12137,1.12156,1.1213,1.12156,0,SELL
2019-07-17 05:00:00,1.12154,1.12174,1.12144,1.12161,0,SELL
2019-07-17 06:00:00,1.12158,1.12158,1.11998,1.12026,0,SELL
2019-07-17 07:00:00,1.12023,1.12129,1.12023,1.12074,0,SELL
2019-07-17 08:00:00,1.12072,1.12146,1.1207,1.12108,0,SELL
2019-07-17 09:00:00,1.1211,1.122,1.1211,1.1217,0,SELL
2019-07-17 10:00:00,1.12172,1.12192,1.12127,1.12186,0,SELL
2019-07-17 11:00:00,1.12188,1.12222,1.12167,1.12175,0,SELL
2019-07-17 12:00:00,1.12177,1.12185,1.12098,1.12116,0,SELL
2019-07-17 13:00:00,1.12113,1.12209,1.12113,1.12206,0,SELL
2019-07-17 14:00:00,1.12208,1.12269,1.1215,1.12254,0,SELL
2019-07-17 15:00:00,1.12252,1.12328,1.12236,1.12309,0,SELL
2019-07-17 16:00:00,1.12311,1.12336,1.12244,1.12247,0,SELL
2019-07-17 17:00:00,1.12244,1.12276,1.12228,1.1227,0,SELL
2019-07-17 18:00:00,1.12272,1.12311,1.12218,1.12229,0,SELL
2019-07-17 19:00:00,1.12227,1.12258,1.12192,1.12252,0,SELL
2019-07-17 20:00:00,1.12248,1.12251,1.12226,1.12242,0,SELL
2019-07-17 21:00:00,1.12246,1.12285,1.12245,1.12276,0,SELL
2019-07-17 22:00:00,1.12278,1.123,1.12266,1.12271,0,SELL
2019-07-17 23:00:00,1.12274,1.12286,1.12267,1.12272,0,SELL
2019-07-18 00:00:00,1.12274,1.12388,1.12256,1.12376,0,SELL
2019-07-18 01:00:00,1.12378,1.12408,1.12328,1.12337,0,SELL
2019-07-18 02:00:00,1.12339,1.12392,1.12332,1.1239,1,BUY
2019-07-18 03:00:00,1.12392,1.12418,1.12376,1.12394,1,BUY
2019-07-18 04:00:00,1.12396,1.124,1.12364,1.12366,1,BUY
2019-07-18 05:00:00,1.12364,1.1241,1.1236,1.12396,1,BUY
2019-07-18 06:00:00,1.12396,1.12439,1.1234,1.12376,1,BUY
2019-07-18 07:00:00,1.12374,1.12426,1.12352,1.12392,1,BUY
2019-07-18 08:00:00,1.12389,1.12418,1.1236,1.12395,1,BUY
2019-07-18 09:00:00,1.12398,1.124,1.12291,1.12318,1,BUY
2019-07-18 10:00:00,1.12321,1.12332,1.12052,1.12132,0,SELL
2019-07-18 11:00:00,1.12128,1.1228,1.121,1.12195,0,SELL
2019-07-18 12:00:00,1.12193,1.12254,1.12126,1.12168,0,SELL
2019-07-18 13:00:00,1.12166,1.12195,1.12132,1.12166,0,SELL
2019-07-18 14:00:00,1.12168,1.12236,1.12134,1.12181,0,SELL
2019-07-18 15:00:00,1.12178,1.12298,1.12154,1.12276,0,SELL
2019-07-18 16:00:00,1.12274,1.12288,1.12207,1.12242,0,SELL
2019-07-18 17:00:00,1.12244,1.12372,1.12223,1.12345,0,SELL
2019-07-18 18:00:00,1.12343,1.12701,1.12336,1.12684,0,SELL
2019-07-18 19:00:00,1.12686,1.12804,1.12642,1.12758,1,BUY
2019-07-18 20:00:00,1.12755,1.12785,1.12727,1.1277,1,BUY
2019-07-18 21:00:00,1.1277,1.12778,1.12752,1.12774,1,BUY
2019-07-18 22:00:00,1.12776,1.12821,1.12402,1.12495,1,BUY
2019-07-18 23:00:00,1.12493,1.1261,1.12493,1.1261,1,BUY
2019-07-19 00:00:00,1.12608,1.12682,1.12589,1.1261,1,BUY
2019-07-19 01:00:00,1.12612,1.12648,1.12593,1.12637,1,BUY
2019-07-19 02:00:00,1.12635,1.12678,1.1262,1.12678,1,BUY
2019-07-19 03:00:00,1.12676,1.12682,1.12618,1.12626,1,BUY
2019-07-19 04:00:00,1.12628,1.12637,1.12585,1.12595,1,BUY
2019-07-19 05:00:00,1.12597,1.1263,1.1255,1.12566,1,BUY
2019-07-19 06:00:00,1.12568,1.12646,1.12549,1.12588,1,BUY
2019-07-19 07:00:00,1.12586,1.12655,1.12566,1.12648,1,BUY
2019-07-19 08:00:00,1.12646,1.1265,1.12504,1.12512,1,BUY
2019-07-19 09:00:00,1.1251,1.12524,1.12362,1.12385,1,BUY
2019-07-19 10:00:00,1.12383,1.12424,1.12307,1.12383,0,SELL
2019-07-19 11:00:00,1.1238,1.12392,1.1232,1.12322,0,SELL
2019-07-19 12:00:00,1.12324,1.12328,1.12171,1.12256,0,SELL
2019-07-19 13:00:00,1.12254,1.12345,1.12217,1.12342,0,SELL
2019-07-19 14:00:00,1.1234,1.12388,1.12207,1.12218,0,SELL
2019-07-19 15:00:00,1.1222,1.12248,1.12142,1.12206,0,SELL
2019-07-19 16:00:00,1.12204,1.12292,1.12148,1.12288,0,SELL
2019-07-19 17:00:00,1.12286,1.123,1.12228,1.12244,0,SELL
2019-07-19 18:00:00,1.12242,1.12251,1.12036,1.12191,0,SELL
2019-07-19 19:00:00,1.12188,1.12218,1.12154,1.12189,0,SELL
2019-07-19 20:00:00,1.12192,1.12232,1.12147,1.12206,0,SELL
2019-07-21 21:00:00,1.12175,1.12186,1.12148,1.1218,0,SELL
2019-07-21 22:00:00,1.12176,1.12198,1.12156,1.12178,0,SELL
2019-07-21 23:00:00,1.12181,1.12188,1.12146,1.12176,0,SELL
2019-07-22 00:00:00,1.12178,1.12202,1.12106,1.12116,0,SELL
2019-07-22 01:00:00,1.12114,1.12145,1.12078,1.12143,0,SELL
2019-07-22 02:00:00,1.1214,1.12184,1.12134,1.12174,0,SELL
2019-07-22 03:00:00,1.12178,1.12201,1.12154,1.12182,0,SELL
2019-07-22 04:00:00,1.12184,1.12209,1.1216,1.1218,0,SELL
2019-07-22 05:00:00,1.12178,1.12198,1.12146,1.12185,0,SELL
2019-07-22 06:00:00,1.12185,1.12239,1.12121,1.12229,0,SELL
2019-07-22 07:00:00,1.12227,1.12236,1.12132,1.12196,0,SELL
2019-07-22 08:00:00,1.12192,1.122,1.12154,1.12174,0,SELL
2019-07-22 09:00:00,1.12176,1.12196,1.1213,1.12172,0,SELL
2019-07-22 10:00:00,1.12174,1.12243,1.12166,1.12218,0,SELL
2019-07-22 11:00:00,1.12216,1.12219,1.1207,1.12082,0,SELL
2019-07-22 12:00:00,1.12084,1.12196,1.12072,1.1218,0,SELL
2019-07-22 13:00:00,1.12178,1.12254,1.12158,1.12238,0,SELL
2019-07-22 14:00:00,1.1224,1.12249,1.12135,1.12221,0,SELL
2019-07-22 15:00:00,1.12218,1.12242,1.12136,1.12143,0,SELL
2019-07-22 16:00:00,1.12141,1.12196,1.12123,1.12185,0,SELL
2019-07-22 17:00:00,1.12182,1.12198,1.12153,1.12187,0,SELL
2019-07-22 18:00:00,1.12184,1.12184,1.12108,1.12108,0,SELL
2019-07-22 19:00:00,1.12106,1.12132,1.12063,1.12112,0,SELL
2019-07-22 20:00:00,1.1211,1.1211,1.12065,1.12089,0,SELL
2019-07-22 21:00:00,1.12094,1.12096,1.12071,1.12092,0,SELL
2019-07-22 22:00:00,1.12094,1.12094,1.12064,1.12086,0,SELL
2019-07-22 23:00:00,1.12083,1.12088,1.1204,1.12043,0,SELL
2019-07-23 00:00:00,1.12046,1.12082,1.12034,1.12046,0,SELL
2019-07-23 01:00:00,1.12048,1.12048,1.11942,1.11997,0,SELL
2019-07-23 02:00:00,1.11994,1.1201,1.11975,1.11992,0,SELL
2019-07-23 03:00:00,1.1199,1.12002,1.11914,1.11952,0,SELL
2019-07-23 04:00:00,1.1195,1.11952,1.11899,1.11922,0,SELL
2019-07-23 05:00:00,1.1192,1.11944,1.1189,1.11893,0,SELL
2019-07-23 06:00:00,1.11893,1.1192,1.11856,1.11896,0,SELL
2019-07-23 07:00:00,1.11898,1.11958,1.11842,1.11933,0,SELL
2019-07-23 08:00:00,1.11931,1.11931,1.11812,1.1183,0,SELL
2019-07-23 09:00:00,1.11828,1.1183,1.11762,1.1177,0,SELL
2019-07-23 10:00:00,1.11766,1.11829,1.11759,1.11813,0,SELL
2019-07-23 11:00:00,1.11813,1.11848,1.11718,1.11727,0,SELL
2019-07-23 12:00:00,1.11729,1.11751,1.11682,1.1169,0,SELL
2019-07-23 13:00:00,1.11692,1.11695,1.1152,1.11604,0,SELL
2019-07-23 14:00:00,1.11606,1.11655,1.11484,1.11484,0,SELL
2019-07-23 15:00:00,1.11487,1.11578,1.11476,1.11561,0,SELL
2019-07-23 16:00:00,1.11558,1.11582,1.11498,1.11506,0,SELL
2019-07-23 17:00:00,1.11504,1.11576,1.11483,1.11536,0,SELL
2019-07-23 18:00:00,1.11533,1.1154,1.11482,1.11503,0,SELL
2019-07-23 19:00:00,1.115,1.11531,1.11469,1.1149,0,SELL
2019-07-23 20:00:00,1.11487,1.11522,1.1146,1.11515,0,SELL
2019-07-23 21:00:00,1.11518,1.1155,1.11513,1.11521,0,SELL
2019-07-23 22:00:00,1.11524,1.1153,1.11513,1.11521,0,SELL
2019-07-23 23:00:00,1.11518,1.11521,1.11498,1.1151,0,SELL
2019-07-24 00:00:00,1.11512,1.1152,1.11442,1.11484,0,SELL
2019-07-24 01:00:00,1.11487,1.11502,1.11435,1.11461,0,SELL
2019-07-24 02:00:00,1.11458,1.11464,1.11434,1.11454,0,SELL
2019-07-24 03:00:00,1.11456,1.11468,1.11435,1.11437,0,SELL
2019-07-24 04:00:00,1.1144,1.11454,1.11429,1.11454,0,SELL
2019-07-24 05:00:00,1.11452,1.11477,1.11412,1.11474,0,SELL
2019-07-24 06:00:00,1.11474,1.11536,1.11472,1.11522,0,SELL
2019-07-24 07:00:00,1.11524,1.11556,1.1127,1.11394,0,SELL
2019-07-24 08:00:00,1.11391,1.11431,1.11352,1.11385,0,SELL
2019-07-24 09:00:00,1.11382,1.11443,1.11357,1.11384,0,SELL
2019-07-24 10:00:00,1.11386,1.11544,1.11384,1.11542,0,SELL
2019-07-24 11:00:00,1.11544,1.11553,1.11404,1.1141,0,SELL
2019-07-24 12:00:00,1.11412,1.11469,1.11392,1.11418,0,SELL
2019-07-24 13:00:00,1.11415,1.11537,1.11404,1.11488,0,SELL
2019-07-24 14:00:00,1.11491,1.11558,1.11404,1.11424,0,SELL
2019-07-24 15:00:00,1.11426,1.11458,1.1139,1.11414,0,SELL
2019-07-24 16:00:00,1.11411,1.11504,1.11394,1.11454,0,SELL
2019-07-24 17:00:00,1.11452,1.11462,1.11398,1.11407,0,SELL
2019-07-24 18:00:00,1.11409,1.11409,1.11344,1.11356,0,SELL
2019-07-24 19:00:00,1.11358,1.11368,1.11329,1.11368,0,SELL
2019-07-24 20:00:00,1.11366,1.114,1.11356,1.11394,0,SELL
2019-07-24 21:00:00,1.11409,1.11434,1.11399,1.11428,0,SELL
2019-07-24 22:00:00,1.11426,1.11432,1.11413,1.1142,0,SELL
2019-07-24 23:00:00,1.11422,1.1143,1.11402,1.11422,0,SELL
2019-07-25 00:00:00,1.11419,1.11422,1.11348,1.11361,0,SELL
2019-07-25 01:00:00,1.11364,1.1141,1.11339,1.11385,0,SELL
2019-07-25 02:00:00,1.11382,1.11388,1.1135,1.11354,0,SELL
2019-07-25 03:00:00,1.11356,1.11358,1.1134,1.11355,0,SELL
2019-07-25 04:00:00,1.11353,1.11358,1.11344,1.11347,0,SELL
2019-07-25 05:00:00,1.11349,1.11365,1.11333,1.11356,0,SELL
2019-07-25 06:00:00,1.11356,1.11371,1.11292,1.1131,0,SELL
2019-07-25 07:00:00,1.11312,1.11348,1.11251,1.11276,0,SELL
2019-07-25 08:00:00,1.11274,1.11341,1.11224,1.11292,0,SELL
2019-07-25 09:00:00,1.11294,1.11304,1.11256,1.11285,0,SELL
2019-07-25 10:00:00,1.11287,1.11484,1.11287,1.11399,0,SELL
2019-07-25 11:00:00,1.11396,1.11618,1.11132,1.11146,0,SELL
2019-07-25 12:00:00,1.11148,1.1161,1.11014,1.11547,0,SELL
2019-07-25 13:00:00,1.11549,1.11866,1.11526,1.11809,0,SELL
2019-07-25 14:00:00,1.11812,1.11877,1.11579,1.11604,0,SELL
2019-07-25 15:00:00,1.11601,1.1161,1.1155,1.11551,0,SELL
2019-07-25 16:00:00,1.11549,1.11566,1.11325,1.11337,0,SELL
2019-07-25 17:00:00,1.11334,1.11451,1.11266,1.11451,0,SELL
2019-07-25 18:00:00,1.11448,1.11514,1.11434,1.11442,0,SELL
2019-07-25 19:00:00,1.11439,1.11506,1.11434,1.11444,0,SELL
2019-07-25 20:00:00,1.11446,1.1148,1.11434,1.11474,0,SELL
2019-07-25 21:00:00,1.11463,1.11482,1.11463,1.1148,0,SELL
2019-07-25 22:00:00,1.11477,1.11477,1.11456,1.11466,0,SELL
2019-07-25 23:00:00,1.11464,1.11474,1.11448,1.11448,0,SELL
2019-07-26 00:00:00,1.11446,1.11498,1.11425,1.11466,0,SELL
2019-07-26 01:00:00,1.11468,1.11502,1.11464,1.11476,0,SELL
2019-07-26 02:00:00,1.11478,1.115,1.11472,1.11486,0,SELL
2019-07-26 03:00:00,1.11483,1.11512,1.11456,1.1149,0,SELL
2019-07-26 04:00:00,1.11488,1.11494,1.11468,1.11474,0,SELL
2019-07-26 05:00:00,1.11478,1.11483,1.11435,1.1146,0,SELL
2019-07-26 06:00:00,1.11458,1.11472,1.11395,1.11452,0,SELL
2019-07-26 07:00:00,1.1145,1.1145,1.11334,1.11346,0,SELL
2019-07-26 08:00:00,1.11343,1.114,1.1132,1.11356,0,SELL
2019-07-26 09:00:00,1.11358,1.11472,1.11358,1.1142,0,SELL
2019-07-26 10:00:00,1.11418,1.11424,1.11302,1.11314,0,SELL
2019-07-26 11:00:00,1.11318,1.11348,1.11302,1.11348,0,SELL
2019-07-26 12:00:00,1.1135,1.11443,1.11256,1.11333,0,SELL
2019-07-26 13:00:00,1.11336,1.11418,1.11274,1.11308,0,SELL
2019-07-26 14:00:00,1.1131,1.11368,1.11162,1.11267,0,SELL
2019-07-26 15:00:00,1.11264,1.11272,1.1112,1.1121,0,SELL
2019-07-26 16:00:00,1.11208,1.11251,1.11124,1.11219,0,SELL
2019-07-26 17:00:00,1.11217,1.11265,1.11191,1.11244,0,SELL
2019-07-26 18:00:00,1.11246,1.11294,1.11244,1.11258,0,SELL
2019-07-26 19:00:00,1.11255,1.11294,1.11238,1.11244,0,SELL
2019-07-26 20:00:00,1.11246,1.11327,1.11244,1.1128,0,SELL
2019-07-28 21:00:00,1.11252,1.11285,1.11238,1.11282,0,SELL
2019-07-28 22:00:00,1.11284,1.11323,1.11282,1.11319,0,SELL
2019-07-28 23:00:00,1.11321,1.11326,1.11296,1.11296,0,SELL
2019-07-29 00:00:00,1.11293,1.11375,1.11288,1.11366,0,SELL
2019-07-29 01:00:00,1.11368,1.11388,1.11356,1.11362,0,SELL
2019-07-29 02:00:00,1.1136,1.1136,1.11306,1.11321,0,SELL
2019-07-29 03:00:00,1.11324,1.11324,1.11286,1.11291,0,SELL
2019-07-29 04:00:00,1.11289,1.11289,1.11259,1.11268,0,SELL
2019-07-29 05:00:00,1.1127,1.11287,1.11258,1.11274,0,SELL
2019-07-29 06:00:00,1.1127,1.11276,1.11219,1.1123,0,SELL
2019-07-29 07:00:00,1.11228,1.11244,1.11182,1.11202,0,SELL
2019-07-29 08:00:00,1.112,1.11251,1.11171,1.11233,0,SELL
2019-07-29 09:00:00,1.11231,1.11275,1.11207,1.11242,0,SELL
2019-07-29 10:00:00,1.11244,1.11284,1.11214,1.11241,0,SELL
2019-07-29 11:00:00,1.11239,1.11241,1.11141,1.11191,0,SELL
2019-07-29 12:00:00,1.11193,1.1125,1.1113,1.11232,0,SELL
2019-07-29 13:00:00,1.11234,1.1131,1.11178,1.11266,0,SELL
2019-07-29 14:00:00,1.11264,1.11388,1.11259,1.1132,0,SELL
2019-07-29 15:00:00,1.11318,1.11436,1.11282,1.11432,0,SELL
2019-07-29 16:00:00,1.1143,1.1143,1.11384,1.11401,0,SELL
2019-07-29 17:00:00,1.11403,1.11432,1.11393,1.11422,0,SELL
2019-07-29 18:00:00,1.1142,1.11488,1.11398,1.11468,1,BUY
2019-07-29 19:00:00,1.11466,1.11508,1.11447,1.11474,1,BUY
2019-07-29 20:00:00,1.11472,1.11476,1.11436,1.11452,1,BUY
2019-07-29 21:00:00,1.1145,1.1147,1.1144,1.11456,1,BUY
2019-07-29 22:00:00,1.11458,1.11471,1.1145,1.11466,1,BUY
2019-07-29 23:00:00,1.11463,1.11464,1.11422,1.11424,1,BUY
2019-07-30 00:00:00,1.11422,1.11436,1.11404,1.11416,1,BUY
2019-07-30 01:00:00,1.11418,1.1143,1.11336,1.1138,1,BUY
2019-07-30 02:00:00,1.11378,1.11444,1.11377,1.11424,1,BUY
2019-07-30 03:00:00,1.11421,1.11442,1.11411,1.1143,0,SELL
2019-07-30 04:00:00,1.1143,1.1143,1.11367,1.1137,0,SELL
2019-07-30 05:00:00,1.11372,1.11392,1.1133,1.1133,0,SELL
2019-07-30 06:00:00,1.1133,1.1142,1.1133,1.11359,0,SELL
2019-07-30 07:00:00,1.11362,1.11461,1.11321,1.1144,0,SELL
2019-07-30 08:00:00,1.11443,1.11494,1.11422,1.11468,0,SELL
2019-07-30 09:00:00,1.1147,1.11478,1.11396,1.11454,0,SELL
2019-07-30 10:00:00,1.11451,1.11528,1.11441,1.11456,1,BUY
2019-07-30 11:00:00,1.11454,1.11531,1.11444,1.1151,1,BUY
2019-07-30 12:00:00,1.11512,1.11598,1.11438,1.1154,1,BUY
2019-07-30 13:00:00,1.11542,1.11542,1.11422,1.115,1,BUY
2019-07-30 14:00:00,1.11502,1.11511,1.11381,1.11381,1,BUY
2019-07-30 15:00:00,1.11383,1.1151,1.11382,1.11478,1,BUY
2019-07-30 16:00:00,1.11476,1.1155,1.11464,1.11522,1,BUY
2019-07-30 17:00:00,1.1152,1.11556,1.11495,1.11532,1,BUY
2019-07-30 18:00:00,1.1153,1.11612,1.11528,1.11568,1,BUY
2019-07-30 19:00:00,1.11565,1.11589,1.11542,1.1158,1,BUY
2019-07-30 20:00:00,1.11578,1.11582,1.1154,1.11557,1,BUY
2019-07-30 21:00:00,1.11552,1.11575,1.11548,1.11555,1,BUY
2019-07-30 22:00:00,1.11558,1.1158,1.11543,1.11578,1,BUY
2019-07-30 23:00:00,1.1158,1.11584,1.11566,1.1157,1,BUY
2019-07-31 00:00:00,1.11572,1.11592,1.11537,1.11537,1,BUY
2019-07-31 01:00:00,1.11539,1.11548,1.1148,1.11529,1,BUY
2019-07-31 02:00:00,1.11531,1.11549,1.11518,1.11532,1,BUY
2019-07-31 03:00:00,1.1153,1.11559,1.11527,1.11541,1,BUY
2019-07-31 04:00:00,1.11544,1.11556,1.11535,1.11554,1,BUY
2019-07-31 05:00:00,1.11551,1.11576,1.11546,1.11572,1,BUY
2019-07-31 06:00:00,1.11569,1.1162,1.11543,1.11543,1,BUY
2019-07-31 07:00:00,1.1154,1.11568,1.11487,1.11524,1,BUY
2019-07-31 08:00:00,1.11522,1.11556,1.1143,1.11444,1,BUY
2019-07-31 09:00:00,1.11442,1.11491,1.11436,1.11461,0,SELL
2019-07-31 10:00:00,1.11463,1.11478,1.11444,1.11468,0,SELL
2019-07-31 11:00:00,1.1147,1.11511,1.11448,1.11504,0,SELL
2019-07-31 12:00:00,1.11502,1.11528,1.11434,1.11508,0,SELL
2019-07-31 13:00:00,1.11511,1.11518,1.11388,1.11418,0,SELL
2019-07-31 14:00:00,1.11415,1.11418,1.1131,1.11338,0,SELL
2019-07-31 15:00:00,1.11336,1.11383,1.11262,1.11298,0,SELL
2019-07-31 16:00:00,1.11296,1.11296,1.11204,1.11282,0,SELL
2019-07-31 17:00:00,1.11284,1.11386,1.11274,1.11374,0,SELL
2019-07-31 18:00:00,1.11378,1.11389,1.10644,1.1085,0,SELL
2019-07-31 19:00:00,1.10847,1.11034,1.10663,1.10696,0,SELL
2019-07-31 20:00:00,1.107,1.10774,1.10604,1.10766,0,SELL
2019-07-31 21:00:00,1.10766,1.10823,1.10696,1.10708,0,SELL
2019-07-31 22:00:00,1.10713,1.10794,1.10713,1.10792,0,SELL
2019-07-31 23:00:00,1.1079,1.10795,1.10692,1.10715,0,SELL
2019-08-01 00:00:00,1.10718,1.10719,1.1034,1.10416,0,SELL
2019-08-01 01:00:00,1.10414,1.10515,1.10377,1.10494,0,SELL
2019-08-01 02:00:00,1.10496,1.10508,1.10443,1.10496,0,SELL
2019-08-01 03:00:00,1.10493,1.10502,1.10432,1.10456,0,SELL
2019-08-01 04:00:00,1.1046,1.10532,1.1044,1.10532,0,SELL
2019-08-01 05:00:00,1.1053,1.10537,1.10468,1.10517,0,SELL
2019-08-01 06:00:00,1.10517,1.10527,1.10344,1.10418,0,SELL
2019-08-01 07:00:00,1.10416,1.10476,1.10324,1.10326,0,SELL
2019-08-01 08:00:00,1.10324,1.1048,1.10322,1.10473,0,SELL
2019-08-01 09:00:00,1.10475,1.10502,1.10381,1.10392,0,SELL
2019-08-01 10:00:00,1.10394,1.10417,1.10308,1.10334,0,SELL
2019-08-01 11:00:00,1.10337,1.10416,1.1027,1.10342,0,SELL
2019-08-01 12:00:00,1.10345,1.10413,1.10272,1.10297,0,SELL
2019-08-01 13:00:00,1.10295,1.10466,1.10272,1.10437,0,SELL
2019-08-01 14:00:00,1.1044,1.10623,1.1044,1.1058,0,SELL
2019-08-01 15:00:00,1.10578,1.10698,1.10563,1.10608,0,SELL
2019-08-01 16:00:00,1.1061,1.10698,1.10584,1.10684,0,SELL
2019-08-01 17:00:00,1.10682,1.10958,1.10642,1.10828,0,SELL
2019-08-01 18:00:00,1.10826,1.10887,1.10756,1.10854,0,SELL
2019-08-01 19:00:00,1.10852,1.10944,1.10798,1.10929,0,SELL
2019-08-01 20:00:00,1.10926,1.10936,1.10832,1.1085,0,SELL
2019-08-01 21:00:00,1.10831,1.10852,1.10805,1.10832,0,SELL
2019-08-01 22:00:00,1.10834,1.10848,1.10747,1.10786,0,SELL
2019-08-01 23:00:00,1.10789,1.1083,1.1078,1.10792,0,SELL
2019-08-02 00:00:00,1.10788,1.10966,1.10788,1.1089,0,SELL
2019-08-02 01:00:00,1.10894,1.1092,1.10859,1.1089,0,SELL
2019-08-02 02:00:00,1.10888,1.10947,1.10698,1.10752,0,SELL
2019-08-02 03:00:00,1.1075,1.10772,1.1071,1.1074,0,SELL
2019-08-02 04:00:00,1.10737,1.10841,1.10736,1.10826,0,SELL
2019-08-02 05:00:00,1.10824,1.1084,1.10774,1.10798,0,SELL
2019-08-02 06:00:00,1.10796,1.10898,1.10794,1.10864,0,SELL
2019-08-02 07:00:00,1.10867,1.11152,1.10819,1.11135,0,SELL
2019-08-02 08:00:00,1.11132,1.11134,1.1095,1.1096,0,SELL
2019-08-02 09:00:00,1.10962,1.11031,1.10956,1.10973,0,SELL
2019-08-02 10:00:00,1.10975,1.10977,1.10883,1.10956,1,BUY
2019-08-02 11:00:00,1.10959,1.11068,1.10958,1.11036,1,BUY
2019-08-02 12:00:00,1.11039,1.1107,1.10783,1.10853,1,BUY
2019-08-02 13:00:00,1.10851,1.11042,1.10816,1.11009,1,BUY
2019-08-02 14:00:00,1.11007,1.11074,1.10958,1.11027,1,BUY
2019-08-02 15:00:00,1.11024,1.11142,1.10981,1.11126,1,BUY
2019-08-02 16:00:00,1.11124,1.11158,1.11054,1.11142,1,BUY
2019-08-02 17:00:00,1.11144,1.11164,1.11043,1.11068,1,BUY
2019-08-02 18:00:00,1.11066,1.11136,1.11057,1.1111,1,BUY
2019-08-02 19:00:00,1.11107,1.11116,1.11075,1.11098,1,BUY
2019-08-02 20:00:00,1.11096,1.11098,1.1104,1.11084,1,BUY
2019-08-04 21:00:00,1.11045,1.11131,1.11045,1.11079,1,BUY
2019-08-04 22:00:00,1.11082,1.11103,1.11048,1.11061,1,BUY
2019-08-04 23:00:00,1.11058,1.11091,1.11056,1.11078,1,BUY
2019-08-05 00:00:00,1.1108,1.11326,1.11066,1.11258,1,BUY
2019-08-05 01:00:00,1.11256,1.11304,1.11192,1.11223,1,BUY
2019-08-05 02:00:00,1.1122,1.11241,1.11122,1.11226,1,BUY
2019-08-05 03:00:00,1.11228,1.11311,1.11228,1.11258,1,BUY
2019-08-05 04:00:00,1.11256,1.1132,1.11233,1.11276,1,BUY
2019-08-05 05:00:00,1.11279,1.1131,1.11238,1.11257,1,BUY
2019-08-05 06:00:00,1.11255,1.11312,1.11171,1.11214,1,BUY
2019-08-05 07:00:00,1.11212,1.11356,1.11144,1.11301,1,BUY
2019-08-05 08:00:00,1.11304,1.11475,1.11296,1.11468,1,BUY
2019-08-05 09:00:00,1.11466,1.11545,1.11417,1.11488,1,BUY
2019-08-05 10:00:00,1.1149,1.11706,1.11482,1.11706,1,BUY
2019-08-05 11:00:00,1.11704,1.11808,1.11668,1.11797,1,BUY
2019-08-05 12:00:00,1.11795,1.11844,1.11718,1.11772,1,BUY
2019-08-05 13:00:00,1.11769,1.11844,1.11702,1.11784,1,BUY
2019-08-05 14:00:00,1.11787,1.12,1.11787,1.11853,1,BUY
2019-08-05 15:00:00,1.1185,1.11976,1.11794,1.11966,1,BUY
2019-08-05 16:00:00,1.11968,1.12132,1.11936,1.1211,1,BUY
2019-08-05 17:00:00,1.12113,1.12119,1.12042,1.12043,1,BUY
2019-08-05 18:00:00,1.1204,1.12071,1.11996,1.1203,1,BUY
2019-08-05 19:00:00,1.12028,1.12064,1.11937,1.11968,1,BUY
2019-08-05 20:00:00,1.11966,1.12038,1.11946,1.1203,1,BUY
2019-08-05 21:00:00,1.12048,1.12145,1.12002,1.12141,1,BUY
2019-08-05 22:00:00,1.12139,1.12263,1.12136,1.12249,1,BUY
2019-08-05 23:00:00,1.12247,1.12452,1.12219,1.1242,1,BUY
2019-08-06 00:00:00,1.12418,1.12496,1.12399,1.12428,1,BUY
2019-08-06 01:00:00,1.12426,1.12426,1.12237,1.1226,1,BUY
2019-08-06 02:00:00,1.12258,1.12318,1.12252,1.12278,1,BUY
2019-08-06 03:00:00,1.12276,1.12289,1.12096,1.12125,1,BUY
2019-08-06 04:00:00,1.12123,1.12123,1.11902,1.12028,1,BUY
2019-08-06 05:00:00,1.1203,1.12073,1.11968,1.11974,1,BUY
2019-08-06 06:00:00,1.11974,1.1212,1.11972,1.12041,1,BUY
2019-08-06 07:00:00,1.12044,1.12187,1.11971,1.1214,1,BUY
2019-08-06 08:00:00,1.12142,1.12142,1.1198,1.11992,1,BUY
2019-08-06 09:00:00,1.1199,1.12052,1.11949,1.12014,1,BUY
2019-08-06 10:00:00,1.12017,1.12026,1.1193,1.12024,1,BUY
2019-08-06 11:00:00,1.12022,1.12026,1.11827,1.11848,1,BUY
2019-08-06 12:00:00,1.11845,1.11878,1.11776,1.11798,1,BUY
2019-08-06 13:00:00,1.11795,1.11838,1.11676,1.11734,1,BUY
2019-08-06 14:00:00,1.11732,1.11874,1.11718,1.11824,1,BUY
2019-08-06 15:00:00,1.11827,1.12058,1.11827,1.11966,1,BUY
2019-08-06 16:00:00,1.11963,1.12056,1.11936,1.11976,1,BUY
2019-08-06 17:00:00,1.11973,1.12049,1.11944,1.11944,1,BUY
2019-08-06 18:00:00,1.11947,1.1201,1.11909,1.12004,1,BUY
2019-08-06 19:00:00,1.12006,1.1201,1.11932,1.11979,1,BUY
2019-08-06 20:00:00,1.11977,1.12066,1.11974,1.12018,1,BUY
2019-08-06 21:00:00,1.12004,1.12048,1.12002,1.1202,1,BUY
2019-08-06 22:00:00,1.12017,1.12048,1.12007,1.12018,1,BUY
2019-08-06 23:00:00,1.12016,1.12059,1.12011,1.12054,1,BUY
2019-08-07 00:00:00,1.12056,1.12176,1.12046,1.12091,1,BUY
2019-08-07 01:00:00,1.12088,1.12196,1.12056,1.12134,1,BUY
2019-08-07 02:00:00,1.12136,1.12144,1.12058,1.12094,1,BUY
2019-08-07 03:00:00,1.12096,1.12172,1.12062,1.12146,1,BUY
2019-08-07 04:00:00,1.12143,1.12157,1.12106,1.12112,1,BUY
2019-08-07 05:00:00,1.12114,1.12121,1.12039,1.12066,1,BUY
2019-08-07 06:00:00,1.12066,1.12076,1.11956,1.11988,1,BUY
2019-08-07 07:00:00,1.11985,1.1203,1.11888,1.11894,1,BUY
2019-08-07 08:00:00,1.11897,1.11948,1.1187,1.11908,1,BUY
2019-08-07 09:00:00,1.11906,1.11906,1.11818,1.11854,1,BUY
2019-08-07 10:00:00,1.11851,1.11882,1.11795,1.11844,0,SELL
2019-08-07 11:00:00,1.11842,1.11999,1.11838,1.11983,0,SELL
2019-08-07 12:00:00,1.11986,1.12086,1.1191,1.1207,0,SELL
2019-08-07 13:00:00,1.12072,1.12406,1.12037,1.12346,1,BUY
2019-08-07 14:00:00,1.12343,1.12404,1.12072,1.12159,1,BUY
2019-08-07 15:00:00,1.12162,1.12368,1.12132,1.12354,1,BUY
2019-08-07 16:00:00,1.12356,1.12418,1.12261,1.12272,1,BUY
2019-08-07 17:00:00,1.12274,1.12311,1.12105,1.12168,1,BUY
2019-08-07 18:00:00,1.12165,1.12226,1.12098,1.12145,1,BUY
2019-08-07 19:00:00,1.12142,1.12172,1.12028,1.12037,1,BUY
2019-08-07 20:00:00,1.12032,1.12067,1.11988,1.1199,1,BUY
2019-08-07 21:00:00,1.11985,1.12052,1.11976,1.12014,1,BUY
2019-08-07 22:00:00,1.12012,1.12066,1.12008,1.1205,1,BUY
2019-08-07 23:00:00,1.12053,1.12068,1.12014,1.12041,1,BUY
2019-08-08 00:00:00,1.12038,1.12138,1.12036,1.12104,1,BUY
2019-08-08 01:00:00,1.12102,1.12124,1.12012,1.12073,1,BUY
2019-08-08 02:00:00,1.12076,1.12124,1.12072,1.121,1,BUY
2019-08-08 03:00:00,1.12103,1.12115,1.12082,1.12105,1,BUY
2019-08-08 04:00:00,1.12107,1.12115,1.12087,1.12096,1,BUY
2019-08-08 05:00:00,1.12098,1.12129,1.12084,1.12122,1,BUY
2019-08-08 06:00:00,1.12122,1.12156,1.12004,1.12064,1,BUY
2019-08-08 07:00:00,1.12066,1.12198,1.12025,1.12173,1,BUY
2019-08-08 08:00:00,1.1217,1.12278,1.12142,1.12147,1,BUY
2019-08-08 09:00:00,1.12144,1.12206,1.12104,1.12118,1,BUY
2019-08-08 10:00:00,1.12115,1.12118,1.12005,1.12005,1,BUY
2019-08-08 11:00:00,1.12002,1.12044,1.1186,1.1188,1,BUY
2019-08-08 12:00:00,1.11878,1.12052,1.11813,1.12042,0,SELL
2019-08-08 13:00:00,1.12045,1.12244,1.11872,1.11969,0,SELL
2019-08-08 14:00:00,1.11966,1.12313,1.11932,1.11998,0,SELL
2019-08-08 15:00:00,1.12,1.12198,1.11996,1.12068,0,SELL
2019-08-08 16:00:00,1.1207,1.12162,1.1204,1.1205,0,SELL
2019-08-08 17:00:00,1.12053,1.12106,1.11987,1.12003,0,SELL
2019-08-08 18:00:00,1.12006,1.1205,1.11827,1.11854,0,SELL
2019-08-08 19:00:00,1.11851,1.11936,1.11851,1.11872,0,SELL
2019-08-08 20:00:00,1.11874,1.11875,1.11773,1.11796,0,SELL
2019-08-08 21:00:00,1.11837,1.11942,1.11803,1.11937,0,SELL
2019-08-08 22:00:00,1.11934,1.11936,1.11855,1.11857,0,SELL
2019-08-08 23:00:00,1.1186,1.11894,1.1186,1.11862,0,SELL
2019-08-09 00:00:00,1.11865,1.11946,1.11852,1.11928,0,SELL
2019-08-09 01:00:00,1.11925,1.11971,1.11897,1.11944,0,SELL
2019-08-09 02:00:00,1.11942,1.11971,1.11931,1.11962,0,SELL
2019-08-09 03:00:00,1.1196,1.11964,1.11942,1.11961,0,SELL
2019-08-09 04:00:00,1.11958,1.11966,1.11932,1.1195,0,SELL
2019-08-09 05:00:00,1.11952,1.11978,1.11952,1.11964,0,SELL
2019-08-09 06:00:00,1.11964,1.11975,1.11848,1.11868,0,SELL
2019-08-09 07:00:00,1.1187,1.11978,1.11842,1.11874,0,SELL
2019-08-09 08:00:00,1.11872,1.11982,1.11834,1.11942,0,SELL
2019-08-09 09:00:00,1.11944,1.12068,1.11935,1.12038,0,SELL
2019-08-09 10:00:00,1.12041,1.12081,1.11958,1.12053,0,SELL
2019-08-09 11:00:00,1.12055,1.12059,1.11956,1.12033,0,SELL
2019-08-09 12:00:00,1.12036,1.12048,1.11953,1.12018,0,SELL
2019-08-09 13:00:00,1.1202,1.12036,1.11916,1.11931,0,SELL
2019-08-09 14:00:00,1.11933,1.1204,1.11883,1.12009,0,SELL
2019-08-09 15:00:00,1.12012,1.12217,1.11998,1.12212,1,BUY
2019-08-09 16:00:00,1.1221,1.12231,1.12044,1.12112,1,BUY
2019-08-09 17:00:00,1.1211,1.12124,1.12034,1.12043,1,BUY
2019-08-09 18:00:00,1.12041,1.12078,1.12036,1.1207,1,BUY
2019-08-09 19:00:00,1.12068,1.12075,1.12028,1.12028,1,BUY
2019-08-09 20:00:00,1.12026,1.12032,1.11996,1.12001,1,BUY
2019-08-11 21:00:00,1.1198,1.12037,1.1198,1.12016,1,BUY
2019-08-11 22:00:00,1.12014,1.12043,1.11985,1.12023,0,SELL
2019-08-11 23:00:00,1.1202,1.1208,1.12006,1.12076,0,SELL
2019-08-12 00:00:00,1.12073,1.1208,1.12022,1.12052,0,SELL
2019-08-12 01:00:00,1.12054,1.12078,1.12034,1.12075,0,SELL
2019-08-12 02:00:00,1.12078,1.12096,1.12066,1.1208,1,BUY
2019-08-12 03:00:00,1.12078,1.12084,1.1206,1.1206,1,BUY
2019-08-12 04:00:00,1.12063,1.12099,1.1206,1.12094,1,BUY
2019-08-12 05:00:00,1.12092,1.12112,1.12074,1.1211,1,BUY
2019-08-12 06:00:00,1.12106,1.12107,1.12014,1.12014,1,BUY
2019-08-12 07:00:00,1.12017,1.12017,1.11674,1.11678,0,SELL
2019-08-12 08:00:00,1.11681,1.11777,1.1162,1.1176,0,SELL
2019-08-12 09:00:00,1.11758,1.11864,1.1173,1.11852,0,SELL
2019-08-12 10:00:00,1.11854,1.12002,1.1183,1.11974,0,SELL
2019-08-12 11:00:00,1.11977,1.11982,1.11864,1.11888,0,SELL
2019-08-12 12:00:00,1.11886,1.1214,1.11874,1.12095,0,SELL
2019-08-12 13:00:00,1.12092,1.12206,1.1208,1.12178,0,SELL
2019-08-12 14:00:00,1.12176,1.12204,1.12122,1.12182,0,SELL
2019-08-12 15:00:00,1.12179,1.12308,1.12106,1.12106,1,BUY
2019-08-12 16:00:00,1.12108,1.12149,1.12096,1.12123,1,BUY
2019-08-12 17:00:00,1.1212,1.12162,1.12108,1.12139,1,BUY
2019-08-12 18:00:00,1.12136,1.12234,1.121,1.12204,1,BUY
2019-08-12 19:00:00,1.12202,1.12202,1.12112,1.12127,1,BUY
2019-08-12 20:00:00,1.12129,1.12158,1.12118,1.12138,1,BUY
2019-08-12 21:00:00,1.1213,1.12204,1.1213,1.12158,1,BUY
2019-08-12 22:00:00,1.12156,1.12181,1.12139,1.12144,1,BUY
2019-08-12 23:00:00,1.12146,1.12164,1.12142,1.12161,1,BUY
2019-08-13 00:00:00,1.12163,1.12163,1.1206,1.1206,1,BUY
2019-08-13 01:00:00,1.12058,1.121,1.12046,1.12093,1,BUY
2019-08-13 02:00:00,1.1209,1.12094,1.11865,1.11913,0,SELL
2019-08-13 03:00:00,1.11915,1.11946,1.11821,1.11887,0,SELL
2019-08-13 04:00:00,1.11884,1.11904,1.11862,1.11901,0,SELL
2019-08-13 05:00:00,1.11899,1.11944,1.11883,1.11934,0,SELL
2019-08-13 06:00:00,1.11932,1.11986,1.11878,1.11932,0,SELL
2019-08-13 07:00:00,1.11928,1.11974,1.11858,1.11924,0,SELL
2019-08-13 08:00:00,1.11922,1.1194,1.1186,1.1192,0,SELL
2019-08-13 09:00:00,1.11922,1.12095,1.11844,1.12059,0,SELL
2019-08-13 10:00:00,1.12057,1.12214,1.12036,1.12163,0,SELL
2019-08-13 11:00:00,1.12166,1.12195,1.12125,1.12148,0,SELL
2019-08-13 12:00:00,1.12151,1.12285,1.12058,1.12168,1,BUY
2019-08-13 13:00:00,1.12171,1.12194,1.117,1.11847,1,BUY
2019-08-13 14:00:00,1.11845,1.11991,1.11752,1.11877,0,SELL
2019-08-13 15:00:00,1.1188,1.11948,1.11807,1.1183,0,SELL
2019-08-13 16:00:00,1.11828,1.11853,1.11716,1.11798,0,SELL
2019-08-13 17:00:00,1.11795,1.11862,1.11736,1.11757,0,SELL
2019-08-13 18:00:00,1.11754,1.11785,1.11722,1.11738,0,SELL
2019-08-13 19:00:00,1.1174,1.11755,1.11721,1.11736,0,SELL
2019-08-13 20:00:00,1.11734,1.11744,1.1171,1.11716,0,SELL
2019-08-13 21:00:00,1.11712,1.11764,1.11705,1.11728,0,SELL
2019-08-13 22:00:00,1.11726,1.11748,1.1171,1.11748,0,SELL
2019-08-13 23:00:00,1.11746,1.11771,1.11728,1.11766,0,SELL
2019-08-14 00:00:00,1.11768,1.11784,1.11732,1.1178,0,SELL
2019-08-14 01:00:00,1.11778,1.11796,1.11718,1.11726,0,SELL
2019-08-14 02:00:00,1.11723,1.11784,1.11716,1.11754,0,SELL
2019-08-14 03:00:00,1.11758,1.11774,1.11697,1.1171,0,SELL
2019-08-14 04:00:00,1.11708,1.11742,1.11692,1.1172,0,SELL
2019-08-14 05:00:00,1.11718,1.11728,1.11653,1.11668,0,SELL
2019-08-14 06:00:00,1.11666,1.11788,1.1165,1.11777,0,SELL
2019-08-14 07:00:00,1.11775,1.11848,1.1175,1.11802,0,SELL
2019-08-14 08:00:00,1.118,1.11854,1.11754,1.11763,0,SELL
2019-08-14 09:00:00,1.1176,1.11846,1.11726,1.11788,0,SELL
2019-08-14 10:00:00,1.1179,1.11895,1.11755,1.11798,0,SELL
2019-08-14 11:00:00,1.11796,1.1186,1.11659,1.11838,0,SELL
2019-08-14 12:00:00,1.11835,1.11908,1.11734,1.11776,0,SELL
2019-08-14 13:00:00,1.11773,1.11804,1.1156,1.11572,0,SELL
2019-08-14 14:00:00,1.1157,1.11592,1.11373,1.1149,0,SELL
2019-08-14 15:00:00,1.11492,1.11522,1.11382,1.11436,0,SELL
2019-08-14 16:00:00,1.11439,1.1145,1.11358,1.11444,0,SELL
2019-08-14 17:00:00,1.11442,1.11463,1.11373,1.11415,0,SELL
2019-08-14 18:00:00,1.11417,1.11443,1.11326,1.11387,0,SELL
2019-08-14 19:00:00,1.11389,1.11417,1.11307,1.11336,0,SELL
2019-08-14 20:00:00,1.11332,1.11398,1.11325,1.11392,0,SELL
2019-08-14 21:00:00,1.11392,1.11434,1.11347,1.11416,0,SELL
2019-08-14 22:00:00,1.11414,1.11448,1.11407,1.11443,0,SELL
2019-08-14 23:00:00,1.1144,1.11453,1.11424,1.1143,0,SELL
2019-08-15 00:00:00,1.11432,1.11453,1.11398,1.1142,0,SELL
2019-08-15 01:00:00,1.11422,1.1147,1.1141,1.1143,0,SELL
2019-08-15 02:00:00,1.11428,1.11442,1.11392,1.11416,0,SELL
2019-08-15 03:00:00,1.11418,1.11482,1.11418,1.1148,0,SELL
2019-08-15 04:00:00,1.11477,1.11518,1.11467,1.11512,0,SELL
2019-08-15 05:00:00,1.11514,1.11517,1.11473,1.11486,0,SELL
2019-08-15 06:00:00,1.11486,1.11533,1.11406,1.11486,0,SELL
2019-08-15 07:00:00,1.11482,1.11517,1.11406,1.11481,0,SELL
2019-08-15 08:00:00,1.11483,1.11538,1.11425,1.11484,0,SELL
2019-08-15 09:00:00,1.11481,1.1151,1.11402,1.11507,0,SELL
2019-08-15 10:00:00,1.11504,1.11582,1.11502,1.1154,0,SELL
2019-08-15 11:00:00,1.11542,1.11584,1.11471,1.1151,0,SELL
2019-08-15 12:00:00,1.11512,1.11546,1.11352,1.11421,0,SELL
2019-08-15 13:00:00,1.11423,1.11448,1.11076,1.11124,0,SELL
2019-08-15 14:00:00,1.11126,1.11172,1.10914,1.11074,0,SELL
2019-08-15 15:00:00,1.11076,1.11121,1.10956,1.11032,0,SELL
2019-08-15 16:00:00,1.11035,1.1107,1.1097,1.10997,0,SELL
2019-08-15 17:00:00,1.10995,1.11191,1.10964,1.11134,0,SELL
2019-08-15 18:00:00,1.11131,1.11144,1.11009,1.11072,0,SELL
2019-08-15 19:00:00,1.11068,1.11138,1.1103,1.11136,0,SELL
2019-08-15 20:00:00,1.11134,1.11141,1.11074,1.11099,0,SELL
2019-08-15 21:00:00,1.11055,1.11123,1.11032,1.11064,0,SELL
2019-08-15 22:00:00,1.11068,1.11102,1.11066,1.11101,0,SELL
2019-08-15 23:00:00,1.11104,1.11123,1.11094,1.11105,0,SELL
2019-08-16 00:00:00,1.11108,1.11114,1.11,1.11038,0,SELL
2019-08-16 01:00:00,1.1104,1.1104,1.10968,1.10985,0,SELL
2019-08-16 02:00:00,1.10988,1.11,1.10957,1.11,0,SELL
2019-08-16 03:00:00,1.10997,1.11029,1.10985,1.11026,0,SELL
2019-08-16 04:00:00,1.11028,1.11044,1.10982,1.11036,0,SELL
2019-08-16 05:00:00,1.11033,1.1105,1.11004,1.11046,0,SELL
2019-08-16 06:00:00,1.11046,1.11064,1.11004,1.11034,0,SELL
2019-08-16 07:00:00,1.11031,1.1106,1.10852,1.10858,0,SELL
2019-08-16 08:00:00,1.1086,1.1087,1.10817,1.10842,0,SELL
2019-08-16 09:00:00,1.10838,1.10864,1.10798,1.10842,0,SELL
2019-08-16 10:00:00,1.10839,1.10858,1.10748,1.10772,0,SELL
2019-08-16 11:00:00,1.1077,1.10859,1.10736,1.10806,0,SELL
2019-08-16 12:00:00,1.10804,1.10818,1.10665,1.10739,0,SELL
2019-08-16 13:00:00,1.10742,1.10784,1.10687,1.10757,0,SELL
2019-08-16 14:00:00,1.10754,1.1107,1.10696,1.11054,0,SELL
2019-08-16 15:00:00,1.11052,1.11052,1.10876,1.10898,0,SELL
2019-08-16 16:00:00,1.10896,1.10961,1.10846,1.10934,0,SELL
2019-08-16 17:00:00,1.10936,1.10985,1.10904,1.10975,0,SELL
2019-08-16 18:00:00,1.10973,1.11032,1.10947,1.10962,0,SELL
2019-08-16 19:00:00,1.1096,1.1096,1.10903,1.10929,0,SELL
2019-08-16 20:00:00,1.10927,1.10934,1.10892,1.10904,0,SELL
2019-08-18 21:00:00,1.10942,1.1096,1.10912,1.10934,0,SELL
2019-08-18 22:00:00,1.10932,1.11014,1.1091,1.10952,0,SELL
2019-08-18 23:00:00,1.1095,1.10954,1.10898,1.1092,0,SELL
2019-08-19 00:00:00,1.10922,1.10927,1.10879,1.1091,0,SELL
2019-08-19 01:00:00,1.10907,1.1094,1.10876,1.10922,0,SELL
2019-08-19 02:00:00,1.10924,1.10934,1.10896,1.1093,0,SELL
2019-08-19 03:00:00,1.10932,1.10944,1.10904,1.10912,0,SELL
2019-08-19 04:00:00,1.10914,1.10923,1.10896,1.10917,0,SELL
2019-08-19 05:00:00,1.1092,1.10924,1.10876,1.10913,0,SELL
2019-08-19 06:00:00,1.10913,1.10956,1.109,1.10948,0,SELL
2019-08-19 07:00:00,1.1095,1.11074,1.10904,1.11042,0,SELL
2019-08-19 08:00:00,1.11039,1.11102,1.11004,1.11023,0,SELL
2019-08-19 09:00:00,1.11026,1.11072,1.10986,1.1101,0,SELL
2019-08-19 10:00:00,1.11008,1.11139,1.10968,1.1107,0,SELL
2019-08-19 11:00:00,1.11068,1.11092,1.10956,1.1103,0,SELL
2019-08-19 12:00:00,1.11032,1.11051,1.10975,1.10994,0,SELL
2019-08-19 13:00:00,1.10992,1.11006,1.10946,1.10955,0,SELL
2019-08-19 14:00:00,1.10958,1.11036,1.10938,1.10952,0,SELL
2019-08-19 15:00:00,1.10955,1.10981,1.10932,1.10956,0,SELL
2019-08-19 16:00:00,1.10959,1.10986,1.10929,1.10936,0,SELL
2019-08-19 17:00:00,1.10934,1.10966,1.10896,1.109,0,SELL
2019-08-19 18:00:00,1.10898,1.10904,1.10816,1.10821,0,SELL
2019-08-19 19:00:00,1.10819,1.1085,1.10764,1.10764,0,SELL
2019-08-19 20:00:00,1.10766,1.108,1.10766,1.10782,0,SELL
2019-08-19 21:00:00,1.10784,1.1081,1.10784,1.10799,0,SELL
2019-08-19 22:00:00,1.10796,1.10839,1.10789,1.10822,0,SELL
2019-08-19 23:00:00,1.10824,1.10831,1.10796,1.10817,0,SELL
2019-08-20 00:00:00,1.1082,1.1088,1.10818,1.10848,0,SELL
2019-08-20 01:00:00,1.10846,1.1088,1.10839,1.10864,0,SELL
2019-08-20 02:00:00,1.10862,1.10874,1.10854,1.10873,0,SELL
2019-08-20 03:00:00,1.10875,1.10884,1.10856,1.10872,0,SELL
2019-08-20 04:00:00,1.1087,1.10878,1.10855,1.10867,0,SELL
2019-08-20 05:00:00,1.1087,1.10874,1.10812,1.10844,0,SELL
2019-08-20 06:00:00,1.10844,1.10868,1.1076,1.10767,0,SELL
2019-08-20 07:00:00,1.1077,1.10802,1.10719,1.10722,0,SELL
2019-08-20 08:00:00,1.1072,1.10785,1.10712,1.10783,0,SELL
2019-08-20 09:00:00,1.1078,1.10846,1.10766,1.10828,0,SELL
2019-08-20 10:00:00,1.10824,1.10844,1.10788,1.1082,0,SELL
2019-08-20 11:00:00,1.10818,1.10838,1.10758,1.10785,0,SELL
2019-08-20 12:00:00,1.10788,1.10824,1.10746,1.10774,0,SELL
2019-08-20 13:00:00,1.10776,1.10878,1.10657,1.10792,0,SELL
2019-08-20 14:00:00,1.10795,1.10938,1.10762,1.10894,0,SELL
2019-08-20 15:00:00,1.10892,1.10964,1.10878,1.10921,0,SELL
2019-08-20 16:00:00,1.10919,1.11,1.10896,1.10988,0,SELL
2019-08-20 17:00:00,1.1099,1.11068,1.10966,1.11052,0,SELL
2019-08-20 18:00:00,1.11056,1.11066,1.10964,1.1097,0,SELL
2019-08-20 19:00:00,1.10972,1.11044,1.10972,1.11016,1,BUY
2019-08-20 20:00:00,1.11018,1.11018,1.1097,1.11008,1,BUY
2019-08-20 21:00:00,1.10998,1.11031,1.1097,1.10974,1,BUY
2019-08-20 22:00:00,1.1097,1.11023,1.1097,1.1099,1,BUY
2019-08-20 23:00:00,1.10988,1.10992,1.10974,1.10974,1,BUY
2019-08-21 00:00:00,1.10976,1.10986,1.10917,1.10924,0,SELL
2019-08-21 01:00:00,1.10928,1.10976,1.10913,1.10976,0,SELL
2019-08-21 02:00:00,1.10978,1.11052,1.10976,1.1099,0,SELL
2019-08-21 03:00:00,1.10992,1.11012,1.10949,1.10952,0,SELL
2019-08-21 04:00:00,1.10954,1.10954,1.10936,1.10941,0,SELL
2019-08-21 05:00:00,1.10939,1.10968,1.1092,1.10965,0,SELL
2019-08-21 06:00:00,1.10962,1.10982,1.10894,1.10916,0,SELL
2019-08-21 07:00:00,1.10914,1.10976,1.10879,1.10928,0,SELL
2019-08-21 08:00:00,1.10925,1.1106,1.109,1.1098,0,SELL
2019-08-21 09:00:00,1.10982,1.11002,1.10942,1.10948,0,SELL
2019-08-21 10:00:00,1.10946,1.11028,1.10942,1.11016,0,SELL
2019-08-21 11:00:00,1.11018,1.11072,1.11016,1.1103,0,SELL
2019-08-21 12:00:00,1.11027,1.11054,1.1099,1.11034,0,SELL
2019-08-21 13:00:00,1.11031,1.11043,1.10962,1.10988,1,BUY
2019-08-21 14:00:00,1.10985,1.11002,1.10923,1.10928,1,BUY
2019-08-21 15:00:00,1.10926,1.11002,1.10926,1.10971,0,SELL
2019-08-21 16:00:00,1.10974,1.11046,1.10961,1.11031,0,SELL
2019-08-21 17:00:00,1.11028,1.11034,1.10941,1.10941,0,SELL
2019-08-21 18:00:00,1.10939,1.1105,1.10809,1.1086,0,SELL
2019-08-21 19:00:00,1.10858,1.10895,1.10812,1.1085,0,SELL
2019-08-21 20:00:00,1.10848,1.10858,1.10826,1.10845,0,SELL
2019-08-21 21:00:00,1.10858,1.10884,1.10858,1.10881,0,SELL
2019-08-21 22:00:00,1.10879,1.1092,1.10879,1.10913,0,SELL
2019-08-21 23:00:00,1.10915,1.10918,1.10894,1.10905,0,SELL
2019-08-22 00:00:00,1.10903,1.10904,1.10842,1.10862,0,SELL
2019-08-22 01:00:00,1.10859,1.10888,1.10846,1.1087,0,SELL
2019-08-22 02:00:00,1.10872,1.10902,1.10867,1.10882,0,SELL
2019-08-22 03:00:00,1.1088,1.109,1.10856,1.1087,0,SELL
2019-08-22 04:00:00,1.10867,1.10868,1.10815,1.10819,0,SELL
2019-08-22 05:00:00,1.10816,1.10838,1.10806,1.10814,0,SELL
2019-08-22 06:00:00,1.10814,1.10825,1.10758,1.10818,0,SELL
2019-08-22 07:00:00,1.10816,1.11087,1.1078,1.11054,0,SELL
2019-08-22 08:00:00,1.11052,1.11132,1.10984,1.10988,0,SELL
2019-08-22 09:00:00,1.10986,1.10994,1.1072,1.10824,0,SELL
2019-08-22 10:00:00,1.10822,1.10838,1.10677,1.10686,0,SELL
2019-08-22 11:00:00,1.10683,1.10842,1.10637,1.10804,0,SELL
2019-08-22 12:00:00,1.10806,1.10868,1.10718,1.10799,0,SELL
2019-08-22 13:00:00,1.10801,1.10989,1.10801,1.1096,0,SELL
2019-08-22 14:00:00,1.10963,1.10963,1.10678,1.108,0,SELL
2019-08-22 15:00:00,1.10794,1.109,1.10794,1.10888,0,SELL
2019-08-22 16:00:00,1.1089,1.10893,1.10788,1.1082,0,SELL
2019-08-22 17:00:00,1.10818,1.10852,1.10786,1.10822,0,SELL
2019-08-22 18:00:00,1.10825,1.10894,1.10825,1.10851,0,SELL
2019-08-22 19:00:00,1.10848,1.10873,1.10824,1.10824,0,SELL
2019-08-22 20:00:00,1.10822,1.10826,1.10792,1.10796,0,SELL
2019-08-22 21:00:00,1.10816,1.10827,1.108,1.10808,0,SELL
2019-08-22 22:00:00,1.10805,1.10836,1.10804,1.10822,0,SELL
2019-08-22 23:00:00,1.1082,1.10857,1.10806,1.10836,0,SELL
2019-08-23 00:00:00,1.10834,1.10854,1.10794,1.10794,0,SELL
2019-08-23 01:00:00,1.10796,1.10804,1.10735,1.1075,0,SELL
2019-08-23 02:00:00,1.10752,1.10764,1.10722,1.10738,0,SELL
2019-08-23 03:00:00,1.1074,1.10743,1.10664,1.1068,0,SELL
2019-08-23 04:00:00,1.10682,1.10698,1.10608,1.10696,0,SELL
2019-08-23 05:00:00,1.10693,1.10704,1.10662,1.1068,0,SELL
2019-08-23 06:00:00,1.1068,1.10702,1.10656,1.10692,0,SELL
2019-08-23 07:00:00,1.10694,1.1074,1.10662,1.10689,0,SELL
2019-08-23 08:00:00,1.10691,1.10733,1.10664,1.10676,0,SELL
2019-08-23 09:00:00,1.10678,1.10686,1.10557,1.10596,0,SELL
2019-08-23 10:00:00,1.10594,1.10608,1.10518,1.1055,0,SELL
2019-08-23 11:00:00,1.10548,1.10648,1.10528,1.10568,0,SELL
2019-08-23 12:00:00,1.1057,1.10732,1.1057,1.10634,0,SELL
2019-08-23 13:00:00,1.10632,1.10725,1.10624,1.10666,0,SELL
2019-08-23 14:00:00,1.10669,1.11148,1.10531,1.11098,0,SELL
2019-08-23 15:00:00,1.111,1.11478,1.11042,1.11474,1,BUY
2019-08-23 16:00:00,1.11472,1.11472,1.11272,1.11386,1,BUY
2019-08-23 17:00:00,1.11388,1.11452,1.11359,1.114,1,BUY
2019-08-23 18:00:00,1.11397,1.11532,1.11397,1.11456,1,BUY
2019-08-23 19:00:00,1.11459,1.11504,1.11416,1.11418,1,BUY
2019-08-23 20:00:00,1.1142,1.11482,1.11336,1.11434,1,BUY
2019-08-25 21:00:00,1.11522,1.11531,1.11417,1.11486,1,BUY
2019-08-25 22:00:00,1.11484,1.11641,1.11484,1.11542,1,BUY
2019-08-25 23:00:00,1.1154,1.11543,1.11424,1.11436,1,BUY
2019-08-26 00:00:00,1.11434,1.11462,1.1136,1.11432,1,BUY
2019-08-26 01:00:00,1.1143,1.11478,1.11384,1.11446,1,BUY
2019-08-26 02:00:00,1.11443,1.11483,1.11323,1.11398,1,BUY
2019-08-26 03:00:00,1.11395,1.11437,1.1138,1.11416,1,BUY
2019-08-26 04:00:00,1.11414,1.1147,1.11412,1.11432,1,BUY
2019-08-26 05:00:00,1.1143,1.11472,1.11408,1.11436,1,BUY
2019-08-26 06:00:00,1.11439,1.1153,1.11286,1.11337,1,BUY
2019-08-26 07:00:00,1.11334,1.1136,1.11163,1.11216,1,BUY
2019-08-26 08:00:00,1.11213,1.11214,1.11108,1.11147,1,BUY
2019-08-26 09:00:00,1.11144,1.11208,1.11099,1.11176,1,BUY
2019-08-26 10:00:00,1.11178,1.11245,1.11138,1.11202,1,BUY
2019-08-26 11:00:00,1.11204,1.11208,1.11096,1.11163,0,SELL
2019-08-26 12:00:00,1.1116,1.11198,1.11066,1.11114,0,SELL
2019-08-26 13:00:00,1.11117,1.11243,1.11097,1.11174,0,SELL
2019-08-26 14:00:00,1.11172,1.11221,1.11128,1.11138,0,SELL
2019-08-26 15:00:00,1.11141,1.11164,1.11073,1.11108,0,SELL
2019-08-26 16:00:00,1.11106,1.11156,1.11081,1.11098,0,SELL
2019-08-26 17:00:00,1.11096,1.11096,1.10968,1.11046,0,SELL
2019-08-26 18:00:00,1.11044,1.11074,1.1095,1.10978,0,SELL
2019-08-26 19:00:00,1.10982,1.11009,1.10963,1.10968,0,SELL
2019-08-26 20:00:00,1.1097,1.11015,1.10944,1.11002,0,SELL
2019-08-26 21:00:00,1.11026,1.11054,1.10998,1.11001,0,SELL
2019-08-26 22:00:00,1.11003,1.1102,1.10997,1.11,0,SELL
2019-08-26 23:00:00,1.11002,1.11026,1.10984,1.11016,0,SELL
2019-08-27 00:00:00,1.11014,1.11056,1.11007,1.11036,0,SELL
2019-08-27 01:00:00,1.11038,1.11058,1.11012,1.11035,0,SELL
2019-08-27 02:00:00,1.11037,1.11072,1.1103,1.11052,0,SELL
2019-08-27 03:00:00,1.11048,1.1105,1.11006,1.11016,0,SELL
2019-08-27 04:00:00,1.11018,1.1102,1.10981,1.10986,0,SELL
2019-08-27 05:00:00,1.10988,1.1104,1.10984,1.11024,0,SELL
2019-08-27 06:00:00,1.11024,1.11058,1.10982,1.11054,0,SELL
2019-08-27 07:00:00,1.11056,1.11148,1.11041,1.1109,0,SELL
2019-08-27 08:00:00,1.11088,1.1116,1.1106,1.11134,0,SELL
2019-08-27 09:00:00,1.11131,1.11154,1.11061,1.11077,0,SELL
2019-08-27 10:00:00,1.11075,1.11084,1.11018,1.1107,0,SELL
2019-08-27 11:00:00,1.11073,1.11097,1.11002,1.11014,0,SELL
2019-08-27 12:00:00,1.11012,1.11098,1.11008,1.11086,0,SELL
2019-08-27 13:00:00,1.11089,1.11091,1.10944,1.11016,0,SELL
2019-08-27 14:00:00,1.11018,1.11034,1.1092,1.11016,0,SELL
2019-08-27 15:00:00,1.11018,1.11027,1.10876,1.10938,0,SELL
2019-08-27 16:00:00,1.10941,1.10972,1.10858,1.10968,0,SELL
2019-08-27 17:00:00,1.10966,1.10968,1.10895,1.10924,0,SELL
2019-08-27 18:00:00,1.1092,1.1096,1.10906,1.10932,0,SELL
2019-08-27 19:00:00,1.1093,1.1093,1.10886,1.10899,0,SELL
2019-08-27 20:00:00,1.10902,1.10904,1.10873,1.10902,0,SELL
2019-08-27 21:00:00,1.10909,1.10951,1.10901,1.10938,0,SELL
2019-08-27 22:00:00,1.10934,1.10934,1.10908,1.1092,0,SELL
2019-08-27 23:00:00,1.10922,1.1093,1.10896,1.10898,0,SELL
2019-08-28 00:00:00,1.109,1.10923,1.10862,1.10884,0,SELL
2019-08-28 01:00:00,1.10886,1.10904,1.10856,1.10872,0,SELL
2019-08-28 02:00:00,1.10874,1.10893,1.10867,1.10884,0,SELL
2019-08-28 03:00:00,1.10882,1.1089,1.10862,1.10875,0,SELL
2019-08-28 04:00:00,1.10873,1.10873,1.10844,1.10868,0,SELL
2019-08-28 05:00:00,1.1087,1.109,1.10854,1.10888,0,SELL
2019-08-28 06:00:00,1.10888,1.10898,1.10848,1.10885,0,SELL
2019-08-28 07:00:00,1.10887,1.10976,1.10874,1.10932,0,SELL
2019-08-28 08:00:00,1.1093,1.10981,1.10827,1.10888,0,SELL
2019-08-28 09:00:00,1.10891,1.10954,1.10857,1.10914,0,SELL
2019-08-28 10:00:00,1.10912,1.10978,1.10884,1.10932,0,SELL
2019-08-28 11:00:00,1.10929,1.10932,1.10834,1.10839,0,SELL
2019-08-28 12:00:00,1.10842,1.10862,1.10802,1.10818,0,SELL
2019-08-28 13:00:00,1.10815,1.1086,1.1074,1.10818,0,SELL
2019-08-28 14:00:00,1.10816,1.10837,1.10732,1.1076,0,SELL
2019-08-28 15:00:00,1.10755,1.10848,1.10744,1.10835,0,SELL
2019-08-28 16:00:00,1.10838,1.1085,1.10763,1.10788,0,SELL
2019-08-28 17:00:00,1.10786,1.10858,1.10774,1.10832,0,SELL
2019-08-28 18:00:00,1.10834,1.10848,1.10777,1.10796,0,SELL
2019-08-28 19:00:00,1.10799,1.10811,1.10752,1.1076,0,SELL
2019-08-28 20:00:00,1.10758,1.10782,1.10749,1.10777,0,SELL
2019-08-28 21:00:00,1.10782,1.10851,1.10782,1.10812,0,SELL
2019-08-28 22:00:00,1.1081,1.10845,1.10808,1.10844,0,SELL
2019-08-28 23:00:00,1.10846,1.10866,1.10835,1.10858,0,SELL
2019-08-29 00:00:00,1.10855,1.10868,1.10834,1.10852,0,SELL
2019-08-29 01:00:00,1.1085,1.10876,1.10829,1.10832,0,SELL
2019-08-29 02:00:00,1.10829,1.10834,1.10805,1.10824,0,SELL
2019-08-29 03:00:00,1.10822,1.10848,1.10822,1.10842,0,SELL
2019-08-29 04:00:00,1.10844,1.10848,1.10808,1.10812,0,SELL
2019-08-29 05:00:00,1.10814,1.10853,1.10814,1.10843,0,SELL
2019-08-29 06:00:00,1.10846,1.10859,1.1081,1.10812,0,SELL
2019-08-29 07:00:00,1.1081,1.1085,1.10748,1.10824,0,SELL
2019-08-29 08:00:00,1.10822,1.10832,1.10758,1.10766,0,SELL
2019-08-29 09:00:00,1.10764,1.1078,1.10702,1.10765,0,SELL
2019-08-29 10:00:00,1.10767,1.10774,1.10722,1.10746,0,SELL
2019-08-29 11:00:00,1.10749,1.10766,1.10697,1.10742,0,SELL
2019-08-29 12:00:00,1.10744,1.10819,1.10692,1.10705,0,SELL
2019-08-29 13:00:00,1.10708,1.10736,1.10558,1.10628,0,SELL
2019-08-29 14:00:00,1.10631,1.10925,1.10594,1.10672,0,SELL
2019-08-29 15:00:00,1.1067,1.10672,1.1055,1.10583,0,SELL
2019-08-29 16:00:00,1.10587,1.10592,1.10501,1.1053,0,SELL
2019-08-29 17:00:00,1.10528,1.10546,1.1042,1.10538,0,SELL
2019-08-29 18:00:00,1.10536,1.10552,1.10507,1.10523,0,SELL
2019-08-29 19:00:00,1.10521,1.10582,1.10518,1.10579,0,SELL
2019-08-29 20:00:00,1.10576,1.10584,1.10555,1.10568,0,SELL
2019-08-29 21:00:00,1.10568,1.10593,1.10556,1.10586,0,SELL
2019-08-29 22:00:00,1.10583,1.10586,1.10562,1.10581,0,SELL
2019-08-29 23:00:00,1.10583,1.10604,1.1058,1.10591,0,SELL
2019-08-30 00:00:00,1.10588,1.106,1.10521,1.10538,0,SELL
2019-08-30 01:00:00,1.10541,1.10542,1.10476,1.10494,0,SELL
2019-08-30 02:00:00,1.10491,1.10501,1.10428,1.10436,0,SELL
2019-08-30 03:00:00,1.10432,1.10463,1.10424,1.10444,0,SELL
2019-08-30 04:00:00,1.10447,1.10457,1.10433,1.1045,0,SELL
2019-08-30 05:00:00,1.10448,1.10501,1.10448,1.10482,0,SELL
2019-08-30 06:00:00,1.10482,1.10517,1.10354,1.1038,0,SELL
2019-08-30 07:00:00,1.10382,1.10406,1.10334,1.10378,0,SELL
2019-08-30 08:00:00,1.10376,1.1044,1.10351,1.10383,0,SELL
2019-08-30 09:00:00,1.10385,1.10458,1.10376,1.10404,0,SELL
2019-08-30 10:00:00,1.10406,1.10446,1.1039,1.10406,0,SELL
2019-08-30 11:00:00,1.10408,1.10421,1.10348,1.10354,0,SELL
2019-08-30 12:00:00,1.10356,1.10424,1.10342,1.10382,0,SELL
2019-08-30 13:00:00,1.10385,1.10491,1.10385,1.10448,0,SELL
2019-08-30 14:00:00,1.10446,1.10495,1.101,1.10124,0,SELL
2019-08-30 15:00:00,1.10122,1.10136,1.09848,1.09891,0,SELL
2019-08-30 16:00:00,1.09889,1.09928,1.09854,1.09874,0,SELL
2019-08-30 17:00:00,1.09872,1.09872,1.09632,1.09714,0,SELL
2019-08-30 18:00:00,1.09712,1.09799,1.09694,1.09768,0,SELL
2019-08-30 19:00:00,1.0977,1.09928,1.0977,1.09918,0,SELL
2019-08-30 20:00:00,1.0992,1.09948,1.09895,1.09905,0,SELL
2019-09-01 21:00:00,1.09894,1.09908,1.09842,1.09882,0,SELL
2019-09-01 22:00:00,1.09888,1.09968,1.09888,1.0992,0,SELL
2019-09-01 23:00:00,1.09918,1.09942,1.09897,1.09906,0,SELL
2019-09-02 00:00:00,1.09904,1.09914,1.09868,1.09877,0,SELL
2019-09-02 01:00:00,1.0988,1.09932,1.09848,1.09912,0,SELL
2019-09-02 02:00:00,1.0991,1.09922,1.09873,1.09907,0,SELL
2019-09-02 03:00:00,1.09904,1.09932,1.09895,1.09902,0,SELL
2019-09-02 04:00:00,1.09904,1.09926,1.09881,1.09881,0,SELL
2019-09-02 05:00:00,1.09883,1.09902,1.09866,1.09868,0,SELL
2019-09-02 06:00:00,1.09866,1.09926,1.09804,1.09826,0,SELL
2019-09-02 07:00:00,1.09823,1.09863,1.09768,1.09824,0,SELL
2019-09-02 08:00:00,1.09822,1.09876,1.09702,1.09728,0,SELL
2019-09-02 09:00:00,1.0973,1.09738,1.0958,1.09592,0,SELL
2019-09-02 10:00:00,1.09594,1.09692,1.09594,1.09666,0,SELL
2019-09-02 11:00:00,1.09664,1.09752,1.0966,1.09687,0,SELL
2019-09-02 12:00:00,1.09685,1.09706,1.09628,1.09656,0,SELL
2019-09-02 13:00:00,1.09659,1.09675,1.09604,1.09675,0,SELL
2019-09-02 14:00:00,1.09673,1.09704,1.09618,1.09694,0,SELL
2019-09-02 15:00:00,1.09692,1.09709,1.09632,1.09678,0,SELL
2019-09-02 16:00:00,1.09676,1.09755,1.09672,1.09737,0,SELL
2019-09-02 17:00:00,1.09734,1.09734,1.09682,1.09694,0,SELL
2019-09-02 18:00:00,1.09691,1.09711,1.09691,1.09698,0,SELL
2019-09-02 19:00:00,1.09702,1.09711,1.09696,1.09704,0,SELL
2019-09-02 20:00:00,1.09702,1.09738,1.09638,1.09698,0,SELL
2019-09-02 21:00:00,1.09698,1.09724,1.09696,1.09696,0,SELL
2019-09-02 22:00:00,1.09693,1.097,1.09656,1.09666,0,SELL
2019-09-02 23:00:00,1.09663,1.09663,1.0962,1.09643,0,SELL
2019-09-03 00:00:00,1.0964,1.09641,1.09514,1.09536,0,SELL
2019-09-03 01:00:00,1.09538,1.09538,1.0935,1.09396,0,SELL
2019-09-03 02:00:00,1.09394,1.09399,1.09308,1.09315,0,SELL
2019-09-03 03:00:00,1.09318,1.09407,1.09318,1.09357,0,SELL
2019-09-03 04:00:00,1.09355,1.09406,1.0934,1.09406,0,SELL
2019-09-03 05:00:00,1.09404,1.09494,1.09348,1.09464,0,SELL
2019-09-03 06:00:00,1.09464,1.09486,1.09344,1.09418,0,SELL
2019-09-03 07:00:00,1.09416,1.09458,1.09329,1.09397,0,SELL
2019-09-03 08:00:00,1.09395,1.09514,1.09387,1.09492,0,SELL
2019-09-03 09:00:00,1.0949,1.0949,1.0938,1.09421,0,SELL
2019-09-03 10:00:00,1.09423,1.0943,1.09262,1.09383,0,SELL
2019-09-03 11:00:00,1.09381,1.09426,1.09268,1.09371,0,SELL
2019-09-03 12:00:00,1.09374,1.09425,1.09347,1.09399,0,SELL
2019-09-03 13:00:00,1.09402,1.0954,1.09284,1.09474,0,SELL
2019-09-03 14:00:00,1.09482,1.09788,1.09482,1.09592,0,SELL
2019-09-03 15:00:00,1.09594,1.09695,1.09583,1.09669,0,SELL
2019-09-03 16:00:00,1.09672,1.09723,1.09614,1.09702,0,SELL
2019-09-03 17:00:00,1.09704,1.09735,1.09678,1.09724,0,SELL
2019-09-03 18:00:00,1.09722,1.09754,1.09648,1.09671,0,SELL
2019-09-03 19:00:00,1.09668,1.09734,1.09649,1.0968,0,SELL
2019-09-03 20:00:00,1.09678,1.09756,1.09667,1.09739,0,SELL
2019-09-03 21:00:00,1.09729,1.09778,1.09713,1.09716,0,SELL
2019-09-03 22:00:00,1.09713,1.09732,1.09688,1.09712,0,SELL
2019-09-03 23:00:00,1.09716,1.09731,1.09689,1.09728,0,SELL
2019-09-04 00:00:00,1.09726,1.09793,1.09718,1.09745,0,SELL
2019-09-04 01:00:00,1.09742,1.09797,1.09742,1.09744,0,SELL
2019-09-04 02:00:00,1.0974,1.09758,1.09726,1.0975,0,SELL
2019-09-04 03:00:00,1.09752,1.09766,1.09726,1.09758,0,SELL
2019-09-04 04:00:00,1.09762,1.09766,1.09734,1.09748,0,SELL
2019-09-04 05:00:00,1.09746,1.0977,1.09732,1.09754,0,SELL
2019-09-04 06:00:00,1.09754,1.09856,1.09738,1.09811,0,SELL
2019-09-04 07:00:00,1.09809,1.09942,1.09766,1.09924,0,SELL
2019-09-04 08:00:00,1.09922,1.10128,1.09858,1.10072,1,BUY
2019-09-04 09:00:00,1.1007,1.10234,1.10036,1.10204,1,BUY
2019-09-04 10:00:00,1.10202,1.10214,1.10136,1.10168,1,BUY
2019-09-04 11:00:00,1.1017,1.102,1.10073,1.1015,1,BUY
2019-09-04 12:00:00,1.10152,1.10204,1.10093,1.10163,1,BUY
2019-09-04 13:00:00,1.10166,1.10193,1.10104,1.10116,1,BUY
2019-09-04 14:00:00,1.10118,1.10322,1.101,1.10288,1,BUY
2019-09-04 15:00:00,1.1029,1.10328,1.10231,1.10246,1,BUY
2019-09-04 16:00:00,1.10244,1.10314,1.1023,1.10262,1,BUY
2019-09-04 17:00:00,1.10258,1.10298,1.10222,1.10277,1,BUY
2019-09-04 18:00:00,1.1028,1.10383,1.10246,1.10316,1,BUY
2019-09-04 19:00:00,1.10314,1.10358,1.1027,1.10324,1,BUY
2019-09-04 20:00:00,1.10322,1.10354,1.10276,1.10348,1,BUY
2019-09-04 21:00:00,1.10352,1.10363,1.10322,1.10352,1,BUY
2019-09-04 22:00:00,1.10348,1.10367,1.10336,1.10344,1,BUY
2019-09-04 23:00:00,1.10342,1.10354,1.10335,1.10348,1,BUY
2019-09-05 00:00:00,1.10346,1.10376,1.1031,1.10342,1,BUY
2019-09-05 01:00:00,1.10344,1.10392,1.10275,1.1029,1,BUY
2019-09-05 02:00:00,1.10288,1.10336,1.10268,1.10312,1,BUY
2019-09-05 03:00:00,1.1031,1.10314,1.10265,1.1027,1,BUY
2019-09-05 04:00:00,1.10272,1.10294,1.10246,1.10269,1,BUY
2019-09-05 05:00:00,1.10266,1.10304,1.1025,1.10274,1,BUY
2019-09-05 06:00:00,1.10274,1.10275,1.10167,1.10223,1,BUY
2019-09-05 07:00:00,1.10226,1.10434,1.10188,1.10397,1,BUY
2019-09-05 08:00:00,1.10399,1.10444,1.10293,1.10378,1,BUY
2019-09-05 09:00:00,1.10374,1.10484,1.10357,1.1044,1,BUY
2019-09-05 10:00:00,1.10442,1.10568,1.10424,1.10563,1,BUY
2019-09-05 11:00:00,1.1056,1.10672,1.10538,1.10657,1,BUY
2019-09-05 12:00:00,1.1066,1.10671,1.10526,1.106,1,BUY
2019-09-05 13:00:00,1.10597,1.10848,1.10584,1.10816,1,BUY
2019-09-05 14:00:00,1.1081,1.1081,1.10408,1.10428,1,BUY
2019-09-05 15:00:00,1.1043,1.10514,1.10374,1.10378,1,BUY
2019-09-05 16:00:00,1.10376,1.10424,1.10352,1.10414,1,BUY
2019-09-05 17:00:00,1.10416,1.10434,1.10346,1.10384,1,BUY
2019-09-05 18:00:00,1.10382,1.10398,1.10322,1.10362,1,BUY
2019-09-05 19:00:00,1.10364,1.10376,1.10339,1.10362,1,BUY
2019-09-05 20:00:00,1.1036,1.10374,1.10336,1.10346,1,BUY
2019-09-05 21:00:00,1.10346,1.10387,1.10337,1.10352,1,BUY
2019-09-05 22:00:00,1.10354,1.1038,1.10354,1.10356,1,BUY
2019-09-05 23:00:00,1.10354,1.10369,1.10328,1.1034,1,BUY
2019-09-06 00:00:00,1.10342,1.10354,1.10298,1.10303,1,BUY
2019-09-06 01:00:00,1.10305,1.1035,1.10302,1.10304,1,BUY
2019-09-06 02:00:00,1.10301,1.1036,1.10301,1.10338,1,BUY
2019-09-06 03:00:00,1.1034,1.1035,1.10332,1.10345,1,BUY
2019-09-06 04:00:00,1.10343,1.10382,1.10336,1.10378,1,BUY
2019-09-06 05:00:00,1.10376,1.10464,1.10368,1.10442,1,BUY
2019-09-06 06:00:00,1.10442,1.10464,1.10377,1.10425,1,BUY
2019-09-06 07:00:00,1.10427,1.10516,1.10363,1.10468,1,BUY
2019-09-06 08:00:00,1.10466,1.1048,1.10368,1.10374,1,BUY
2019-09-06 09:00:00,1.10376,1.10404,1.10288,1.10304,1,BUY
2019-09-06 10:00:00,1.10307,1.1032,1.10242,1.10303,1,BUY
2019-09-06 11:00:00,1.103,1.103,1.10204,1.10224,1,BUY
2019-09-06 12:00:00,1.10227,1.10466,1.10227,1.10402,1,BUY
2019-09-06 13:00:00,1.10405,1.10574,1.10402,1.10504,1,BUY
2019-09-06 14:00:00,1.10506,1.10535,1.10386,1.10478,1,BUY
2019-09-06 15:00:00,1.10476,1.10504,1.10396,1.10425,1,BUY
2019-09-06 16:00:00,1.10422,1.1048,1.1027,1.10355,1,BUY
2019-09-06 17:00:00,1.10358,1.10394,1.10254,1.10383,1,BUY
2019-09-06 18:00:00,1.1038,1.1038,1.10288,1.103,1,BUY
2019-09-06 19:00:00,1.10297,1.10326,1.10252,1.1026,1,BUY
2019-09-06 20:00:00,1.10257,1.10284,1.10247,1.10279,0,SELL
2019-09-08 21:00:00,1.10256,1.10278,1.10256,1.10272,0,SELL
2019-09-08 22:00:00,1.10276,1.1028,1.10238,1.10248,0,SELL
2019-09-08 23:00:00,1.10246,1.10246,1.10198,1.10203,0,SELL
2019-09-09 00:00:00,1.102,1.10243,1.10156,1.10178,0,SELL
2019-09-09 01:00:00,1.10175,1.10288,1.10158,1.10272,0,SELL
2019-09-09 02:00:00,1.10269,1.10272,1.10242,1.10248,0,SELL
2019-09-09 03:00:00,1.10246,1.10278,1.10246,1.10272,0,SELL
2019-09-09 04:00:00,1.1027,1.10296,1.10262,1.10274,0,SELL
2019-09-09 05:00:00,1.10272,1.10287,1.10251,1.10256,0,SELL
2019-09-09 06:00:00,1.10256,1.10322,1.10227,1.10293,0,SELL
2019-09-09 07:00:00,1.1029,1.10346,1.10258,1.10314,0,SELL
2019-09-09 08:00:00,1.10312,1.1037,1.10295,1.10339,0,SELL
2019-09-09 09:00:00,1.10337,1.1042,1.1029,1.10382,1,BUY
2019-09-09 10:00:00,1.1038,1.10392,1.10212,1.10257,1,BUY
2019-09-09 11:00:00,1.1026,1.10367,1.10234,1.10365,1,BUY
2019-09-09 12:00:00,1.10362,1.10592,1.10281,1.10433,1,BUY
2019-09-09 13:00:00,1.10436,1.10558,1.10422,1.10558,1,BUY
2019-09-09 14:00:00,1.10556,1.10635,1.10446,1.10576,1,BUY
2019-09-09 15:00:00,1.10565,1.10659,1.10547,1.1056,1,BUY
2019-09-09 16:00:00,1.10557,1.1068,1.10557,1.10599,1,BUY
2019-09-09 17:00:00,1.10601,1.10603,1.10535,1.10563,1,BUY
2019-09-09 18:00:00,1.10566,1.10568,1.10513,1.10522,1,BUY
2019-09-09 19:00:00,1.1052,1.10541,1.1049,1.10492,1,BUY
2019-09-09 20:00:00,1.10489,1.10496,1.1045,1.10472,1,BUY
2019-09-09 21:00:00,1.10472,1.1051,1.10466,1.1049,1,BUY
2019-09-09 22:00:00,1.10488,1.10524,1.10487,1.10488,1,BUY
2019-09-09 23:00:00,1.1049,1.10498,1.10462,1.10472,1,BUY
2019-09-10 00:00:00,1.1047,1.10472,1.10428,1.1043,1,BUY
2019-09-10 01:00:00,1.10428,1.1047,1.10417,1.10431,1,BUY
2019-09-10 02:00:00,1.10428,1.10468,1.10405,1.10456,1,BUY
2019-09-10 03:00:00,1.10459,1.10462,1.10428,1.1044,1,BUY
2019-09-10 04:00:00,1.10436,1.1047,1.10428,1.10428,1,BUY
2019-09-10 05:00:00,1.10431,1.10466,1.10429,1.10432,1,BUY
2019-09-10 06:00:00,1.10432,1.1053,1.10415,1.10489,1,BUY
2019-09-10 07:00:00,1.10492,1.10594,1.10392,1.10451,1,BUY
2019-09-10 08:00:00,1.10448,1.10465,1.10366,1.10383,1,BUY
2019-09-10 09:00:00,1.1038,1.1047,1.10364,1.10465,1,BUY
2019-09-10 10:00:00,1.10462,1.10464,1.10366,1.1039,0,SELL
2019-09-10 11:00:00,1.10392,1.10414,1.10326,1.10367,0,SELL
2019-09-10 12:00:00,1.10365,1.10436,1.10358,1.104,0,SELL
2019-09-10 13:00:00,1.10402,1.10438,1.10347,1.10399,0,SELL
2019-09-10 14:00:00,1.10402,1.10457,1.10306,1.1042,0,SELL
2019-09-10 15:00:00,1.10422,1.10522,1.10406,1.10421,0,SELL
2019-09-10 16:00:00,1.10424,1.10482,1.10405,1.10412,0,SELL
2019-09-10 17:00:00,1.1041,1.10453,1.10364,1.10451,0,SELL
2019-09-10 18:00:00,1.10453,1.10488,1.10381,1.10478,0,SELL
2019-09-10 19:00:00,1.10475,1.10475,1.10378,1.10398,1,BUY
2019-09-10 20:00:00,1.104,1.10436,1.104,1.10431,1,BUY
2019-09-10 21:00:00,1.10445,1.10498,1.10382,1.1049,1,BUY
2019-09-10 22:00:00,1.10488,1.10512,1.10462,1.10491,1,BUY
2019-09-10 23:00:00,1.10488,1.10503,1.10464,1.10501,1,BUY
2019-09-11 00:00:00,1.10499,1.10553,1.10462,1.1047,1,BUY
2019-09-11 01:00:00,1.10472,1.1048,1.10438,1.10466,1,BUY
2019-09-11 02:00:00,1.10464,1.10521,1.10464,1.10472,1,BUY
2019-09-11 03:00:00,1.1047,1.10512,1.10452,1.10496,1,BUY
2019-09-11 04:00:00,1.10498,1.10556,1.10491,1.10531,1,BUY
2019-09-11 05:00:00,1.10528,1.10534,1.10466,1.10488,1,BUY
2019-09-11 06:00:00,1.1049,1.10494,1.10417,1.10478,1,BUY
2019-09-11 07:00:00,1.1048,1.10485,1.1034,1.10344,1,BUY
2019-09-11 08:00:00,1.10341,1.10348,1.10232,1.10256,0,SELL
2019-09-11 09:00:00,1.10258,1.10278,1.10202,1.10202,0,SELL
2019-09-11 10:00:00,1.102,1.1022,1.10071,1.10076,0,SELL
2019-09-11 11:00:00,1.10079,1.10112,1.09968,1.09973,0,SELL
2019-09-11 12:00:00,1.09971,1.1007,1.09968,1.10006,0,SELL
2019-09-11 13:00:00,1.1001,1.10031,1.09936,1.09951,0,SELL
2019-09-11 14:00:00,1.09953,1.09996,1.09854,1.09974,0,SELL
2019-09-11 15:00:00,1.09972,1.10017,1.09904,1.10007,0,SELL
2019-09-11 16:00:00,1.10005,1.10082,1.09963,1.1007,0,SELL
2019-09-11 17:00:00,1.10068,1.10118,1.10047,1.10082,0,SELL
2019-09-11 18:00:00,1.10078,1.10122,1.10054,1.10071,0,SELL
2019-09-11 19:00:00,1.10073,1.1011,1.10068,1.10106,0,SELL
2019-09-11 20:00:00,1.10104,1.1014,1.1009,1.10104,0,SELL
2019-09-11 21:00:00,1.10096,1.10101,1.1009,1.1009,0,SELL
2019-09-11 22:00:00,1.10092,1.10105,1.10078,1.10102,0,SELL
2019-09-11 23:00:00,1.10104,1.10139,1.1009,1.10136,0,SELL
2019-09-12 00:00:00,1.10138,1.10144,1.10082,1.10106,0,SELL
2019-09-12 01:00:00,1.10108,1.10152,1.10108,1.10138,0,SELL
2019-09-12 02:00:00,1.10135,1.10136,1.10088,1.10095,0,SELL
2019-09-12 03:00:00,1.10098,1.10136,1.10098,1.10131,0,SELL
2019-09-12 04:00:00,1.10128,1.10147,1.10121,1.1014,0,SELL
2019-09-12 05:00:00,1.10142,1.1015,1.10122,1.10134,0,SELL
2019-09-12 06:00:00,1.10134,1.10149,1.10058,1.10142,0,SELL
2019-09-12 07:00:00,1.1014,1.10189,1.10116,1.1017,0,SELL
2019-09-12 08:00:00,1.10173,1.10326,1.10158,1.10272,0,SELL
2019-09-12 09:00:00,1.1027,1.10316,1.10253,1.10294,0,SELL
2019-09-12 10:00:00,1.10298,1.10317,1.10198,1.1024,0,SELL
2019-09-12 11:00:00,1.10242,1.10692,1.09612,1.09662,0,SELL
2019-09-12 12:00:00,1.09659,1.09735,1.09268,1.09462,0,SELL
2019-09-12 13:00:00,1.0946,1.10469,1.09404,1.10354,0,SELL
2019-09-12 14:00:00,1.10356,1.10692,1.10286,1.10298,0,SELL
2019-09-12 15:00:00,1.103,1.10796,1.10262,1.10738,0,SELL
2019-09-12 16:00:00,1.10735,1.10744,1.10617,1.10678,1,BUY
2019-09-12 17:00:00,1.10676,1.10873,1.10662,1.10671,1,BUY
2019-09-12 18:00:00,1.10668,1.10752,1.10638,1.10738,1,BUY
2019-09-12 19:00:00,1.1074,1.1074,1.10626,1.10649,1,BUY
2019-09-12 20:00:00,1.10651,1.10652,1.10616,1.10638,1,BUY
2019-09-12 21:00:00,1.10663,1.10675,1.10632,1.10636,1,BUY
2019-09-12 22:00:00,1.1064,1.10654,1.10582,1.10582,1,BUY
2019-09-12 23:00:00,1.1058,1.10584,1.10556,1.10563,1,BUY
2019-09-13 00:00:00,1.10566,1.1065,1.10566,1.10642,1,BUY
2019-09-13 01:00:00,1.1064,1.10663,1.10629,1.10646,1,BUY
2019-09-13 02:00:00,1.10644,1.10664,1.10641,1.10659,1,BUY
2019-09-13 03:00:00,1.10662,1.10692,1.10658,1.10692,1,BUY
2019-09-13 04:00:00,1.1069,1.10732,1.1067,1.10694,1,BUY
2019-09-13 05:00:00,1.10692,1.10731,1.10692,1.10712,1,BUY
2019-09-13 06:00:00,1.10714,1.10966,1.1068,1.10958,1,BUY
2019-09-13 07:00:00,1.1096,1.11096,1.10919,1.1094,1,BUY
2019-09-13 08:00:00,1.10937,1.10977,1.10774,1.10924,1,BUY
2019-09-13 09:00:00,1.10928,1.11044,1.10898,1.11007,1,BUY
2019-09-13 10:00:00,1.11009,1.11062,1.10905,1.10914,1,BUY
2019-09-13 11:00:00,1.10916,1.11066,1.10912,1.11029,1,BUY
2019-09-13 12:00:00,1.11026,1.1105,1.10792,1.10876,1,BUY
2019-09-13 13:00:00,1.10872,1.10883,1.10656,1.10689,1,BUY
2019-09-13 14:00:00,1.10691,1.10858,1.10609,1.10805,1,BUY
2019-09-13 15:00:00,1.10807,1.10854,1.10696,1.10742,1,BUY
2019-09-13 16:00:00,1.1074,1.10766,1.10668,1.10759,1,BUY
2019-09-13 17:00:00,1.10756,1.108,1.10708,1.10765,1,BUY
2019-09-13 18:00:00,1.10767,1.10773,1.1067,1.10673,1,BUY
2019-09-13 19:00:00,1.10676,1.10773,1.10676,1.10766,1,BUY
2019-09-13 20:00:00,1.10764,1.10794,1.10716,1.10743,1,BUY
2019-09-15 21:00:00,1.10748,1.10756,1.10704,1.1073,1,BUY
2019-09-15 22:00:00,1.10734,1.10804,1.10708,1.10794,1,BUY
2019-09-15 23:00:00,1.10796,1.10864,1.10792,1.10832,1,BUY
2019-09-16 00:00:00,1.10834,1.10844,1.10732,1.10758,1,BUY
2019-09-16 01:00:00,1.1076,1.10797,1.10754,1.10791,1,BUY
2019-09-16 02:00:00,1.10788,1.10788,1.10734,1.10749,1,BUY
2019-09-16 03:00:00,1.10751,1.10764,1.10703,1.10708,1,BUY
2019-09-16 04:00:00,1.10706,1.10743,1.10703,1.10733,1,BUY
2019-09-16 05:00:00,1.10731,1.10731,1.10679,1.10688,1,BUY
2019-09-16 06:00:00,1.1069,1.10768,1.1067,1.10712,1,BUY
2019-09-16 07:00:00,1.1071,1.10822,1.10676,1.10722,1,BUY
2019-09-16 08:00:00,1.1072,1.10728,1.10583,1.10594,0,SELL
2019-09-16 09:00:00,1.10592,1.10694,1.10578,1.10606,0,SELL
2019-09-16 10:00:00,1.10608,1.10608,1.10388,1.10388,0,SELL
2019-09-16 11:00:00,1.1039,1.10432,1.10281,1.10299,0,SELL
2019-09-16 12:00:00,1.10297,1.10358,1.10249,1.10268,0,SELL
2019-09-16 13:00:00,1.1027,1.10272,1.10117,1.10122,0,SELL
2019-09-16 14:00:00,1.1012,1.10174,1.09937,1.09974,0,SELL
2019-09-16 15:00:00,1.09976,1.10104,1.09937,1.10062,0,SELL
2019-09-16 16:00:00,1.10065,1.10099,1.09976,1.10026,0,SELL
2019-09-16 17:00:00,1.10024,1.10047,1.09944,1.0996,0,SELL
2019-09-16 18:00:00,1.09958,1.1007,1.09956,1.10064,0,SELL
2019-09-16 19:00:00,1.10062,1.10114,1.10054,1.10078,0,SELL
2019-09-16 20:00:00,1.1008,1.1008,1.09988,1.10033,0,SELL
2019-09-16 21:00:00,1.10006,1.10035,1.0998,1.1001,0,SELL
2019-09-16 22:00:00,1.10018,1.10062,1.1,1.10052,0,SELL
2019-09-16 23:00:00,1.10049,1.10052,1.10014,1.10033,0,SELL
2019-09-17 00:00:00,1.10031,1.10118,1.10013,1.1009,0,SELL
2019-09-17 01:00:00,1.10093,1.1011,1.10014,1.10072,0,SELL
2019-09-17 02:00:00,1.10074,1.10136,1.10059,1.10121,0,SELL
2019-09-17 03:00:00,1.10124,1.10136,1.10056,1.10104,0,SELL
2019-09-17 04:00:00,1.10102,1.10134,1.10093,1.10128,0,SELL
2019-09-17 05:00:00,1.1013,1.10139,1.10072,1.1012,0,SELL
2019-09-17 06:00:00,1.1012,1.10128,1.09903,1.0996,0,SELL
2019-09-17 07:00:00,1.09958,1.10178,1.09958,1.10166,0,SELL
2019-09-17 08:00:00,1.10164,1.10228,1.10125,1.10149,0,SELL
2019-09-17 09:00:00,1.10152,1.10202,1.10068,1.10172,0,SELL
2019-09-17 10:00:00,1.10176,1.10252,1.10088,1.10246,0,SELL
2019-09-17 11:00:00,1.10244,1.10272,1.10165,1.10236,0,SELL
2019-09-17 12:00:00,1.10234,1.10323,1.10206,1.1027,0,SELL
2019-09-17 13:00:00,1.10268,1.10393,1.10208,1.10332,0,SELL
2019-09-17 14:00:00,1.1033,1.10505,1.103,1.10477,0,SELL
2019-09-17 15:00:00,1.10479,1.10666,1.10479,1.10633,1,BUY
2019-09-17 16:00:00,1.1063,1.10714,1.1057,1.10696,1,BUY
2019-09-17 17:00:00,1.10694,1.10734,1.10656,1.10661,1,BUY
2019-09-17 18:00:00,1.10664,1.10722,1.1066,1.1066,1,BUY
2019-09-17 19:00:00,1.10662,1.10728,1.10652,1.10714,1,BUY
2019-09-17 20:00:00,1.10712,1.10746,1.10705,1.10724,1,BUY
2019-09-17 21:00:00,1.10718,1.10738,1.107,1.10718,1,BUY
2019-09-17 22:00:00,1.1072,1.10733,1.10707,1.10713,1,BUY
2019-09-17 23:00:00,1.10711,1.10756,1.10702,1.10738,1,BUY
2019-09-18 00:00:00,1.10742,1.10748,1.10684,1.10698,1,BUY
2019-09-18 01:00:00,1.10701,1.10719,1.10666,1.10694,1,BUY
2019-09-18 02:00:00,1.10696,1.10696,1.10654,1.10667,1,BUY
2019-09-18 03:00:00,1.10665,1.10675,1.1065,1.10658,1,BUY
2019-09-18 04:00:00,1.1066,1.1066,1.10644,1.10644,1,BUY
2019-09-18 05:00:00,1.10646,1.10667,1.10631,1.10658,1,BUY
2019-09-18 06:00:00,1.10661,1.10687,1.10568,1.10578,1,BUY
2019-09-18 07:00:00,1.10576,1.10685,1.10516,1.10545,1,BUY
2019-09-18 08:00:00,1.10548,1.10564,1.10412,1.10421,1,BUY
2019-09-18 09:00:00,1.10419,1.10492,1.10368,1.10491,0,SELL
2019-09-18 10:00:00,1.10488,1.10522,1.10431,1.10439,0,SELL
2019-09-18 11:00:00,1.10436,1.10523,1.10403,1.10515,0,SELL
2019-09-18 12:00:00,1.10518,1.10576,1.1051,1.10566,0,SELL
2019-09-18 13:00:00,1.10564,1.10611,1.10512,1.10553,0,SELL
2019-09-18 14:00:00,1.1055,1.10657,1.10542,1.10606,0,SELL
2019-09-18 15:00:00,1.10608,1.10654,1.10548,1.10612,1,BUY
2019-09-18 16:00:00,1.1061,1.10684,1.10604,1.10632,1,BUY
2019-09-18 17:00:00,1.10634,1.1068,1.10588,1.10638,1,BUY
2019-09-18 18:00:00,1.10635,1.1065,1.10139,1.1033,1,BUY
2019-09-18 19:00:00,1.10328,1.10474,1.10165,1.10332,0,SELL
2019-09-18 20:00:00,1.1033,1.10358,1.10243,1.10297,0,SELL
2019-09-18 21:00:00,1.1029,1.10363,1.10286,1.10326,0,SELL
2019-09-18 22:00:00,1.10328,1.10339,1.10304,1.10312,0,SELL
2019-09-18 23:00:00,1.10314,1.10315,1.10269,1.10292,0,SELL
2019-09-19 00:00:00,1.1029,1.10297,1.10229,1.10254,0,SELL
2019-09-19 01:00:00,1.10252,1.1033,1.10244,1.10314,0,SELL
2019-09-19 02:00:00,1.10312,1.10359,1.10306,1.10327,0,SELL
2019-09-19 03:00:00,1.1033,1.10382,1.10324,1.10357,0,SELL
2019-09-19 04:00:00,1.10359,1.10398,1.10346,1.1039,0,SELL
2019-09-19 05:00:00,1.10392,1.1043,1.10366,1.10411,0,SELL
2019-09-19 06:00:00,1.10411,1.1049,1.10406,1.10453,0,SELL
2019-09-19 07:00:00,1.10451,1.10526,1.1035,1.10512,0,SELL
2019-09-19 08:00:00,1.10514,1.10647,1.10514,1.10589,0,SELL
2019-09-19 09:00:00,1.10592,1.10686,1.10568,1.1062,1,BUY
2019-09-19 10:00:00,1.10618,1.10673,1.10561,1.10656,1,BUY
2019-09-19 11:00:00,1.10654,1.10734,1.10605,1.10676,1,BUY
2019-09-19 12:00:00,1.10679,1.10723,1.10612,1.1067,1,BUY
2019-09-19 13:00:00,1.10668,1.107,1.10596,1.1061,1,BUY
2019-09-19 14:00:00,1.10608,1.10612,1.105,1.10553,1,BUY
2019-09-19 15:00:00,1.1055,1.10572,1.1043,1.10464,1,BUY
2019-09-19 16:00:00,1.10462,1.10475,1.10387,1.10456,1,BUY
2019-09-19 17:00:00,1.10458,1.10619,1.10456,1.10594,1,BUY
2019-09-19 18:00:00,1.10596,1.10602,1.10504,1.10542,0,SELL
2019-09-19 19:00:00,1.1054,1.10542,1.104,1.10442,0,SELL
2019-09-19 20:00:00,1.1044,1.10448,1.10399,1.10408,0,SELL
2019-09-19 21:00:00,1.10413,1.10442,1.10408,1.10418,0,SELL
2019-09-19 22:00:00,1.10415,1.10452,1.10398,1.10449,0,SELL
2019-09-19 23:00:00,1.10452,1.1046,1.10443,1.10448,0,SELL
2019-09-20 00:00:00,1.10444,1.1052,1.1044,1.10507,0,SELL
2019-09-20 01:00:00,1.10505,1.10545,1.10502,1.10523,0,SELL
2019-09-20 02:00:00,1.10521,1.10596,1.10514,1.10592,0,SELL
2019-09-20 03:00:00,1.10588,1.10588,1.10546,1.10566,0,SELL
2019-09-20 04:00:00,1.10564,1.10595,1.10561,1.10582,1,BUY
2019-09-20 05:00:00,1.1058,1.10588,1.10547,1.10554,1,BUY
2019-09-20 06:00:00,1.10558,1.10644,1.10541,1.10604,1,BUY
2019-09-20 07:00:00,1.10602,1.10676,1.1046,1.10507,1,BUY
2019-09-20 08:00:00,1.10505,1.10577,1.10476,1.10476,1,BUY
2019-09-20 09:00:00,1.10478,1.10542,1.1045,1.10478,0,SELL
2019-09-20 10:00:00,1.10476,1.10522,1.10404,1.10433,0,SELL
2019-09-20 11:00:00,1.10431,1.10431,1.10251,1.10326,0,SELL
2019-09-20 12:00:00,1.10328,1.10338,1.10192,1.10258,0,SELL
2019-09-20 13:00:00,1.1026,1.10262,1.1013,1.102,0,SELL
2019-09-20 14:00:00,1.10202,1.10226,1.10048,1.10112,0,SELL
2019-09-20 15:00:00,1.1011,1.10175,1.09964,1.10027,0,SELL
2019-09-20 16:00:00,1.1003,1.10109,1.10014,1.10072,0,SELL
2019-09-20 17:00:00,1.1007,1.10196,1.10059,1.10188,0,SELL
2019-09-20 18:00:00,1.1019,1.10197,1.10099,1.1015,0,SELL
2019-09-20 19:00:00,1.10152,1.10218,1.10127,1.1019,0,SELL
2019-09-20 20:00:00,1.10188,1.10218,1.10148,1.10182,0,SELL
2019-09-22 21:00:00,1.10163,1.10192,1.101,1.10174,0,SELL
2019-09-22 22:00:00,1.1017,1.10192,1.10152,1.10178,0,SELL
2019-09-22 23:00:00,1.1018,1.10199,1.1017,1.10188,0,SELL
2019-09-23 00:00:00,1.1019,1.10198,1.10162,1.1017,0,SELL
2019-09-23 01:00:00,1.10172,1.10231,1.10159,1.10227,0,SELL
2019-09-23 02:00:00,1.1023,1.10252,1.10226,1.1023,0,SELL
2019-09-23 03:00:00,1.10234,1.10246,1.1022,1.10227,0,SELL
2019-09-23 04:00:00,1.10229,1.10234,1.10203,1.10226,0,SELL
2019-09-23 05:00:00,1.10224,1.10245,1.10204,1.1024,0,SELL
2019-09-23 06:00:00,1.1024,1.10255,1.10135,1.1015,0,SELL
2019-09-23 07:00:00,1.10148,1.10172,1.09662,1.09695,0,SELL
2019-09-23 08:00:00,1.09698,1.0982,1.09694,1.09778,0,SELL
2019-09-23 09:00:00,1.09775,1.09838,1.09666,1.0982,0,SELL
2019-09-23 10:00:00,1.09817,1.0989,1.09788,1.09844,0,SELL
2019-09-23 11:00:00,1.09842,1.09872,1.09762,1.09848,0,SELL
2019-09-23 12:00:00,1.09846,1.0996,1.09828,1.09866,0,SELL
2019-09-23 13:00:00,1.09868,1.09956,1.098,1.09892,0,SELL
2019-09-23 14:00:00,1.0989,1.09994,1.09827,1.09948,0,SELL
2019-09-23 15:00:00,1.0995,1.09998,1.0989,1.09904,0,SELL
2019-09-23 16:00:00,1.09902,1.09916,1.0984,1.09872,0,SELL
2019-09-23 17:00:00,1.0987,1.09923,1.09861,1.09906,0,SELL
2019-09-23 18:00:00,1.09909,1.09982,1.09878,1.0996,0,SELL
2019-09-23 19:00:00,1.09958,1.09982,1.09926,1.09964,0,SELL
2019-09-23 20:00:00,1.0996,1.0996,1.09916,1.09932,0,SELL
2019-09-23 21:00:00,1.09937,1.09978,1.09927,1.0995,0,SELL
2019-09-23 22:00:00,1.09952,1.09967,1.09946,1.09954,0,SELL
2019-09-23 23:00:00,1.09952,1.09954,1.0991,1.09939,0,SELL
2019-09-24 00:00:00,1.09937,1.09959,1.09894,1.09915,0,SELL
2019-09-24 01:00:00,1.09912,1.09914,1.09869,1.09874,0,SELL
2019-09-24 02:00:00,1.09876,1.0993,1.09869,1.09912,0,SELL
2019-09-24 03:00:00,1.0991,1.09922,1.09881,1.09896,0,SELL
2019-09-24 04:00:00,1.099,1.09936,1.09894,1.09904,0,SELL
2019-09-24 05:00:00,1.09902,1.09909,1.09876,1.09898,0,SELL
2019-09-24 06:00:00,1.099,1.09934,1.09839,1.09907,0,SELL
2019-09-24 07:00:00,1.0991,1.09962,1.09857,1.09874,0,SELL
2019-09-24 08:00:00,1.0987,1.09964,1.09864,1.09942,0,SELL
2019-09-24 09:00:00,1.09944,1.10002,1.09928,1.09988,0,SELL
2019-09-24 10:00:00,1.09985,1.09998,1.09876,1.09878,0,SELL
2019-09-24 11:00:00,1.09881,1.10038,1.09871,1.10013,0,SELL
2019-09-24 12:00:00,1.10016,1.10086,1.10002,1.10067,0,SELL
2019-09-24 13:00:00,1.10064,1.10098,1.0995,1.09971,0,SELL
2019-09-24 14:00:00,1.09973,1.10149,1.09942,1.09983,0,SELL
2019-09-24 15:00:00,1.09985,1.10051,1.09957,1.09992,0,SELL
2019-09-24 16:00:00,1.0999,1.10188,1.09961,1.10144,0,SELL
2019-09-24 17:00:00,1.10142,1.102,1.10104,1.10142,0,SELL
2019-09-24 18:00:00,1.10144,1.10198,1.09985,1.10175,0,SELL
2019-09-24 19:00:00,1.10178,1.10242,1.1015,1.10174,1,BUY
2019-09-24 20:00:00,1.1017,1.10209,1.10168,1.102,1,BUY
2019-09-24 21:00:00,1.10205,1.10222,1.10153,1.10197,1,BUY
2019-09-24 22:00:00,1.102,1.10208,1.10179,1.10194,1,BUY
2019-09-24 23:00:00,1.10196,1.10196,1.10137,1.10138,1,BUY
2019-09-25 00:00:00,1.10135,1.1017,1.1007,1.10077,1,BUY
2019-09-25 01:00:00,1.1008,1.10098,1.09998,1.1002,1,BUY
2019-09-25 02:00:00,1.10022,1.1005,1.09983,1.10022,0,SELL
2019-09-25 03:00:00,1.1002,1.10035,1.09988,1.10024,0,SELL
2019-09-25 04:00:00,1.10022,1.10026,1.09958,1.09958,0,SELL
2019-09-25 05:00:00,1.0996,1.09991,1.09942,1.09975,0,SELL
2019-09-25 06:00:00,1.09975,1.10026,1.09958,1.10014,0,SELL
2019-09-25 07:00:00,1.10012,1.10014,1.09926,1.09974,0,SELL
2019-09-25 08:00:00,1.09972,1.10029,1.09937,1.10018,0,SELL
2019-09-25 09:00:00,1.10016,1.10051,1.09972,1.09983,0,SELL
2019-09-25 10:00:00,1.0998,1.1001,1.09888,1.09939,0,SELL
2019-09-25 11:00:00,1.09942,1.09944,1.09782,1.09797,0,SELL
2019-09-25 12:00:00,1.098,1.09883,1.09773,1.09862,0,SELL
2019-09-25 13:00:00,1.0986,1.09884,1.09824,1.09862,0,SELL
2019-09-25 14:00:00,1.0986,1.09877,1.09534,1.09598,0,SELL
2019-09-25 15:00:00,1.09601,1.09601,1.0948,1.0949,0,SELL
2019-09-25 16:00:00,1.09494,1.09516,1.09398,1.09432,0,SELL
2019-09-25 17:00:00,1.0943,1.09488,1.09414,1.09472,0,SELL
2019-09-25 18:00:00,1.0947,1.0948,1.09376,1.09413,0,SELL
2019-09-25 19:00:00,1.09416,1.09478,1.09416,1.09456,0,SELL
2019-09-25 20:00:00,1.09458,1.09458,1.09406,1.09431,0,SELL
2019-09-25 21:00:00,1.09431,1.09456,1.09424,1.09442,0,SELL
2019-09-25 22:00:00,1.0944,1.09498,1.09438,1.09494,0,SELL
2019-09-25 23:00:00,1.09492,1.09532,1.0949,1.09514,0,SELL
2019-09-26 00:00:00,1.09511,1.09548,1.09496,1.09518,0,SELL
2019-09-26 01:00:00,1.09515,1.0956,1.09515,1.09554,0,SELL
2019-09-26 02:00:00,1.09552,1.09606,1.09552,1.09592,0,SELL
2019-09-26 03:00:00,1.09594,1.0965,1.09576,1.09622,0,SELL
2019-09-26 04:00:00,1.09624,1.09642,1.09618,1.09622,0,SELL
2019-09-26 05:00:00,1.09619,1.09619,1.09546,1.09548,0,SELL
2019-09-26 06:00:00,1.09548,1.09558,1.095,1.09542,0,SELL
2019-09-26 07:00:00,1.0954,1.09549,1.09409,1.09448,0,SELL
2019-09-26 08:00:00,1.09445,1.0946,1.09332,1.09396,0,SELL
2019-09-26 09:00:00,1.09394,1.09421,1.09296,1.0935,0,SELL
2019-09-26 10:00:00,1.09352,1.09358,1.09226,1.09302,0,SELL
2019-09-26 11:00:00,1.09304,1.09363,1.09252,1.09322,0,SELL
2019-09-26 12:00:00,1.09324,1.09558,1.0931,1.09475,0,SELL
2019-09-26 13:00:00,1.09472,1.09675,1.09468,1.09633,0,SELL
2019-09-26 14:00:00,1.09628,1.09648,1.09362,1.09424,0,SELL
2019-09-26 15:00:00,1.09422,1.0946,1.09318,1.09378,0,SELL
2019-09-26 16:00:00,1.0938,1.09388,1.09222,1.09256,0,SELL
2019-09-26 17:00:00,1.09253,1.09336,1.09244,1.09266,0,SELL
2019-09-26 18:00:00,1.0927,1.09304,1.09236,1.0928,0,SELL
2019-09-26 19:00:00,1.09282,1.09292,1.09088,1.09178,0,SELL
2019-09-26 20:00:00,1.0918,1.09226,1.0918,1.09204,0,SELL
2019-09-26 21:00:00,1.09194,1.09202,1.0916,1.09176,0,SELL
2019-09-26 22:00:00,1.09179,1.09207,1.09174,1.09202,0,SELL
2019-09-26 23:00:00,1.09205,1.09231,1.09185,1.09226,0,SELL
2019-09-27 00:00:00,1.09228,1.0923,1.09048,1.09162,0,SELL
2019-09-27 01:00:00,1.0916,1.09176,1.09118,1.09168,0,SELL
2019-09-27 02:00:00,1.09164,1.09208,1.09148,1.09196,0,SELL
2019-09-27 03:00:00,1.09199,1.09258,1.09192,1.09246,0,SELL
2019-09-27 04:00:00,1.09243,1.09254,1.09213,1.09216,0,SELL
2019-09-27 05:00:00,1.0922,1.09238,1.09191,1.09197,0,SELL
2019-09-27 06:00:00,1.09194,1.092,1.09068,1.09166,0,SELL
2019-09-27 07:00:00,1.09164,1.0923,1.09078,1.09179,0,SELL
2019-09-27 08:00:00,1.09182,1.09287,1.09167,1.09239,0,SELL
2019-09-27 09:00:00,1.09237,1.09285,1.09207,1.09269,0,SELL
2019-09-27 10:00:00,1.09267,1.09395,1.092,1.09388,0,SELL
2019-09-27 11:00:00,1.0939,1.09399,1.0933,1.09353,0,SELL
2019-09-27 12:00:00,1.09355,1.09485,1.09316,1.09374,0,SELL
2019-09-27 13:00:00,1.09372,1.09398,1.09265,1.09351,0,SELL
2019-09-27 14:00:00,1.09348,1.09492,1.09318,1.0948,0,SELL
2019-09-27 15:00:00,1.09484,1.09587,1.09398,1.09416,0,SELL
2019-09-27 16:00:00,1.0942,1.09478,1.09362,1.09443,0,SELL
2019-09-27 17:00:00,1.09445,1.09477,1.09414,1.09414,0,SELL
2019-09-27 18:00:00,1.09412,1.09429,1.0938,1.094,0,SELL
2019-09-27 19:00:00,1.09402,1.09436,1.0939,1.09416,0,SELL
2019-09-27 20:00:00,1.09414,1.0944,1.09401,1.09404,0,SELL
2019-09-27 21:00:00,1.0941,1.0941,1.0941,1.0941,0,SELL
2019-09-29 21:00:00,1.0942,1.09438,1.09396,1.09418,0,SELL
2019-09-29 22:00:00,1.09416,1.09462,1.09404,1.09446,0,SELL
2019-09-29 23:00:00,1.09444,1.09444,1.0942,1.09424,0,SELL
2019-09-30 00:00:00,1.09422,1.09422,1.09356,1.09367,0,SELL
2019-09-30 01:00:00,1.09369,1.09374,1.0931,1.09343,0,SELL
2019-09-30 02:00:00,1.09341,1.09355,1.09301,1.09308,0,SELL
2019-09-30 03:00:00,1.0931,1.09342,1.0931,1.09328,0,SELL
2019-09-30 04:00:00,1.09326,1.09372,1.0931,1.09366,0,SELL
2019-09-30 05:00:00,1.09364,1.09391,1.0935,1.09363,0,SELL
2019-09-30 06:00:00,1.09361,1.09445,1.0931,1.09445,0,SELL
2019-09-30 07:00:00,1.09442,1.0948,1.09345,1.09354,0,SELL
2019-09-30 08:00:00,1.09352,1.09386,1.09316,1.09336,0,SELL
2019-09-30 09:00:00,1.09334,1.09346,1.09202,1.09214,0,SELL
2019-09-30 10:00:00,1.09212,1.09267,1.09192,1.09218,0,SELL
2019-09-30 11:00:00,1.0922,1.09233,1.09061,1.09083,0,SELL
2019-09-30 12:00:00,1.09085,1.09109,1.08847,1.08986,0,SELL
2019-09-30 13:00:00,1.08984,1.09054,1.0891,1.09015,0,SELL
2019-09-30 14:00:00,1.09012,1.0914,1.08982,1.09013,0,SELL
2019-09-30 15:00:00,1.09011,1.09117,1.08988,1.09046,0,SELL
2019-09-30 16:00:00,1.09048,1.09124,1.09032,1.09032,0,SELL
2019-09-30 17:00:00,1.09029,1.09058,1.08934,1.08972,0,SELL
2019-09-30 18:00:00,1.08969,1.0906,1.08967,1.0902,0,SELL
2019-09-30 19:00:00,1.09017,1.0904,1.08989,1.08999,0,SELL
2019-09-30 20:00:00,1.08996,1.09004,1.08972,1.08986,0,SELL
2019-09-30 21:00:00,1.09002,1.09002,1.08972,1.08992,0,SELL
2019-09-30 22:00:00,1.08994,1.09002,1.0897,1.08986,0,SELL
2019-09-30 23:00:00,1.08989,1.09001,1.08981,1.08996,0,SELL
2019-10-01 00:00:00,1.08994,1.09008,1.08948,1.08962,0,SELL
2019-10-01 01:00:00,1.08966,1.08972,1.0889,1.08908,0,SELL
2019-10-01 02:00:00,1.08905,1.08912,1.08859,1.08864,0,SELL
2019-10-01 03:00:00,1.08866,1.08901,1.08866,1.0888,0,SELL
2019-10-01 04:00:00,1.08878,1.08938,1.08868,1.08912,0,SELL
2019-10-01 05:00:00,1.08909,1.08934,1.08874,1.08892,0,SELL
2019-10-01 06:00:00,1.0889,1.08908,1.08792,1.08806,0,SELL
2019-10-01 07:00:00,1.08808,1.08941,1.08808,1.08878,0,SELL
2019-10-01 08:00:00,1.0888,1.08956,1.08853,1.08936,0,SELL
2019-10-01 09:00:00,1.08938,1.09018,1.08924,1.08939,0,SELL
2019-10-01 10:00:00,1.08941,1.09058,1.08918,1.09006,0,SELL
2019-10-01 11:00:00,1.09008,1.0908,1.08957,1.0898,0,SELL
2019-10-01 12:00:00,1.08982,1.09002,1.08894,1.08956,0,SELL
2019-10-01 13:00:00,1.08958,1.09016,1.08846,1.08859,0,SELL
2019-10-01 14:00:00,1.08866,1.09214,1.08866,1.09162,0,SELL
2019-10-01 15:00:00,1.09166,1.09346,1.09158,1.09314,0,SELL
2019-10-01 16:00:00,1.09316,1.09429,1.09276,1.09379,0,SELL
2019-10-01 17:00:00,1.09382,1.09402,1.09253,1.09321,1,BUY
2019-10-01 18:00:00,1.09319,1.0937,1.09304,1.09356,1,BUY
2019-10-01 19:00:00,1.09358,1.09386,1.09331,1.09371,1,BUY
2019-10-01 20:00:00,1.09368,1.09372,1.09314,1.09323,1,BUY
2019-10-01 21:00:00,1.09336,1.09362,1.09301,1.0932,1,BUY
2019-10-01 22:00:00,1.09316,1.09328,1.09298,1.09313,1,BUY
2019-10-01 23:00:00,1.09315,1.09346,1.09299,1.0934,1,BUY
2019-10-02 00:00:00,1.09338,1.09414,1.09338,1.09392,1,BUY
2019-10-02 01:00:00,1.0939,1.094,1.09373,1.09373,1,BUY
2019-10-02 02:00:00,1.0937,1.09376,1.09327,1.09371,1,BUY
2019-10-02 03:00:00,1.09373,1.0938,1.09348,1.09364,1,BUY
2019-10-02 04:00:00,1.09362,1.09366,1.09318,1.09335,1,BUY
2019-10-02 05:00:00,1.09333,1.09371,1.09328,1.09358,1,BUY
2019-10-02 06:00:00,1.09358,1.09358,1.09236,1.0924,1,BUY
2019-10-02 07:00:00,1.09238,1.09265,1.09167,1.092,1,BUY
2019-10-02 08:00:00,1.09198,1.09198,1.09042,1.09054,0,SELL
2019-10-02 09:00:00,1.09051,1.09187,1.09047,1.09187,0,SELL
2019-10-02 10:00:00,1.09185,1.09232,1.09155,1.09206,0,SELL
2019-10-02 11:00:00,1.09208,1.0935,1.09191,1.09289,0,SELL
2019-10-02 12:00:00,1.09291,1.09325,1.09158,1.09307,0,SELL
2019-10-02 13:00:00,1.09309,1.09497,1.09293,1.09472,0,SELL
2019-10-02 14:00:00,1.09469,1.09523,1.09373,1.0945,1,BUY
2019-10-02 15:00:00,1.09452,1.09584,1.09441,1.09498,1,BUY
2019-10-02 16:00:00,1.095,1.09592,1.09458,1.09584,1,BUY
2019-10-02 17:00:00,1.09586,1.09638,1.0955,1.09592,1,BUY
2019-10-02 18:00:00,1.09594,1.09608,1.09562,1.0959,1,BUY
2019-10-02 19:00:00,1.09588,1.09619,1.09574,1.09614,1,BUY
2019-10-02 20:00:00,1.09607,1.09636,1.09574,1.0959,1,BUY
2019-10-02 21:00:00,1.09602,1.09619,1.096,1.09608,1,BUY
2019-10-02 22:00:00,1.09606,1.09608,1.09594,1.09596,1,BUY
2019-10-02 23:00:00,1.09598,1.09606,1.09587,1.09604,1,BUY
2019-10-03 00:00:00,1.09602,1.0965,1.0959,1.09604,1,BUY
2019-10-03 01:00:00,1.09606,1.09618,1.09592,1.09601,1,BUY
2019-10-03 02:00:00,1.09598,1.09604,1.09557,1.09581,1,BUY
2019-10-03 03:00:00,1.09579,1.09598,1.09554,1.09566,1,BUY
2019-10-03 04:00:00,1.09569,1.0959,1.09552,1.09582,1,BUY
2019-10-03 05:00:00,1.09585,1.09585,1.09552,1.09568,1,BUY
2019-10-03 06:00:00,1.09566,1.09566,1.09415,1.0942,1,BUY
2019-10-03 07:00:00,1.09418,1.09531,1.09411,1.09447,1,BUY
2019-10-03 08:00:00,1.09444,1.09738,1.09412,1.09635,1,BUY
2019-10-03 09:00:00,1.09633,1.09643,1.09481,1.09483,1,BUY
2019-10-03 10:00:00,1.09485,1.09583,1.09451,1.09566,1,BUY
2019-10-03 11:00:00,1.09564,1.09706,1.0956,1.09565,1,BUY
2019-10-03 12:00:00,1.09568,1.09664,1.0948,1.09618,1,BUY
2019-10-03 13:00:00,1.09621,1.0963,1.09526,1.09602,1,BUY
2019-10-03 14:00:00,1.09604,1.09994,1.09604,1.09838,1,BUY
2019-10-03 15:00:00,1.0984,1.09951,1.09781,1.09902,1,BUY
2019-10-03 16:00:00,1.099,1.09905,1.09819,1.09828,1,BUY
2019-10-03 17:00:00,1.0983,1.0987,1.09751,1.09821,1,BUY
2019-10-03 18:00:00,1.09818,1.09846,1.09733,1.09736,1,BUY
2019-10-03 19:00:00,1.09734,1.09747,1.09656,1.09704,1,BUY
2019-10-03 20:00:00,1.097,1.09707,1.09634,1.09634,1,BUY
2019-10-03 21:00:00,1.0965,1.09718,1.09646,1.09716,1,BUY
2019-10-03 22:00:00,1.09713,1.09723,1.09674,1.0972,1,BUY
2019-10-03 23:00:00,1.09718,1.09762,1.09718,1.09746,1,BUY
2019-10-04 00:00:00,1.09744,1.09792,1.0974,1.0979,1,BUY
2019-10-04 01:00:00,1.09792,1.09814,1.0977,1.09812,1,BUY
2019-10-04 02:00:00,1.09809,1.09839,1.09786,1.098,1,BUY
2019-10-04 03:00:00,1.09798,1.098,1.09766,1.09776,1,BUY
2019-10-04 04:00:00,1.09774,1.09776,1.09706,1.0971,1,BUY
2019-10-04 05:00:00,1.09712,1.09742,1.09679,1.09692,1,BUY
2019-10-04 06:00:00,1.09694,1.09783,1.09655,1.0966,1,BUY
2019-10-04 07:00:00,1.09662,1.0975,1.09644,1.0972,1,BUY
2019-10-04 08:00:00,1.09718,1.09762,1.09684,1.09736,1,BUY
2019-10-04 09:00:00,1.09734,1.0983,1.09728,1.09788,1,BUY
2019-10-04 10:00:00,1.09786,1.09898,1.09763,1.0989,1,BUY
2019-10-04 11:00:00,1.09888,1.09888,1.09791,1.09815,1,BUY
2019-10-04 12:00:00,1.09817,1.09982,1.09572,1.09648,1,BUY
2019-10-04 13:00:00,1.09646,1.09772,1.09594,1.097,1,BUY
2019-10-04 14:00:00,1.09703,1.09842,1.09643,1.0979,1,BUY
2019-10-04 15:00:00,1.09792,1.09868,1.09716,1.0973,1,BUY
2019-10-04 16:00:00,1.09732,1.0985,1.09724,1.0984,1,BUY
2019-10-04 17:00:00,1.09842,1.09858,1.09775,1.09775,1,BUY
2019-10-04 18:00:00,1.09777,1.0984,1.09724,1.0984,1,BUY
2019-10-04 19:00:00,1.09838,1.09842,1.09778,1.09826,1,BUY
2019-10-04 20:00:00,1.09824,1.0983,1.09758,1.09782,1,BUY
2019-10-06 21:00:00,1.09824,1.09824,1.09736,1.0978,1,BUY
2019-10-06 22:00:00,1.09784,1.09836,1.09784,1.09815,1,BUY
2019-10-06 23:00:00,1.09813,1.0984,1.0981,1.09834,1,BUY
2019-10-07 00:00:00,1.09832,1.0988,1.09813,1.0988,1,BUY
2019-10-07 01:00:00,1.09878,1.099,1.09864,1.0987,1,BUY
2019-10-07 02:00:00,1.09872,1.09872,1.09828,1.09843,1,BUY
2019-10-07 03:00:00,1.09841,1.09847,1.0978,1.09802,1,BUY
2019-10-07 04:00:00,1.09798,1.09812,1.09788,1.098,1,BUY
2019-10-07 05:00:00,1.09802,1.0981,1.09778,1.0978,1,BUY
2019-10-07 06:00:00,1.09782,1.09811,1.09749,1.09795,1,BUY
2019-10-07 07:00:00,1.09793,1.09838,1.09637,1.09726,1,BUY
2019-10-07 08:00:00,1.09728,1.09739,1.0962,1.09642,0,SELL
2019-10-07 09:00:00,1.09644,1.09765,1.09637,1.09748,0,SELL
2019-10-07 10:00:00,1.09746,1.09792,1.09704,1.09784,0,SELL
2019-10-07 11:00:00,1.09782,1.099,1.09762,1.09872,0,SELL
2019-10-07 12:00:00,1.09868,1.09981,1.09858,1.09978,1,BUY
2019-10-07 13:00:00,1.09976,1.10004,1.09868,1.09936,1,BUY
2019-10-07 14:00:00,1.09934,1.09986,1.09886,1.09946,1,BUY
2019-10-07 15:00:00,1.09944,1.09993,1.09836,1.09839,1,BUY
2019-10-07 16:00:00,1.09842,1.09846,1.09784,1.09827,1,BUY
2019-10-07 17:00:00,1.0983,1.09848,1.09693,1.09775,1,BUY
2019-10-07 18:00:00,1.09772,1.09816,1.09724,1.09738,1,BUY
2019-10-07 19:00:00,1.09736,1.09767,1.09705,1.0974,1,BUY
2019-10-07 20:00:00,1.09738,1.09738,1.09694,1.09708,0,SELL
2019-10-07 21:00:00,1.09708,1.09714,1.09696,1.09712,0,SELL
2019-10-07 22:00:00,1.09714,1.09729,1.0971,1.09719,0,SELL
2019-10-07 23:00:00,1.09716,1.09728,1.09711,1.09716,0,SELL
2019-10-08 00:00:00,1.09714,1.09743,1.09649,1.09689,0,SELL
2019-10-08 01:00:00,1.09686,1.0975,1.09664,1.0974,0,SELL
2019-10-08 02:00:00,1.09742,1.09783,1.09731,1.09761,0,SELL
2019-10-08 03:00:00,1.09763,1.09766,1.09733,1.09751,0,SELL
2019-10-08 04:00:00,1.09754,1.09766,1.09742,1.09763,0,SELL
2019-10-08 05:00:00,1.09761,1.09786,1.09738,1.09764,0,SELL
2019-10-08 06:00:00,1.09764,1.09852,1.0976,1.09832,1,BUY
2019-10-08 07:00:00,1.09829,1.09842,1.09766,1.09793,1,BUY
2019-10-08 08:00:00,1.09796,1.09918,1.09794,1.09908,1,BUY
2019-10-08 09:00:00,1.09905,1.09928,1.09827,1.09887,1,BUY
2019-10-08 10:00:00,1.0989,1.09962,1.09854,1.09872,1,BUY
2019-10-08 11:00:00,1.09874,1.09927,1.09857,1.09879,1,BUY
2019-10-08 12:00:00,1.09882,1.09928,1.09832,1.09846,1,BUY
2019-10-08 13:00:00,1.09848,1.09865,1.09697,1.09738,1,BUY
2019-10-08 14:00:00,1.09736,1.09756,1.09532,1.09549,0,SELL
2019-10-08 15:00:00,1.09551,1.09584,1.0945,1.09489,0,SELL
2019-10-08 16:00:00,1.09492,1.09572,1.09478,1.09529,0,SELL
2019-10-08 17:00:00,1.09531,1.09558,1.09472,1.09518,0,SELL
2019-10-08 18:00:00,1.09516,1.09625,1.0941,1.09549,0,SELL
2019-10-08 19:00:00,1.09547,1.09593,1.09506,1.09561,0,SELL
2019-10-08 20:00:00,1.09558,1.09583,1.09536,1.0956,0,SELL
2019-10-08 21:00:00,1.0956,1.09578,1.0953,1.09558,0,SELL
2019-10-08 22:00:00,1.09561,1.09587,1.09552,1.09582,0,SELL
2019-10-08 23:00:00,1.09584,1.09609,1.09579,1.09598,0,SELL
2019-10-09 00:00:00,1.09596,1.09602,1.0955,1.09578,0,SELL
2019-10-09 01:00:00,1.0958,1.09632,1.09578,1.09614,0,SELL
2019-10-09 02:00:00,1.09617,1.09656,1.09612,1.09652,0,SELL
2019-10-09 03:00:00,1.09654,1.09654,1.09629,1.09632,0,SELL
2019-10-09 04:00:00,1.09635,1.09647,1.0961,1.09624,0,SELL
2019-10-09 05:00:00,1.09626,1.09626,1.09586,1.09596,0,SELL
2019-10-09 06:00:00,1.09598,1.09624,1.09557,1.09624,0,SELL
2019-10-09 07:00:00,1.09626,1.09838,1.0961,1.09784,0,SELL
2019-10-09 08:00:00,1.09782,1.09899,1.0978,1.09841,0,SELL
2019-10-09 09:00:00,1.09838,1.09902,1.09762,1.0982,1,BUY
2019-10-09 10:00:00,1.09822,1.0989,1.09758,1.09813,1,BUY
2019-10-09 11:00:00,1.0981,1.09834,1.09737,1.09788,1,BUY
2019-10-09 12:00:00,1.09791,1.09831,1.09718,1.0975,1,BUY
2019-10-09 13:00:00,1.09748,1.09838,1.09743,1.09806,1,BUY
2019-10-09 14:00:00,1.09809,1.09838,1.09746,1.09796,1,BUY
2019-10-09 15:00:00,1.09798,1.09833,1.09758,1.0978,1,BUY
2019-10-09 16:00:00,1.09778,1.09778,1.09702,1.09731,1,BUY
2019-10-09 17:00:00,1.09728,1.0982,1.09726,1.0979,1,BUY
2019-10-09 18:00:00,1.09788,1.09794,1.09716,1.09739,1,BUY
2019-10-09 19:00:00,1.09736,1.09788,1.09708,1.09761,0,SELL
2019-10-09 20:00:00,1.09758,1.09762,1.09678,1.09701,0,SELL
2019-10-09 21:00:00,1.09717,1.09746,1.09713,1.09732,0,SELL
2019-10-09 22:00:00,1.0973,1.09856,1.0973,1.09846,0,SELL
2019-10-09 23:00:00,1.09848,1.09896,1.09837,1.09843,1,BUY
2019-10-10 00:00:00,1.0984,1.09867,1.09812,1.09817,1,BUY
2019-10-10 01:00:00,1.09814,1.09934,1.09798,1.09877,1,BUY
2019-10-10 02:00:00,1.09875,1.09932,1.09864,1.09905,1,BUY
2019-10-10 03:00:00,1.09903,1.0991,1.09884,1.09888,1,BUY
2019-10-10 04:00:00,1.09885,1.09888,1.0985,1.09862,1,BUY
2019-10-10 05:00:00,1.09864,1.09884,1.09838,1.09878,1,BUY
2019-10-10 06:00:00,1.09878,1.10095,1.0983,1.10065,1,BUY
2019-10-10 07:00:00,1.10067,1.10192,1.10046,1.10165,1,BUY
2019-10-10 08:00:00,1.10162,1.10198,1.10122,1.10176,1,BUY
2019-10-10 09:00:00,1.10178,1.10336,1.10138,1.10303,1,BUY
2019-10-10 10:00:00,1.10305,1.10337,1.10258,1.1026,1,BUY
2019-10-10 11:00:00,1.10263,1.10338,1.10214,1.10241,1,BUY
2019-10-10 12:00:00,1.10238,1.10331,1.10181,1.10231,1,BUY
2019-10-10 13:00:00,1.10234,1.10279,1.10158,1.10194,1,BUY
2019-10-10 14:00:00,1.10192,1.10244,1.10118,1.10128,1,BUY
2019-10-10 15:00:00,1.10126,1.10183,1.10024,1.10177,1,BUY
2019-10-10 16:00:00,1.10175,1.10236,1.10133,1.10164,1,BUY
2019-10-10 17:00:00,1.10161,1.10222,1.10119,1.10153,1,BUY
2019-10-10 18:00:00,1.1015,1.10178,1.10052,1.1007,1,BUY
2019-10-10 19:00:00,1.10068,1.10096,1.1003,1.10093,1,BUY
2019-10-10 20:00:00,1.1009,1.1009,1.10046,1.1005,1,BUY
2019-10-10 21:00:00,1.10054,1.10089,1.1005,1.10089,1,BUY
2019-10-10 22:00:00,1.10087,1.10087,1.10056,1.10073,1,BUY
2019-10-10 23:00:00,1.10075,1.10112,1.10062,1.10108,1,BUY
2019-10-11 00:00:00,1.1011,1.10139,1.10048,1.1006,1,BUY
2019-10-11 01:00:00,1.10062,1.10162,1.1006,1.1016,1,BUY
2019-10-11 02:00:00,1.10162,1.10178,1.10154,1.10174,1,BUY
2019-10-11 03:00:00,1.10172,1.10174,1.10152,1.10154,1,BUY
2019-10-11 04:00:00,1.10156,1.10195,1.1015,1.10162,1,BUY
2019-10-11 05:00:00,1.10158,1.10193,1.10144,1.10158,1,BUY
2019-10-11 06:00:00,1.10158,1.10228,1.10122,1.1018,1,BUY
2019-10-11 07:00:00,1.10182,1.10202,1.1009,1.10112,1,BUY
2019-10-11 08:00:00,1.1011,1.10157,1.10008,1.10096,1,BUY
2019-10-11 09:00:00,1.10099,1.10254,1.10076,1.10202,1,BUY
2019-10-11 10:00:00,1.10198,1.10402,1.10196,1.10352,1,BUY
2019-10-11 11:00:00,1.1035,1.10626,1.10344,1.1054,1,BUY
2019-10-11 12:00:00,1.10543,1.10563,1.10379,1.10458,1,BUY
2019-10-11 13:00:00,1.1046,1.10628,1.10434,1.10538,1,BUY
2019-10-11 14:00:00,1.10536,1.1057,1.10258,1.10349,1,BUY
2019-10-11 15:00:00,1.10346,1.10538,1.10342,1.10391,1,BUY
2019-10-11 16:00:00,1.10388,1.10514,1.1031,1.10505,1,BUY
2019-10-11 17:00:00,1.10502,1.10518,1.10416,1.10468,1,BUY
2019-10-11 18:00:00,1.10465,1.10474,1.10408,1.1043,1,BUY
2019-10-11 19:00:00,1.10428,1.10482,1.1036,1.10407,1,BUY
2019-10-11 20:00:00,1.10404,1.10404,1.10328,1.10384,1,BUY
2019-10-13 21:00:00,1.1033,1.10382,1.10322,1.10372,1,BUY
2019-10-13 22:00:00,1.10375,1.10384,1.10292,1.103,1,BUY
2019-10-13 23:00:00,1.10297,1.10312,1.10252,1.10281,1,BUY
2019-10-14 00:00:00,1.10279,1.10319,1.10243,1.10279,1,BUY
2019-10-14 01:00:00,1.10276,1.10294,1.10248,1.10286,1,BUY
2019-10-14 02:00:00,1.10284,1.1029,1.10262,1.1028,1,BUY
2019-10-14 03:00:00,1.10278,1.10314,1.10258,1.10314,1,BUY
2019-10-14 04:00:00,1.10312,1.10354,1.10309,1.1031,1,BUY
2019-10-14 05:00:00,1.10308,1.10336,1.10265,1.10301,1,BUY
2019-10-14 06:00:00,1.10304,1.10322,1.10127,1.10186,1,BUY
2019-10-14 07:00:00,1.10184,1.10304,1.10139,1.10182,1,BUY
2019-10-14 08:00:00,1.1018,1.1033,1.1016,1.103,1,BUY
2019-10-14 09:00:00,1.10297,1.10392,1.10297,1.10377,1,BUY
2019-10-14 10:00:00,1.10374,1.10428,1.10294,1.1031,1,BUY
2019-10-14 11:00:00,1.10312,1.10312,1.10255,1.10274,1,BUY
2019-10-14 12:00:00,1.10276,1.1032,1.10244,1.10244,1,BUY
2019-10-14 13:00:00,1.10241,1.10286,1.10209,1.10252,1,BUY
2019-10-14 14:00:00,1.10249,1.10305,1.10198,1.10248,1,BUY
2019-10-14 15:00:00,1.10245,1.1027,1.10178,1.10265,1,BUY
2019-10-14 16:00:00,1.10263,1.10306,1.10234,1.10297,1,BUY
2019-10-14 17:00:00,1.10295,1.10308,1.10251,1.1026,1,BUY
2019-10-14 18:00:00,1.10258,1.10328,1.10254,1.10304,1,BUY
2019-10-14 19:00:00,1.10306,1.10316,1.10238,1.10252,1,BUY
2019-10-14 20:00:00,1.10249,1.10268,1.10229,1.10268,1,BUY
2019-10-14 21:00:00,1.10278,1.10299,1.10242,1.10245,1,BUY
2019-10-14 22:00:00,1.1025,1.10286,1.10247,1.1028,1,BUY
2019-10-14 23:00:00,1.10282,1.10282,1.1025,1.10259,1,BUY
2019-10-15 00:00:00,1.10256,1.1027,1.10218,1.10254,1,BUY
2019-10-15 01:00:00,1.10252,1.10324,1.1025,1.10301,1,BUY
2019-10-15 02:00:00,1.10299,1.10304,1.10257,1.10268,1,BUY
2019-10-15 03:00:00,1.1027,1.10322,1.10268,1.10322,1,BUY
2019-10-15 04:00:00,1.1032,1.10334,1.10271,1.10286,1,BUY
2019-10-15 05:00:00,1.10288,1.10332,1.1027,1.10328,1,BUY
2019-10-15 06:00:00,1.10326,1.10461,1.10256,1.10392,1,BUY
2019-10-15 07:00:00,1.1039,1.1039,1.10127,1.10209,1,BUY
2019-10-15 08:00:00,1.10207,1.10304,1.10188,1.10266,1,BUY
2019-10-15 09:00:00,1.10269,1.10269,1.10066,1.10132,0,SELL
2019-10-15 10:00:00,1.10134,1.10202,1.10088,1.1016,0,SELL
2019-10-15 11:00:00,1.10162,1.1017,1.10026,1.1006,0,SELL
2019-10-15 12:00:00,1.10058,1.10096,1.09956,1.10053,0,SELL
2019-10-15 13:00:00,1.10056,1.10098,1.09914,1.09936,0,SELL
2019-10-15 14:00:00,1.09938,1.10445,1.09931,1.10346,0,SELL
2019-10-15 15:00:00,1.10349,1.10442,1.10308,1.10353,0,SELL
2019-10-15 16:00:00,1.10351,1.10366,1.10154,1.1023,0,SELL
2019-10-15 17:00:00,1.10232,1.10321,1.1017,1.10298,0,SELL
2019-10-15 18:00:00,1.103,1.10358,1.10276,1.10358,1,BUY
2019-10-15 19:00:00,1.10356,1.10381,1.10307,1.10343,1,BUY
2019-10-15 20:00:00,1.1034,1.10352,1.10306,1.10323,1,BUY
2019-10-15 21:00:00,1.10305,1.10356,1.1026,1.10314,1,BUY
2019-10-15 22:00:00,1.10316,1.10352,1.10316,1.10336,1,BUY
2019-10-15 23:00:00,1.10338,1.10352,1.10324,1.10346,1,BUY
2019-10-16 00:00:00,1.10344,1.10344,1.10304,1.10318,1,BUY
2019-10-16 01:00:00,1.10321,1.10321,1.10262,1.10288,1,BUY
2019-10-16 02:00:00,1.1029,1.10292,1.1024,1.1029,1,BUY
2019-10-16 03:00:00,1.10292,1.10321,1.10284,1.10308,1,BUY
2019-10-16 04:00:00,1.10312,1.10324,1.10288,1.10302,1,BUY
2019-10-16 05:00:00,1.103,1.1036,1.10296,1.1035,1,BUY
2019-10-16 06:00:00,1.10352,1.106,1.10341,1.10464,1,BUY
2019-10-16 07:00:00,1.10461,1.10536,1.10314,1.1035,1,BUY
2019-10-16 08:00:00,1.10352,1.10387,1.10294,1.10364,1,BUY
2019-10-16 09:00:00,1.10362,1.10398,1.10224,1.10393,1,BUY
2019-10-16 10:00:00,1.10396,1.10472,1.10242,1.10252,1,BUY
2019-10-16 11:00:00,1.10254,1.10344,1.10247,1.10268,1,BUY
2019-10-16 12:00:00,1.1027,1.10489,1.1023,1.10398,1,BUY
2019-10-16 13:00:00,1.10402,1.10534,1.10388,1.10527,1,BUY
2019-10-16 14:00:00,1.10529,1.10562,1.10414,1.10519,1,BUY
2019-10-16 15:00:00,1.10521,1.10772,1.10448,1.10746,1,BUY
2019-10-16 16:00:00,1.10748,1.10858,1.10731,1.1081,1,BUY
2019-10-16 17:00:00,1.10813,1.10813,1.10649,1.10695,1,BUY
2019-10-16 18:00:00,1.10697,1.10753,1.10681,1.10732,1,BUY
2019-10-16 19:00:00,1.10729,1.10767,1.10715,1.1075,1,BUY
2019-10-16 20:00:00,1.10752,1.10753,1.10716,1.10716,1,BUY
2019-10-16 21:00:00,1.10728,1.10734,1.10714,1.10729,1,BUY
2019-10-16 22:00:00,1.10731,1.10764,1.10731,1.10749,1,BUY
2019-10-16 23:00:00,1.10751,1.10776,1.1074,1.1074,1,BUY
2019-10-17 00:00:00,1.10737,1.10848,1.10731,1.10826,1,BUY
2019-10-17 01:00:00,1.10828,1.10843,1.10776,1.10798,1,BUY
2019-10-17 02:00:00,1.10796,1.10796,1.10748,1.1077,1,BUY
2019-10-17 03:00:00,1.10768,1.10786,1.10752,1.10776,1,BUY
2019-10-17 04:00:00,1.10774,1.10774,1.1075,1.10758,1,BUY
2019-10-17 05:00:00,1.1076,1.10768,1.10694,1.10712,1,BUY
2019-10-17 06:00:00,1.10715,1.1075,1.1067,1.1067,1,BUY
2019-10-17 07:00:00,1.10672,1.10866,1.10651,1.10778,1,BUY
2019-10-17 08:00:00,1.10776,1.10929,1.10722,1.10898,1,BUY
2019-10-17 09:00:00,1.10902,1.11399,1.10902,1.11182,1,BUY
2019-10-17 10:00:00,1.11184,1.11253,1.11092,1.1113,1,BUY
2019-10-17 11:00:00,1.11132,1.11256,1.11072,1.11158,1,BUY
2019-10-17 12:00:00,1.1116,1.11233,1.11016,1.11174,1,BUY
2019-10-17 13:00:00,1.11172,1.11302,1.11104,1.11236,1,BUY
2019-10-17 14:00:00,1.11238,1.11275,1.11132,1.11152,1,BUY
2019-10-17 15:00:00,1.11154,1.1129,1.11107,1.1129,1,BUY
2019-10-17 16:00:00,1.11288,1.11324,1.11234,1.11262,1,BUY
2019-10-17 17:00:00,1.11265,1.11284,1.11207,1.11275,1,BUY
2019-10-17 18:00:00,1.11277,1.11288,1.11217,1.11239,1,BUY
2019-10-17 19:00:00,1.11236,1.11271,1.11204,1.11246,1,BUY
2019-10-17 20:00:00,1.11249,1.11267,1.1123,1.11244,1,BUY
2019-10-17 21:00:00,1.11244,1.11273,1.11243,1.11273,1,BUY
2019-10-17 22:00:00,1.11275,1.11285,1.1124,1.11252,1,BUY
2019-10-17 23:00:00,1.11254,1.1126,1.1123,1.11248,1,BUY
2019-10-18 00:00:00,1.1125,1.11288,1.1124,1.11283,1,BUY
2019-10-18 01:00:00,1.1128,1.11308,1.11212,1.11232,1,BUY
2019-10-18 02:00:00,1.1123,1.11266,1.11216,1.11232,1,BUY
2019-10-18 03:00:00,1.11235,1.11279,1.11235,1.11274,1,BUY
2019-10-18 04:00:00,1.11271,1.11278,1.11212,1.11217,1,BUY
2019-10-18 05:00:00,1.11219,1.11259,1.11198,1.11198,1,BUY
2019-10-18 06:00:00,1.112,1.11246,1.11148,1.1117,1,BUY
2019-10-18 07:00:00,1.11167,1.11286,1.11151,1.11244,1,BUY
2019-10-18 08:00:00,1.11241,1.11314,1.11212,1.11278,1,BUY
2019-10-18 09:00:00,1.11275,1.11327,1.11246,1.113,1,BUY
2019-10-18 10:00:00,1.11298,1.1135,1.11254,1.11321,1,BUY
2019-10-18 11:00:00,1.11324,1.11466,1.113,1.11432,1,BUY
2019-10-18 12:00:00,1.1143,1.115,1.11424,1.11476,1,BUY
2019-10-18 13:00:00,1.11478,1.11526,1.11358,1.11395,1,BUY
2019-10-18 14:00:00,1.11397,1.11446,1.11373,1.11384,1,BUY
2019-10-18 15:00:00,1.11386,1.11593,1.11352,1.11546,1,BUY
2019-10-18 16:00:00,1.11544,1.11596,1.11464,1.11582,1,BUY
2019-10-18 17:00:00,1.11586,1.11629,1.11563,1.11587,1,BUY
2019-10-18 18:00:00,1.11585,1.11621,1.11564,1.11614,1,BUY
2019-10-18 19:00:00,1.11612,1.1166,1.11598,1.11618,1,BUY
2019-10-18 20:00:00,1.1162,1.11724,1.11614,1.11708,1,BUY
2019-10-20 23:00:00,1.11708,1.11708,1.11708,1.11708,1,BUY
2019-10-21 00:00:00,1.11708,1.11708,1.11708,1.11708,1,BUY
2019-10-21 01:00:00,1.11622,1.11622,1.11544,1.11576,1,BUY
2019-10-21 02:00:00,1.11579,1.11595,1.11548,1.11567,1,BUY
2019-10-21 03:00:00,1.11564,1.116,1.11562,1.116,1,BUY
2019-10-21 04:00:00,1.11602,1.11609,1.11576,1.11576,1,BUY
2019-10-21 05:00:00,1.11574,1.11611,1.1153,1.1153,1,BUY
2019-10-21 06:00:00,1.11532,1.1161,1.11524,1.11575,1,BUY
2019-10-21 07:00:00,1.11572,1.1167,1.11498,1.11645,1,BUY
2019-10-21 08:00:00,1.11642,1.11794,1.11628,1.11668,1,BUY
2019-10-21 09:00:00,1.11665,1.11706,1.11646,1.11686,1,BUY
2019-10-21 10:00:00,1.11682,1.11688,1.11612,1.11625,1,BUY
2019-10-21 11:00:00,1.11627,1.11733,1.11608,1.11682,1,BUY
2019-10-21 12:00:00,1.11684,1.11738,1.11602,1.11609,1,BUY
2019-10-21 13:00:00,1.11612,1.11627,1.11518,1.11556,1,BUY
2019-10-21 14:00:00,1.11554,1.1161,1.11446,1.11458,1,BUY
2019-10-21 15:00:00,1.11461,1.11468,1.11386,1.11449,1,BUY
2019-10-21 16:00:00,1.11451,1.11567,1.11449,1.11515,1,BUY
2019-10-21 17:00:00,1.11517,1.11526,1.11478,1.11508,1,BUY
2019-10-21 18:00:00,1.11506,1.11535,1.11458,1.11462,1,BUY
2019-10-21 19:00:00,1.11464,1.11497,1.11451,1.11497,1,BUY
2019-10-21 20:00:00,1.11495,1.11504,1.11474,1.11497,1,BUY
2019-10-21 21:00:00,1.11494,1.11526,1.1145,1.11504,1,BUY
2019-10-21 22:00:00,1.115,1.11536,1.11475,1.11496,1,BUY
2019-10-21 23:00:00,1.11498,1.11518,1.11482,1.11517,1,BUY
2019-10-22 00:00:00,1.11515,1.11542,1.11502,1.11542,1,BUY
2019-10-22 01:00:00,1.11539,1.11569,1.11512,1.11516,1,BUY
2019-10-22 02:00:00,1.11514,1.11538,1.11475,1.11518,1,BUY
2019-10-22 03:00:00,1.1152,1.11523,1.1149,1.11495,1,BUY
2019-10-22 04:00:00,1.11492,1.11534,1.11492,1.11528,1,BUY
2019-10-22 05:00:00,1.1153,1.11568,1.1152,1.11528,1,BUY
2019-10-22 06:00:00,1.1153,1.11567,1.11484,1.11486,1,BUY
2019-10-22 07:00:00,1.11488,1.11505,1.11424,1.11444,1,BUY
2019-10-22 08:00:00,1.11442,1.11469,1.11335,1.11412,1,BUY
2019-10-22 09:00:00,1.1141,1.11451,1.11375,1.11441,1,BUY
2019-10-22 10:00:00,1.11438,1.11482,1.11388,1.11424,0,SELL
2019-10-22 11:00:00,1.11427,1.11429,1.11338,1.11382,0,SELL
2019-10-22 12:00:00,1.11385,1.1139,1.1123,1.11268,0,SELL
2019-10-22 13:00:00,1.11271,1.1138,1.11262,1.11345,0,SELL
2019-10-22 14:00:00,1.11343,1.11378,1.11254,1.11314,0,SELL
2019-10-22 15:00:00,1.11316,1.11459,1.11302,1.11378,0,SELL
2019-10-22 16:00:00,1.11375,1.1143,1.11358,1.11406,0,SELL
2019-10-22 17:00:00,1.11408,1.11466,1.1139,1.11444,0,SELL
2019-10-22 18:00:00,1.11442,1.11541,1.11206,1.11237,0,SELL
2019-10-22 19:00:00,1.11234,1.11358,1.11178,1.11316,0,SELL
2019-10-22 20:00:00,1.11314,1.11314,1.11246,1.11252,0,SELL
2019-10-22 21:00:00,1.11252,1.11268,1.1124,1.11249,0,SELL
2019-10-22 22:00:00,1.11252,1.11312,1.11252,1.11306,0,SELL
2019-10-22 23:00:00,1.11304,1.11308,1.11279,1.1129,0,SELL
2019-10-23 00:00:00,1.11292,1.11306,1.11248,1.11261,0,SELL
2019-10-23 01:00:00,1.11264,1.11268,1.11212,1.11214,0,SELL
2019-10-23 02:00:00,1.11211,1.11244,1.112,1.112,0,SELL
2019-10-23 03:00:00,1.11202,1.11202,1.1116,1.11175,0,SELL
2019-10-23 04:00:00,1.11178,1.11233,1.11178,1.11208,0,SELL
2019-10-23 05:00:00,1.1121,1.11252,1.11188,1.1125,0,SELL
2019-10-23 06:00:00,1.11253,1.11287,1.1118,1.11198,0,SELL
2019-10-23 07:00:00,1.11196,1.11279,1.11188,1.11246,0,SELL
2019-10-23 08:00:00,1.11249,1.11265,1.11183,1.11183,0,SELL
2019-10-23 09:00:00,1.11185,1.11222,1.11102,1.11119,0,SELL
2019-10-23 10:00:00,1.11117,1.11202,1.11061,1.11072,0,SELL
2019-10-23 11:00:00,1.11075,1.1121,1.11074,1.11197,0,SELL
2019-10-23 12:00:00,1.11199,1.11252,1.11166,1.11227,0,SELL
2019-10-23 13:00:00,1.11225,1.11246,1.11171,1.11228,0,SELL
2019-10-23 14:00:00,1.1123,1.11238,1.1112,1.11148,0,SELL
2019-10-23 15:00:00,1.1115,1.11238,1.11137,1.11174,0,SELL
2019-10-23 16:00:00,1.11176,1.11222,1.11156,1.1121,0,SELL
2019-10-23 17:00:00,1.11212,1.11244,1.1119,1.11237,0,SELL
2019-10-23 18:00:00,1.11234,1.1129,1.11226,1.11284,0,SELL
2019-10-23 19:00:00,1.11282,1.11404,1.11276,1.11331,0,SELL
2019-10-23 20:00:00,1.11334,1.11335,1.113,1.11309,0,SELL
2019-10-23 21:00:00,1.11314,1.11328,1.11293,1.11322,0,SELL
2019-10-23 22:00:00,1.1132,1.11331,1.11306,1.11323,0,SELL
2019-10-23 23:00:00,1.11325,1.11334,1.11314,1.11322,1,BUY
2019-10-24 00:00:00,1.1132,1.11324,1.11294,1.11318,1,BUY
2019-10-24 01:00:00,1.11316,1.11386,1.11316,1.11386,1,BUY
2019-10-24 02:00:00,1.11384,1.1142,1.1137,1.11376,1,BUY
2019-10-24 03:00:00,1.11378,1.1138,1.11353,1.11361,1,BUY
2019-10-24 04:00:00,1.11358,1.11378,1.11345,1.11345,1,BUY
2019-10-24 05:00:00,1.11343,1.11358,1.11316,1.11328,1,BUY
2019-10-24 06:00:00,1.11331,1.11362,1.11305,1.11352,1,BUY
2019-10-24 07:00:00,1.1135,1.11628,1.11344,1.11473,1,BUY
2019-10-24 08:00:00,1.11476,1.11476,1.11242,1.11321,1,BUY
2019-10-24 09:00:00,1.11324,1.11353,1.11255,1.11313,1,BUY
2019-10-24 10:00:00,1.1131,1.11312,1.11222,1.11285,0,SELL
2019-10-24 11:00:00,1.11287,1.113,1.11202,1.1121,0,SELL
2019-10-24 12:00:00,1.11212,1.11536,1.11206,1.11495,0,SELL
2019-10-24 13:00:00,1.11497,1.11516,1.11115,1.11165,0,SELL
2019-10-24 14:00:00,1.11167,1.11173,1.11021,1.11056,0,SELL
2019-10-24 15:00:00,1.11054,1.11058,1.10931,1.10976,0,SELL
2019-10-24 16:00:00,1.10978,1.11086,1.10934,1.11068,0,SELL
2019-10-24 17:00:00,1.1107,1.11109,1.11047,1.11064,0,SELL
2019-10-24 18:00:00,1.11066,1.11093,1.1104,1.11086,0,SELL
2019-10-24 19:00:00,1.11088,1.11092,1.10998,1.11,0,SELL
2019-10-24 20:00:00,1.11003,1.1105,1.10996,1.11046,0,SELL
2019-10-24 21:00:00,1.11052,1.11075,1.11036,1.1105,0,SELL
2019-10-24 22:00:00,1.11047,1.11055,1.11037,1.11037,0,SELL
2019-10-24 23:00:00,1.11035,1.11043,1.11026,1.11037,0,SELL
2019-10-25 00:00:00,1.1104,1.11042,1.11012,1.11015,0,SELL
2019-10-25 01:00:00,1.11017,1.11054,1.11017,1.11024,0,SELL
2019-10-25 02:00:00,1.1102,1.11045,1.11007,1.11038,0,SELL
2019-10-25 03:00:00,1.11036,1.11036,1.11012,1.11026,0,SELL
2019-10-25 04:00:00,1.11029,1.11032,1.1102,1.11022,0,SELL
2019-10-25 05:00:00,1.11025,1.11094,1.11013,1.11092,0,SELL
2019-10-25 06:00:00,1.11092,1.11098,1.11052,1.11097,0,SELL
2019-10-25 07:00:00,1.11094,1.11151,1.11048,1.11136,0,SELL
2019-10-25 08:00:00,1.11134,1.11226,1.11124,1.11208,0,SELL
2019-10-25 09:00:00,1.11206,1.1123,1.11134,1.11153,0,SELL
2019-10-25 10:00:00,1.11156,1.11194,1.11128,1.1114,0,SELL
2019-10-25 11:00:00,1.11138,1.11146,1.11061,1.11061,0,SELL
2019-10-25 12:00:00,1.11064,1.11095,1.10959,1.10999,0,SELL
2019-10-25 13:00:00,1.10996,1.11052,1.10874,1.10938,0,SELL
2019-10-25 14:00:00,1.10941,1.10958,1.1087,1.10912,0,SELL
2019-10-25 15:00:00,1.1091,1.1092,1.10803,1.1081,0,SELL
2019-10-25 16:00:00,1.10808,1.10817,1.10734,1.10737,0,SELL
2019-10-25 17:00:00,1.10735,1.10798,1.1073,1.10771,0,SELL
2019-10-25 18:00:00,1.10769,1.10819,1.10762,1.108,0,SELL
2019-10-25 19:00:00,1.10798,1.10826,1.10783,1.10803,0,SELL
2019-10-25 20:00:00,1.108,1.10812,1.10775,1.10795,0,SELL
2019-10-27 21:00:00,1.10804,1.1081,1.10772,1.10798,0,SELL
2019-10-27 22:00:00,1.108,1.10827,1.10794,1.10822,0,SELL
2019-10-27 23:00:00,1.10819,1.10841,1.10817,1.10839,0,SELL
2019-10-28 00:00:00,1.10842,1.10844,1.10818,1.10824,0,SELL
2019-10-28 01:00:00,1.10822,1.10822,1.10772,1.10782,0,SELL
2019-10-28 02:00:00,1.10785,1.10795,1.10764,1.10788,0,SELL
2019-10-28 03:00:00,1.1079,1.10816,1.10782,1.10816,0,SELL
2019-10-28 04:00:00,1.10814,1.1084,1.10811,1.10828,0,SELL
2019-10-28 05:00:00,1.10826,1.10878,1.10818,1.10878,0,SELL
2019-10-28 06:00:00,1.10878,1.10914,1.10858,1.10914,0,SELL
2019-10-28 07:00:00,1.10912,1.1092,1.10862,1.109,0,SELL
2019-10-28 08:00:00,1.10902,1.1097,1.10888,1.10916,0,SELL
2019-10-28 09:00:00,1.10914,1.1096,1.10884,1.10916,0,SELL
2019-10-28 10:00:00,1.10919,1.10958,1.10904,1.10948,0,SELL
2019-10-28 11:00:00,1.10951,1.11066,1.10947,1.10968,0,SELL
2019-10-28 12:00:00,1.1097,1.11022,1.10871,1.10873,0,SELL
2019-10-28 13:00:00,1.10875,1.10968,1.10844,1.10942,0,SELL
2019-10-28 14:00:00,1.10944,1.10978,1.10903,1.10918,0,SELL
2019-10-28 15:00:00,1.10915,1.10942,1.10864,1.10934,0,SELL
2019-10-28 16:00:00,1.10936,1.10987,1.1092,1.10986,0,SELL
2019-10-28 17:00:00,1.10984,1.11029,1.1097,1.11023,0,SELL
2019-10-28 18:00:00,1.11021,1.11021,1.1097,1.10978,0,SELL
2019-10-28 19:00:00,1.1098,1.11032,1.10968,1.1103,0,SELL
2019-10-28 20:00:00,1.11028,1.1103,1.10994,1.10997,0,SELL
2019-10-28 21:00:00,1.10994,1.11023,1.10985,1.10994,0,SELL
2019-10-28 22:00:00,1.10996,1.11008,1.10978,1.1098,0,SELL
2019-10-28 23:00:00,1.10982,1.10996,1.10978,1.10983,0,SELL
2019-10-29 00:00:00,1.10981,1.11,1.10967,1.10978,0,SELL
2019-10-29 01:00:00,1.10976,1.10981,1.10914,1.10944,0,SELL
2019-10-29 02:00:00,1.10942,1.11026,1.10942,1.1097,0,SELL
2019-10-29 03:00:00,1.10968,1.10976,1.10946,1.10963,0,SELL
2019-10-29 04:00:00,1.10961,1.10968,1.10926,1.10928,0,SELL
2019-10-29 05:00:00,1.10931,1.10952,1.10927,1.10942,0,SELL
2019-10-29 06:00:00,1.10942,1.10946,1.1089,1.10908,0,SELL
2019-10-29 07:00:00,1.1091,1.10936,1.10836,1.10845,0,SELL
2019-10-29 08:00:00,1.10842,1.10862,1.10773,1.10794,0,SELL
2019-10-29 09:00:00,1.10796,1.10834,1.10773,1.10774,0,SELL
2019-10-29 10:00:00,1.10776,1.10912,1.10737,1.10895,0,SELL
2019-10-29 11:00:00,1.10898,1.10912,1.10779,1.10818,0,SELL
2019-10-29 12:00:00,1.1082,1.10961,1.10809,1.1095,0,SELL
2019-10-29 13:00:00,1.10948,1.10986,1.10927,1.1096,0,SELL
2019-10-29 14:00:00,1.10958,1.11125,1.10954,1.11104,0,SELL
2019-10-29 15:00:00,1.11102,1.11176,1.11064,1.11166,1,BUY
2019-10-29 16:00:00,1.11164,1.11185,1.1107,1.11094,1,BUY
2019-10-29 17:00:00,1.11092,1.11104,1.11074,1.11081,1,BUY
2019-10-29 18:00:00,1.11078,1.11122,1.11049,1.1111,1,BUY
2019-10-29 19:00:00,1.11108,1.11134,1.11095,1.11112,1,BUY
2019-10-29 20:00:00,1.1111,1.11124,1.11095,1.11113,1,BUY
2019-10-29 21:00:00,1.11117,1.11146,1.11112,1.1112,1,BUY
2019-10-29 22:00:00,1.11118,1.11136,1.11118,1.11122,1,BUY
2019-10-29 23:00:00,1.11124,1.11141,1.11117,1.11123,1,BUY
2019-10-30 00:00:00,1.1112,1.1112,1.11068,1.11091,1,BUY
2019-10-30 01:00:00,1.11094,1.11124,1.11086,1.11102,1,BUY
2019-10-30 02:00:00,1.11106,1.11108,1.11068,1.11078,1,BUY
2019-10-30 03:00:00,1.1108,1.1109,1.11066,1.11088,1,BUY
2019-10-30 04:00:00,1.11085,1.11097,1.11078,1.11092,1,BUY
2019-10-30 05:00:00,1.1109,1.11126,1.11082,1.111,1,BUY
2019-10-30 06:00:00,1.111,1.11167,1.11098,1.11148,1,BUY
2019-10-30 07:00:00,1.1115,1.11234,1.11128,1.11216,1,BUY
2019-10-30 08:00:00,1.11219,1.11234,1.11131,1.11192,1,BUY
2019-10-30 09:00:00,1.11194,1.11202,1.11117,1.1112,1,BUY
2019-10-30 10:00:00,1.11122,1.11272,1.11122,1.11215,1,BUY
2019-10-30 11:00:00,1.11212,1.11236,1.11069,1.1114,1,BUY
2019-10-30 12:00:00,1.11142,1.11169,1.11021,1.11144,1,BUY
2019-10-30 13:00:00,1.11146,1.11172,1.11034,1.11077,1,BUY
2019-10-30 14:00:00,1.11079,1.1119,1.11058,1.11119,1,BUY
2019-10-30 15:00:00,1.11122,1.11234,1.11122,1.1123,1,BUY
2019-10-30 16:00:00,1.11228,1.11256,1.11191,1.11208,1,BUY
2019-10-30 17:00:00,1.11211,1.11232,1.11148,1.11166,1,BUY
2019-10-30 18:00:00,1.1117,1.11272,1.10801,1.1126,1,BUY
2019-10-30 19:00:00,1.11262,1.1151,1.11229,1.11442,1,BUY
2019-10-30 20:00:00,1.11439,1.11516,1.11422,1.11503,1,BUY
2019-10-30 21:00:00,1.11499,1.11534,1.1149,1.11526,1,BUY
2019-10-30 22:00:00,1.11528,1.1155,1.11522,1.1153,1,BUY
2019-10-30 23:00:00,1.11532,1.11552,1.1152,1.11522,1,BUY
2019-10-31 00:00:00,1.11524,1.11626,1.11524,1.11624,1,BUY
2019-10-31 01:00:00,1.11622,1.11698,1.11596,1.11662,1,BUY
2019-10-31 02:00:00,1.11664,1.11681,1.11631,1.11667,1,BUY
2019-10-31 03:00:00,1.1167,1.1169,1.11658,1.11688,1,BUY
2019-10-31 04:00:00,1.11686,1.11706,1.11649,1.11652,1,BUY
2019-10-31 05:00:00,1.11649,1.11656,1.11606,1.11614,1,BUY
2019-10-31 06:00:00,1.11614,1.11646,1.11577,1.11642,1,BUY
2019-10-31 07:00:00,1.11644,1.11675,1.11574,1.11631,1,BUY
2019-10-31 08:00:00,1.11633,1.11756,1.11583,1.11749,1,BUY
2019-10-31 09:00:00,1.11752,1.11752,1.11598,1.11637,1,BUY
2019-10-31 10:00:00,1.1164,1.11748,1.11518,1.11549,1,BUY
2019-10-31 11:00:00,1.11551,1.11646,1.11443,1.11515,1,BUY
2019-10-31 12:00:00,1.11512,1.1164,1.11494,1.11527,1,BUY
2019-10-31 13:00:00,1.1153,1.11564,1.11418,1.11483,1,BUY
2019-10-31 14:00:00,1.11486,1.1152,1.11317,1.11428,1,BUY
2019-10-31 15:00:00,1.11425,1.11589,1.11338,1.11558,1,BUY
2019-10-31 16:00:00,1.11556,1.11583,1.11464,1.11504,1,BUY
2019-10-31 17:00:00,1.11507,1.11542,1.11438,1.11458,1,BUY
2019-10-31 18:00:00,1.11461,1.11477,1.11406,1.11454,1,BUY
2019-10-31 19:00:00,1.11451,1.11534,1.1143,1.1153,1,BUY
2019-10-31 20:00:00,1.11528,1.11542,1.11489,1.11514,1,BUY
2019-10-31 21:00:00,1.11514,1.11526,1.11504,1.11519,1,BUY
2019-10-31 22:00:00,1.11516,1.11534,1.11507,1.11518,1,BUY
2019-10-31 23:00:00,1.11516,1.11566,1.11514,1.11564,1,BUY
2019-11-01 00:00:00,1.1156,1.1156,1.1149,1.1155,1,BUY
2019-11-01 01:00:00,1.11552,1.11668,1.11552,1.11654,1,BUY
2019-11-01 02:00:00,1.11656,1.11658,1.1161,1.11651,1,BUY
2019-11-01 03:00:00,1.11648,1.11664,1.11635,1.11642,1,BUY
2019-11-01 04:00:00,1.1164,1.11646,1.11625,1.11643,1,BUY
2019-11-01 05:00:00,1.1164,1.11651,1.1163,1.11642,1,BUY
2019-11-01 06:00:00,1.11644,1.11646,1.11605,1.11619,1,BUY
2019-11-01 07:00:00,1.11622,1.11668,1.11555,1.11636,1,BUY
2019-11-01 08:00:00,1.11639,1.11689,1.11551,1.11606,1,BUY
2019-11-01 09:00:00,1.11604,1.11604,1.11478,1.11496,1,BUY
2019-11-01 10:00:00,1.11498,1.115,1.11398,1.11484,1,BUY
2019-11-01 11:00:00,1.11482,1.11578,1.11464,1.11554,1,BUY
2019-11-01 12:00:00,1.11556,1.11574,1.11282,1.11312,0,SELL
2019-11-01 13:00:00,1.11314,1.11534,1.11314,1.11472,0,SELL
2019-11-01 14:00:00,1.11475,1.11688,1.11475,1.11655,0,SELL
2019-11-01 15:00:00,1.11658,1.11718,1.11622,1.11688,1,BUY
2019-11-01 16:00:00,1.11685,1.1171,1.11622,1.11682,1,BUY
2019-11-01 17:00:00,1.11684,1.11689,1.11612,1.11619,1,BUY
2019-11-01 18:00:00,1.11617,1.11664,1.11589,1.11637,1,BUY
2019-11-01 19:00:00,1.11634,1.11699,1.11632,1.11693,1,BUY
2019-11-01 20:00:00,1.11691,1.11691,1.11608,1.11654,1,BUY
2019-11-03 22:00:00,1.11692,1.117,1.11648,1.11651,1,BUY
2019-11-03 23:00:00,1.11654,1.11676,1.11644,1.11663,1,BUY
2019-11-04 00:00:00,1.1166,1.11668,1.11597,1.11602,1,BUY
2019-11-04 01:00:00,1.11605,1.11684,1.11605,1.11673,1,BUY
2019-11-04 02:00:00,1.1167,1.1172,1.1166,1.11713,1,BUY
2019-11-04 03:00:00,1.1171,1.11736,1.11694,1.11694,1,BUY
2019-11-04 04:00:00,1.11698,1.1171,1.11692,1.11694,1,BUY
2019-11-04 05:00:00,1.11692,1.11692,1.11654,1.1168,1,BUY
2019-11-04 06:00:00,1.11678,1.11709,1.11664,1.11682,1,BUY
2019-11-04 07:00:00,1.11684,1.11756,1.11658,1.11732,1,BUY
2019-11-04 08:00:00,1.1173,1.1173,1.11492,1.11624,1,BUY
2019-11-04 09:00:00,1.11622,1.11686,1.11576,1.1165,1,BUY
2019-11-04 10:00:00,1.11648,1.11662,1.11548,1.11632,1,BUY
2019-11-04 11:00:00,1.11634,1.11655,1.11598,1.11648,1,BUY
2019-11-04 12:00:00,1.1165,1.11705,1.11558,1.11598,1,BUY
2019-11-04 13:00:00,1.11596,1.11596,1.11522,1.11562,1,BUY
2019-11-04 14:00:00,1.11564,1.11564,1.11483,1.11483,0,SELL
2019-11-04 15:00:00,1.1148,1.1157,1.11471,1.11546,0,SELL
2019-11-04 16:00:00,1.11548,1.11568,1.11401,1.11442,0,SELL
2019-11-04 17:00:00,1.11439,1.11458,1.11408,1.11412,0,SELL
2019-11-04 18:00:00,1.11414,1.11428,1.11314,1.11348,0,SELL
2019-11-04 19:00:00,1.11345,1.11354,1.11253,1.11274,0,SELL
2019-11-04 20:00:00,1.11272,1.11293,1.11248,1.11283,0,SELL
2019-11-04 21:00:00,1.1128,1.11306,1.1127,1.11282,0,SELL
2019-11-04 22:00:00,1.11282,1.11288,1.1122,1.11222,0,SELL
2019-11-04 23:00:00,1.11224,1.11284,1.11224,1.11281,0,SELL
2019-11-05 00:00:00,1.11278,1.11312,1.11274,1.11298,0,SELL
2019-11-05 01:00:00,1.113,1.11304,1.11254,1.11255,0,SELL
2019-11-05 02:00:00,1.11258,1.11278,1.11222,1.11228,0,SELL
2019-11-05 03:00:00,1.1123,1.1125,1.11128,1.11236,0,SELL
2019-11-05 04:00:00,1.11234,1.11258,1.11211,1.11238,0,SELL
2019-11-05 05:00:00,1.1124,1.11284,1.11238,1.1128,0,SELL
2019-11-05 06:00:00,1.1128,1.11288,1.11252,1.11278,0,SELL
2019-11-05 07:00:00,1.1128,1.11386,1.1128,1.11349,0,SELL
2019-11-05 08:00:00,1.11353,1.11403,1.11302,1.11333,0,SELL
2019-11-05 09:00:00,1.1133,1.11344,1.11244,1.11292,0,SELL
2019-11-05 10:00:00,1.11294,1.11314,1.11206,1.11218,0,SELL
2019-11-05 11:00:00,1.11216,1.11249,1.11142,1.1117,0,SELL
2019-11-05 12:00:00,1.11174,1.11174,1.11052,1.11092,0,SELL
2019-11-05 13:00:00,1.11095,1.11114,1.10952,1.10993,0,SELL
2019-11-05 14:00:00,1.10995,1.10997,1.10862,1.1089,0,SELL
2019-11-05 15:00:00,1.10888,1.10888,1.10664,1.10722,0,SELL
2019-11-05 16:00:00,1.10726,1.10756,1.10641,1.10698,0,SELL
2019-11-05 17:00:00,1.10696,1.10734,1.10667,1.10678,0,SELL
2019-11-05 18:00:00,1.1068,1.10754,1.1065,1.10681,0,SELL
2019-11-05 19:00:00,1.10678,1.10703,1.10637,1.10646,0,SELL
2019-11-05 20:00:00,1.10643,1.10686,1.10643,1.10686,0,SELL
2019-11-05 21:00:00,1.10717,1.10746,1.10717,1.10742,0,SELL
2019-11-05 22:00:00,1.10744,1.10756,1.10728,1.10752,0,SELL
2019-11-05 23:00:00,1.10754,1.10754,1.10734,1.10742,0,SELL
2019-11-06 00:00:00,1.1074,1.1074,1.10666,1.10678,0,SELL
2019-11-06 01:00:00,1.1068,1.10758,1.1068,1.10752,0,SELL
2019-11-06 02:00:00,1.10754,1.10774,1.1074,1.10774,0,SELL
2019-11-06 03:00:00,1.10772,1.10799,1.1076,1.10762,0,SELL
2019-11-06 04:00:00,1.10764,1.10764,1.10703,1.10706,0,SELL
2019-11-06 05:00:00,1.10708,1.1076,1.107,1.1076,0,SELL
2019-11-06 06:00:00,1.1076,1.10785,1.1074,1.10758,0,SELL
2019-11-06 07:00:00,1.10756,1.10804,1.10723,1.10794,0,SELL
2019-11-06 08:00:00,1.10796,1.10904,1.10761,1.10882,0,SELL
2019-11-06 09:00:00,1.10884,1.10928,1.10862,1.10914,0,SELL
2019-11-06 10:00:00,1.10916,1.10922,1.10875,1.10898,0,SELL
2019-11-06 11:00:00,1.10895,1.10898,1.10814,1.10821,0,SELL
2019-11-06 12:00:00,1.10824,1.10908,1.10771,1.10897,0,SELL
2019-11-06 13:00:00,1.10894,1.10918,1.10871,1.10879,0,SELL
2019-11-06 14:00:00,1.10882,1.10886,1.10788,1.10824,0,SELL
2019-11-06 15:00:00,1.10822,1.10858,1.10731,1.10739,0,SELL
2019-11-06 16:00:00,1.10737,1.10794,1.10672,1.10754,0,SELL
2019-11-06 17:00:00,1.10757,1.10774,1.10651,1.10661,0,SELL
2019-11-06 18:00:00,1.10663,1.10707,1.10656,1.10678,0,SELL
2019-11-06 19:00:00,1.1068,1.10711,1.10652,1.10675,0,SELL
2019-11-06 20:00:00,1.10677,1.10734,1.10669,1.10691,0,SELL
2019-11-06 21:00:00,1.10693,1.10696,1.10663,1.10664,0,SELL
2019-11-06 22:00:00,1.1068,1.10726,1.10677,1.10679,0,SELL
2019-11-06 23:00:00,1.10676,1.10706,1.10676,1.10702,0,SELL
2019-11-07 00:00:00,1.10704,1.10708,1.10658,1.1068,0,SELL
2019-11-07 01:00:00,1.10682,1.10699,1.10634,1.10646,0,SELL
2019-11-07 02:00:00,1.10648,1.10656,1.1057,1.10614,0,SELL
2019-11-07 03:00:00,1.10612,1.10612,1.1055,1.10588,0,SELL
2019-11-07 04:00:00,1.10586,1.10606,1.1058,1.1059,0,SELL
2019-11-07 05:00:00,1.10592,1.10614,1.10587,1.10608,0,SELL
2019-11-07 06:00:00,1.10608,1.10628,1.10581,1.10598,0,SELL
2019-11-07 07:00:00,1.10601,1.10809,1.10587,1.10759,0,SELL
2019-11-07 08:00:00,1.10756,1.10837,1.10702,1.10832,0,SELL
2019-11-07 09:00:00,1.1083,1.10836,1.10746,1.10779,0,SELL
2019-11-07 10:00:00,1.10776,1.10917,1.10772,1.10886,0,SELL
2019-11-07 11:00:00,1.10884,1.10912,1.10795,1.10795,0,SELL
2019-11-07 12:00:00,1.10792,1.10833,1.10684,1.10767,0,SELL
2019-11-07 13:00:00,1.10765,1.10824,1.10654,1.10672,0,SELL
2019-11-07 14:00:00,1.10675,1.10694,1.10615,1.10636,0,SELL
2019-11-07 15:00:00,1.10634,1.10638,1.10364,1.10467,0,SELL
2019-11-07 16:00:00,1.10465,1.10496,1.10405,1.1045,0,SELL
2019-11-07 17:00:00,1.10447,1.10484,1.1036,1.10409,0,SELL
2019-11-07 18:00:00,1.10412,1.10492,1.10386,1.10458,0,SELL
2019-11-07 19:00:00,1.1046,1.10538,1.10452,1.10471,0,SELL
2019-11-07 20:00:00,1.10474,1.10514,1.10436,1.10462,0,SELL
2019-11-07 21:00:00,1.10464,1.10518,1.10464,1.10498,0,SELL
2019-11-07 22:00:00,1.10494,1.10507,1.10489,1.10492,0,SELL
2019-11-07 23:00:00,1.1049,1.10528,1.10464,1.10524,0,SELL
2019-11-08 00:00:00,1.10522,1.10524,1.10476,1.10476,0,SELL
2019-11-08 01:00:00,1.10473,1.10534,1.10458,1.10518,0,SELL
2019-11-08 02:00:00,1.10515,1.10544,1.10503,1.10536,0,SELL
2019-11-08 03:00:00,1.10534,1.10534,1.10518,1.10524,0,SELL
2019-11-08 04:00:00,1.10522,1.10524,1.1047,1.10475,0,SELL
2019-11-08 05:00:00,1.10478,1.10526,1.10473,1.10524,0,SELL
2019-11-08 06:00:00,1.10524,1.10535,1.10485,1.1052,0,SELL
2019-11-08 07:00:00,1.10518,1.10534,1.1045,1.10483,0,SELL
2019-11-08 08:00:00,1.1048,1.10555,1.10441,1.105,0,SELL
2019-11-08 09:00:00,1.10502,1.10515,1.1038,1.10385,0,SELL
2019-11-08 10:00:00,1.10383,1.10481,1.10341,1.1035,0,SELL
2019-11-08 11:00:00,1.10348,1.10349,1.1026,1.1029,0,SELL
2019-11-08 12:00:00,1.10292,1.1034,1.1028,1.1032,0,SELL
2019-11-08 13:00:00,1.10322,1.10376,1.10304,1.10304,0,SELL
2019-11-08 14:00:00,1.10307,1.10328,1.10242,1.10275,0,SELL
2019-11-08 15:00:00,1.10272,1.1029,1.10198,1.10217,0,SELL
2019-11-08 16:00:00,1.1022,1.10228,1.10173,1.10189,0,SELL
2019-11-08 17:00:00,1.10187,1.10214,1.10168,1.102,0,SELL
2019-11-08 18:00:00,1.10202,1.10236,1.10184,1.10204,0,SELL
2019-11-08 19:00:00,1.10207,1.10245,1.10204,1.10237,0,SELL
2019-11-08 20:00:00,1.10235,1.10237,1.10202,1.10216,0,SELL
2019-11-08 21:00:00,1.10214,1.10227,1.10191,1.10192,0,SELL
2019-11-10 22:00:00,1.10246,1.10246,1.10196,1.10204,0,SELL
2019-11-10 23:00:00,1.10202,1.10229,1.10202,1.1022,0,SELL
2019-11-11 00:00:00,1.10218,1.10237,1.10164,1.1018,0,SELL
2019-11-11 01:00:00,1.10182,1.10216,1.10178,1.10183,0,SELL
2019-11-11 02:00:00,1.10181,1.10234,1.10172,1.10232,0,SELL
2019-11-11 03:00:00,1.10229,1.1024,1.10216,1.10228,0,SELL
2019-11-11 04:00:00,1.1023,1.10245,1.10217,1.10239,0,SELL
2019-11-11 05:00:00,1.10242,1.10254,1.10236,1.10254,0,SELL
2019-11-11 06:00:00,1.10254,1.10258,1.10217,1.10254,0,SELL
2019-11-11 07:00:00,1.10256,1.10298,1.10246,1.10298,0,SELL
2019-11-11 08:00:00,1.103,1.10305,1.1021,1.10291,0,SELL
2019-11-11 09:00:00,1.10289,1.10334,1.10257,1.10296,0,SELL
2019-11-11 10:00:00,1.10294,1.10356,1.10284,1.10338,0,SELL
2019-11-11 11:00:00,1.10335,1.10346,1.10257,1.10265,0,SELL
2019-11-11 12:00:00,1.10263,1.104,1.10258,1.10384,0,SELL
2019-11-11 13:00:00,1.10386,1.1043,1.10368,1.10385,0,SELL
2019-11-11 14:00:00,1.10382,1.10394,1.10319,1.10362,0,SELL
2019-11-11 15:00:00,1.10365,1.10365,1.1031,1.10348,0,SELL
2019-11-11 16:00:00,1.10346,1.10416,1.10336,1.1037,0,SELL
2019-11-11 17:00:00,1.10368,1.10388,1.1034,1.10388,0,SELL
2019-11-11 18:00:00,1.1039,1.10392,1.10366,1.1037,0,SELL
2019-11-11 19:00:00,1.10368,1.10394,1.10337,1.10337,0,SELL
2019-11-11 20:00:00,1.10339,1.10352,1.10324,1.10326,0,SELL
2019-11-11 21:00:00,1.10328,1.10339,1.10312,1.10332,0,SELL
2019-11-11 22:00:00,1.10332,1.10333,1.10318,1.1032,0,SELL
2019-11-11 23:00:00,1.10322,1.10354,1.10322,1.10348,0,SELL
2019-11-12 00:00:00,1.10346,1.10378,1.1033,1.10343,0,SELL
2019-11-12 01:00:00,1.10345,1.10352,1.10282,1.10283,0,SELL
2019-11-12 02:00:00,1.1028,1.103,1.10266,1.10286,0,SELL
2019-11-12 03:00:00,1.10282,1.10339,1.10278,1.1032,0,SELL
2019-11-12 04:00:00,1.10322,1.10348,1.10322,1.10342,0,SELL
2019-11-12 05:00:00,1.1034,1.1036,1.10326,1.1035,0,SELL
2019-11-12 06:00:00,1.1035,1.10386,1.10334,1.10339,0,SELL
2019-11-12 07:00:00,1.10342,1.10356,1.10272,1.10281,0,SELL
2019-11-12 08:00:00,1.10284,1.10296,1.1019,1.10244,0,SELL
2019-11-12 09:00:00,1.10242,1.10358,1.10239,1.10332,0,SELL
2019-11-12 10:00:00,1.10334,1.10366,1.10207,1.10236,0,SELL
2019-11-12 11:00:00,1.10238,1.10238,1.1013,1.10176,0,SELL
2019-11-12 12:00:00,1.10178,1.10204,1.10112,1.10198,0,SELL
2019-11-12 13:00:00,1.10196,1.10221,1.10127,1.10202,0,SELL
2019-11-12 14:00:00,1.10204,1.10228,1.1014,1.10145,0,SELL
2019-11-12 15:00:00,1.10148,1.10182,1.10026,1.10122,0,SELL
2019-11-12 16:00:00,1.1012,1.10192,1.10093,1.10164,0,SELL
2019-11-12 17:00:00,1.10166,1.10197,1.10063,1.10107,0,SELL
2019-11-12 18:00:00,1.10109,1.1015,1.10062,1.10066,0,SELL
2019-11-12 19:00:00,1.10064,1.10126,1.10052,1.10116,0,SELL
2019-11-12 20:00:00,1.10114,1.10118,1.10078,1.10107,0,SELL
2019-11-12 21:00:00,1.10105,1.10106,1.10072,1.1009,0,SELL
2019-11-12 22:00:00,1.10092,1.10138,1.10076,1.10116,0,SELL
2019-11-12 23:00:00,1.10114,1.10134,1.10112,1.1012,0,SELL
2019-11-13 00:00:00,1.10122,1.10131,1.10087,1.10092,0,SELL
2019-11-13 01:00:00,1.10096,1.10142,1.1009,1.10107,0,SELL
2019-11-13 02:00:00,1.10104,1.10156,1.10082,1.10154,0,SELL
2019-11-13 03:00:00,1.10152,1.10155,1.1012,1.10124,0,SELL
2019-11-13 04:00:00,1.10126,1.10149,1.10126,1.10148,0,SELL
2019-11-13 05:00:00,1.10145,1.10161,1.1013,1.10151,0,SELL
2019-11-13 06:00:00,1.10151,1.1017,1.10118,1.10135,0,SELL
2019-11-13 07:00:00,1.10133,1.10134,1.10068,1.10068,0,SELL
2019-11-13 08:00:00,1.10065,1.10093,1.09992,1.10091,0,SELL
2019-11-13 09:00:00,1.10088,1.10184,1.10086,1.10154,0,SELL
2019-11-13 10:00:00,1.10152,1.10204,1.10115,1.10131,0,SELL
2019-11-13 11:00:00,1.10128,1.10138,1.10067,1.10092,0,SELL
2019-11-13 12:00:00,1.1009,1.10116,1.1,1.10076,0,SELL
2019-11-13 13:00:00,1.10079,1.10097,1.10023,1.10076,0,SELL
2019-11-13 14:00:00,1.10073,1.10156,1.10012,1.10124,0,SELL
2019-11-13 15:00:00,1.10121,1.10156,1.1003,1.10104,0,SELL
2019-11-13 16:00:00,1.10102,1.10114,1.10001,1.10032,0,SELL
2019-11-13 17:00:00,1.10034,1.10036,1.09956,1.09991,0,SELL
2019-11-13 18:00:00,1.09988,1.10062,1.09984,1.10044,0,SELL
2019-11-13 19:00:00,1.10046,1.10093,1.1001,1.10018,0,SELL
2019-11-13 20:00:00,1.10016,1.10084,1.09999,1.10081,0,SELL
2019-11-13 21:00:00,1.10079,1.10084,1.10022,1.10068,0,SELL
2019-11-13 22:00:00,1.10054,1.1009,1.10054,1.1008,0,SELL
2019-11-13 23:00:00,1.10077,1.10098,1.10074,1.10098,0,SELL
2019-11-14 00:00:00,1.10096,1.1011,1.10056,1.10064,0,SELL
2019-11-14 01:00:00,1.10062,1.10094,1.10039,1.10044,0,SELL
2019-11-14 02:00:00,1.10042,1.10042,1.09998,1.10023,0,SELL
2019-11-14 03:00:00,1.10026,1.10058,1.10012,1.10036,0,SELL
2019-11-14 04:00:00,1.10034,1.10049,1.10004,1.10008,0,SELL
2019-11-14 05:00:00,1.10004,1.10004,1.09952,1.09985,0,SELL
2019-11-14 06:00:00,1.09985,1.09989,1.09941,1.09949,0,SELL
2019-11-14 07:00:00,1.09952,1.10109,1.09947,1.10106,0,SELL
2019-11-14 08:00:00,1.10108,1.10158,1.10072,1.10083,0,SELL
2019-11-14 09:00:00,1.10086,1.10091,1.09976,1.1001,0,SELL
2019-11-14 10:00:00,1.10013,1.10043,1.09964,1.09976,0,SELL
2019-11-14 11:00:00,1.09979,1.10002,1.09891,1.09906,0,SELL
2019-11-14 12:00:00,1.09904,1.0999,1.099,1.09962,0,SELL
2019-11-14 13:00:00,1.09965,1.09999,1.09936,1.09986,0,SELL
2019-11-14 14:00:00,1.09988,1.10054,1.09982,1.1001,0,SELL
2019-11-14 15:00:00,1.10013,1.1002,1.09928,1.10013,0,SELL
2019-11-14 16:00:00,1.10016,1.10183,1.1,1.10153,0,SELL
2019-11-14 17:00:00,1.10155,1.10206,1.10134,1.10177,0,SELL
2019-11-14 18:00:00,1.10175,1.10277,1.10156,1.10268,0,SELL
2019-11-14 19:00:00,1.10266,1.1027,1.10214,1.10216,1,BUY
2019-11-14 20:00:00,1.10214,1.1023,1.1018,1.10208,1,BUY
2019-11-14 21:00:00,1.10206,1.10212,1.10178,1.1021,1,BUY
2019-11-14 22:00:00,1.1021,1.10237,1.10206,1.1022,1,BUY
2019-11-14 23:00:00,1.10217,1.10228,1.10186,1.10198,1,BUY
2019-11-15 00:00:00,1.102,1.10257,1.10198,1.10252,1,BUY
2019-11-15 01:00:00,1.10254,1.1027,1.10231,1.1025,1,BUY
2019-11-15 02:00:00,1.10248,1.10298,1.10236,1.10296,1,BUY
2019-11-15 03:00:00,1.10294,1.10296,1.10249,1.10261,1,BUY
2019-11-15 04:00:00,1.10259,1.10265,1.10244,1.10263,1,BUY
2019-11-15 05:00:00,1.10261,1.10261,1.10217,1.10217,1,BUY
2019-11-15 06:00:00,1.10217,1.10241,1.10207,1.10226,1,BUY
2019-11-15 07:00:00,1.10228,1.1024,1.10161,1.10178,1,BUY
2019-11-15 08:00:00,1.10176,1.10254,1.10152,1.10228,1,BUY
2019-11-15 09:00:00,1.1023,1.10234,1.10147,1.10189,1,BUY
2019-11-15 10:00:00,1.10192,1.10292,1.10189,1.10266,1,BUY
2019-11-15 11:00:00,1.10263,1.10342,1.10258,1.1032,1,BUY
2019-11-15 12:00:00,1.10322,1.10356,1.10274,1.10339,1,BUY
2019-11-15 13:00:00,1.10342,1.10432,1.1032,1.10422,1,BUY
2019-11-15 14:00:00,1.10424,1.10484,1.10376,1.10475,1,BUY
2019-11-15 15:00:00,1.10472,1.10548,1.10466,1.10507,1,BUY
2019-11-15 16:00:00,1.10505,1.10534,1.10434,1.10458,1,BUY
2019-11-15 17:00:00,1.10455,1.10548,1.10442,1.10539,1,BUY
2019-11-15 18:00:00,1.10541,1.10569,1.10509,1.10553,1,BUY
2019-11-15 19:00:00,1.10555,1.10562,1.10526,1.10532,1,BUY
2019-11-15 20:00:00,1.10534,1.10551,1.10523,1.10548,1,BUY
2019-11-15 21:00:00,1.10546,1.10548,1.1051,1.10514,1,BUY
2019-11-17 22:00:00,1.10517,1.10532,1.10502,1.1052,1,BUY
2019-11-17 23:00:00,1.10518,1.10546,1.10514,1.10541,1,BUY
2019-11-18 00:00:00,1.10538,1.10568,1.10536,1.10556,1,BUY
2019-11-18 01:00:00,1.10558,1.10589,1.10557,1.10578,1,BUY
2019-11-18 02:00:00,1.1058,1.10625,1.1058,1.10616,1,BUY
2019-11-18 03:00:00,1.1062,1.10642,1.10598,1.1064,1,BUY
2019-11-18 04:00:00,1.10642,1.10646,1.10608,1.1061,1,BUY
2019-11-18 05:00:00,1.10612,1.10626,1.10596,1.10612,1,BUY
2019-11-18 06:00:00,1.10612,1.1064,1.10584,1.10617,1,BUY
2019-11-18 07:00:00,1.10614,1.10678,1.10564,1.10566,1,BUY
2019-11-18 08:00:00,1.10564,1.10661,1.10548,1.106,1,BUY
2019-11-18 09:00:00,1.10602,1.10677,1.10578,1.10619,1,BUY
2019-11-18 10:00:00,1.10616,1.10672,1.10572,1.1058,1,BUY
2019-11-18 11:00:00,1.10578,1.10648,1.10569,1.1061,1,BUY
2019-11-18 12:00:00,1.10612,1.10618,1.1057,1.10577,1,BUY
2019-11-18 13:00:00,1.1058,1.10638,1.10542,1.10566,1,BUY
2019-11-18 14:00:00,1.10563,1.10697,1.10556,1.10672,1,BUY
2019-11-18 15:00:00,1.10675,1.10818,1.10648,1.1081,1,BUY
2019-11-18 16:00:00,1.10807,1.109,1.1079,1.10792,1,BUY
2019-11-18 17:00:00,1.10794,1.10821,1.10782,1.10817,1,BUY
2019-11-18 18:00:00,1.10814,1.10832,1.10776,1.10792,1,BUY
2019-11-18 19:00:00,1.1079,1.10794,1.10742,1.10754,1,BUY
2019-11-18 20:00:00,1.10757,1.1077,1.10742,1.10748,1,BUY
2019-11-18 21:00:00,1.10746,1.10747,1.10714,1.10733,1,BUY
2019-11-18 22:00:00,1.10718,1.10734,1.10707,1.10719,1,BUY
2019-11-18 23:00:00,1.10716,1.10731,1.10716,1.10724,1,BUY
2019-11-19 00:00:00,1.10722,1.10741,1.10688,1.10688,1,BUY
2019-11-19 01:00:00,1.1069,1.10707,1.10627,1.10697,1,BUY
2019-11-19 02:00:00,1.107,1.10732,1.10692,1.10722,1,BUY
2019-11-19 03:00:00,1.1072,1.10752,1.10712,1.10744,1,BUY
2019-11-19 04:00:00,1.10747,1.10754,1.10742,1.10752,1,BUY
2019-11-19 05:00:00,1.1075,1.10786,1.10734,1.10754,1,BUY
2019-11-19 06:00:00,1.10754,1.10812,1.10752,1.10787,1,BUY
2019-11-19 07:00:00,1.1079,1.10816,1.1068,1.10683,1,BUY
2019-11-19 08:00:00,1.10681,1.10726,1.1066,1.10704,1,BUY
2019-11-19 09:00:00,1.10706,1.10706,1.10644,1.10686,1,BUY
2019-11-19 10:00:00,1.10683,1.10708,1.10656,1.10692,1,BUY
2019-11-19 11:00:00,1.10689,1.10776,1.10687,1.10776,1,BUY
2019-11-19 12:00:00,1.10774,1.10799,1.10734,1.10749,1,BUY
2019-11-19 13:00:00,1.10751,1.10815,1.1075,1.10776,1,BUY
2019-11-19 14:00:00,1.10774,1.1083,1.10722,1.10734,1,BUY
2019-11-19 15:00:00,1.10736,1.1084,1.10722,1.10806,1,BUY
2019-11-19 16:00:00,1.10809,1.10828,1.1074,1.1074,1,BUY
2019-11-19 17:00:00,1.10742,1.10824,1.10742,1.10804,1,BUY
2019-11-19 18:00:00,1.10806,1.1083,1.10781,1.1083,1,BUY
2019-11-19 19:00:00,1.10828,1.1083,1.10762,1.10786,1,BUY
2019-11-19 20:00:00,1.10784,1.10805,1.1076,1.10772,1,BUY
2019-11-19 21:00:00,1.10774,1.1079,1.10761,1.10783,1,BUY
2019-11-19 22:00:00,1.10776,1.10813,1.1077,1.10782,1,BUY
2019-11-19 23:00:00,1.1078,1.1079,1.1077,1.10779,1,BUY
2019-11-20 00:00:00,1.10782,1.10796,1.10768,1.10788,1,BUY
2019-11-20 01:00:00,1.10785,1.10796,1.10704,1.10724,1,BUY
2019-11-20 02:00:00,1.1072,1.10772,1.10702,1.10752,1,BUY
2019-11-20 03:00:00,1.1075,1.10752,1.1073,1.10742,1,BUY
2019-11-20 04:00:00,1.1074,1.10744,1.10729,1.10732,1,BUY
2019-11-20 05:00:00,1.1073,1.10753,1.1072,1.10742,1,BUY
2019-11-20 06:00:00,1.10742,1.10742,1.10702,1.10702,1,BUY
2019-11-20 07:00:00,1.10704,1.10726,1.10661,1.10688,1,BUY
2019-11-20 08:00:00,1.10686,1.10688,1.10559,1.106,0,SELL
2019-11-20 09:00:00,1.10598,1.10664,1.10572,1.10638,0,SELL
2019-11-20 10:00:00,1.10636,1.10688,1.10627,1.10662,0,SELL
2019-11-20 11:00:00,1.1066,1.1066,1.10566,1.10568,0,SELL
2019-11-20 12:00:00,1.10565,1.10614,1.10553,1.10566,0,SELL
2019-11-20 13:00:00,1.10568,1.1064,1.10532,1.1064,0,SELL
2019-11-20 14:00:00,1.10637,1.10797,1.10582,1.10785,0,SELL
2019-11-20 15:00:00,1.10787,1.10813,1.10652,1.10657,0,SELL
2019-11-20 16:00:00,1.10659,1.10694,1.1061,1.10634,0,SELL
2019-11-20 17:00:00,1.10632,1.10694,1.1061,1.10668,0,SELL
2019-11-20 18:00:00,1.10666,1.1073,1.10631,1.1069,0,SELL
2019-11-20 19:00:00,1.10687,1.10726,1.10664,1.10701,0,SELL
2019-11-20 20:00:00,1.10698,1.10742,1.10696,1.10734,1,BUY
2019-11-20 21:00:00,1.10732,1.1075,1.10714,1.10724,1,BUY
2019-11-20 22:00:00,1.10731,1.10781,1.10729,1.10759,1,BUY
2019-11-20 23:00:00,1.10757,1.10793,1.10757,1.1078,1,BUY
2019-11-21 00:00:00,1.10782,1.10794,1.10757,1.10757,1,BUY
2019-11-21 01:00:00,1.1076,1.1078,1.10757,1.10772,1,BUY
2019-11-21 02:00:00,1.10775,1.10788,1.1075,1.10784,1,BUY
2019-11-21 03:00:00,1.10782,1.10784,1.10748,1.10754,1,BUY
2019-11-21 04:00:00,1.1075,1.10758,1.10742,1.1075,1,BUY
2019-11-21 05:00:00,1.10752,1.10778,1.10749,1.1076,1,BUY
2019-11-21 06:00:00,1.10758,1.10775,1.1073,1.10746,1,BUY
2019-11-21 07:00:00,1.10748,1.10752,1.10708,1.10728,1,BUY
2019-11-21 08:00:00,1.10732,1.10865,1.10732,1.10862,1,BUY
2019-11-21 09:00:00,1.10864,1.1089,1.10818,1.10864,1,BUY
2019-11-21 10:00:00,1.10861,1.10873,1.10801,1.10816,1,BUY
2019-11-21 11:00:00,1.10814,1.10884,1.10803,1.10854,1,BUY
2019-11-21 12:00:00,1.10851,1.10927,1.10828,1.10908,1,BUY
2019-11-21 13:00:00,1.10911,1.1097,1.10756,1.10761,1,BUY
2019-11-21 14:00:00,1.10758,1.10812,1.10718,1.10808,1,BUY
2019-11-21 15:00:00,1.1081,1.10823,1.10632,1.10758,1,BUY
2019-11-21 16:00:00,1.10761,1.10777,1.10644,1.10668,1,BUY
2019-11-21 17:00:00,1.10666,1.10672,1.10606,1.10626,0,SELL
2019-11-21 18:00:00,1.10624,1.10627,1.10571,1.10586,0,SELL
2019-11-21 19:00:00,1.10583,1.10607,1.10522,1.10588,0,SELL
2019-11-21 20:00:00,1.10586,1.1059,1.1055,1.1057,0,SELL
2019-11-21 21:00:00,1.10573,1.10616,1.10572,1.10582,0,SELL
2019-11-21 22:00:00,1.10587,1.1063,1.10568,1.1062,0,SELL
2019-11-21 23:00:00,1.10618,1.10658,1.10606,1.10657,0,SELL
2019-11-22 00:00:00,1.10654,1.10659,1.10626,1.10628,0,SELL
2019-11-22 01:00:00,1.10625,1.10649,1.10616,1.10643,0,SELL
2019-11-22 02:00:00,1.10641,1.1065,1.10618,1.10634,0,SELL
2019-11-22 03:00:00,1.10636,1.10639,1.10619,1.10636,0,SELL
2019-11-22 04:00:00,1.10634,1.10637,1.1063,1.10636,0,SELL
2019-11-22 05:00:00,1.10639,1.10671,1.10636,1.10662,0,SELL
2019-11-22 06:00:00,1.10662,1.10722,1.10661,1.10705,0,SELL
2019-11-22 07:00:00,1.10703,1.10725,1.10626,1.1065,0,SELL
2019-11-22 08:00:00,1.10648,1.10876,1.10588,1.10706,0,SELL
2019-11-22 09:00:00,1.10704,1.10705,1.10472,1.10608,0,SELL
2019-11-22 10:00:00,1.1061,1.10632,1.10566,1.10566,0,SELL
2019-11-22 11:00:00,1.10564,1.1065,1.10514,1.10648,0,SELL
2019-11-22 12:00:00,1.10646,1.10674,1.10542,1.10557,0,SELL
2019-11-22 13:00:00,1.1056,1.10614,1.10513,1.1058,0,SELL
2019-11-22 14:00:00,1.10584,1.10598,1.10431,1.10466,0,SELL
2019-11-22 15:00:00,1.10464,1.10464,1.1031,1.10342,0,SELL
2019-11-22 16:00:00,1.10344,1.10352,1.10274,1.10281,0,SELL
2019-11-22 17:00:00,1.10283,1.1031,1.10222,1.10238,0,SELL
2019-11-22 18:00:00,1.10236,1.1027,1.10234,1.1027,0,SELL
2019-11-22 19:00:00,1.10267,1.10292,1.10146,1.10202,0,SELL
2019-11-22 20:00:00,1.102,1.10229,1.10187,1.10227,0,SELL
2019-11-22 21:00:00,1.10229,1.10231,1.10184,1.10198,0,SELL
2019-11-24 22:00:00,1.10176,1.10224,1.10169,1.10222,0,SELL
2019-11-24 23:00:00,1.1022,1.10227,1.10204,1.10227,0,SELL
2019-11-25 00:00:00,1.10224,1.10238,1.10201,1.1023,0,SELL
2019-11-25 01:00:00,1.10233,1.10248,1.10216,1.10234,0,SELL
2019-11-25 02:00:00,1.10236,1.1026,1.10224,1.10239,0,SELL
2019-11-25 03:00:00,1.10236,1.10236,1.10186,1.10197,0,SELL
2019-11-25 04:00:00,1.102,1.10223,1.10196,1.10223,0,SELL
2019-11-25 05:00:00,1.10221,1.10302,1.10208,1.10294,0,SELL
2019-11-25 06:00:00,1.10294,1.10294,1.10242,1.10262,0,SELL
2019-11-25 07:00:00,1.10259,1.10316,1.10229,1.10298,0,SELL
2019-11-25 08:00:00,1.10301,1.10322,1.10231,1.1024,0,SELL
2019-11-25 09:00:00,1.10238,1.10279,1.10103,1.10134,0,SELL
2019-11-25 10:00:00,1.10132,1.10156,1.10118,1.10132,0,SELL
2019-11-25 11:00:00,1.1013,1.1016,1.10107,1.10153,0,SELL
2019-11-25 12:00:00,1.10155,1.10162,1.10107,1.10127,0,SELL
2019-11-25 13:00:00,1.10129,1.10186,1.10056,1.10167,0,SELL
2019-11-25 14:00:00,1.10164,1.10211,1.10036,1.10209,0,SELL
2019-11-25 15:00:00,1.10211,1.1025,1.10106,1.10116,0,SELL
2019-11-25 16:00:00,1.10114,1.10142,1.10058,1.10085,0,SELL
2019-11-25 17:00:00,1.10088,1.10129,1.10056,1.10056,0,SELL
2019-11-25 18:00:00,1.10054,1.10098,1.10046,1.1008,0,SELL
2019-11-25 19:00:00,1.10078,1.10104,1.10066,1.10091,0,SELL
2019-11-25 20:00:00,1.10088,1.10136,1.10086,1.10106,0,SELL
2019-11-25 21:00:00,1.10108,1.10134,1.10087,1.10115,0,SELL
2019-11-25 22:00:00,1.10137,1.1016,1.10107,1.10138,0,SELL
2019-11-25 23:00:00,1.1014,1.10142,1.10099,1.10104,0,SELL
2019-11-26 00:00:00,1.10107,1.10121,1.10084,1.10091,0,SELL
2019-11-26 01:00:00,1.10094,1.10124,1.10074,1.10121,0,SELL
2019-11-26 02:00:00,1.10123,1.10123,1.1009,1.10096,0,SELL
2019-11-26 03:00:00,1.10098,1.10166,1.10098,1.1014,0,SELL
2019-11-26 04:00:00,1.10142,1.10152,1.10132,1.10144,0,SELL
2019-11-26 05:00:00,1.1014,1.1015,1.10119,1.10148,0,SELL
2019-11-26 06:00:00,1.10148,1.10168,1.10134,1.1014,0,SELL
2019-11-26 07:00:00,1.10142,1.10167,1.10117,1.10157,0,SELL
2019-11-26 08:00:00,1.10154,1.10182,1.10124,1.1018,0,SELL
2019-11-26 09:00:00,1.10177,1.102,1.10114,1.10144,0,SELL
2019-11-26 10:00:00,1.10142,1.1021,1.10136,1.10172,0,SELL
2019-11-26 11:00:00,1.1017,1.10182,1.10136,1.10172,0,SELL
2019-11-26 12:00:00,1.10169,1.10216,1.10152,1.10193,0,SELL
2019-11-26 13:00:00,1.10195,1.10248,1.10162,1.10174,0,SELL
2019-11-26 14:00:00,1.10176,1.10202,1.10084,1.10116,0,SELL
2019-11-26 15:00:00,1.10114,1.10188,1.10072,1.1012,0,SELL
2019-11-26 16:00:00,1.10123,1.10186,1.10113,1.10118,0,SELL
2019-11-26 17:00:00,1.1012,1.1022,1.10114,1.10201,0,SELL
2019-11-26 18:00:00,1.10203,1.10228,1.10175,1.10226,0,SELL
2019-11-26 19:00:00,1.10228,1.10228,1.10194,1.10224,0,SELL
2019-11-26 20:00:00,1.10221,1.10242,1.1021,1.10242,0,SELL
2019-11-26 21:00:00,1.1024,1.10256,1.10216,1.10216,0,SELL
2019-11-26 22:00:00,1.10214,1.10246,1.10212,1.10238,0,SELL
2019-11-26 23:00:00,1.10235,1.10235,1.10211,1.10222,0,SELL
2019-11-27 00:00:00,1.1022,1.1022,1.10164,1.1018,0,SELL
2019-11-27 01:00:00,1.10178,1.10192,1.10154,1.10162,0,SELL
2019-11-27 02:00:00,1.10158,1.10166,1.10136,1.10166,0,SELL
2019-11-27 03:00:00,1.10164,1.1018,1.10142,1.10145,0,SELL
2019-11-27 04:00:00,1.10142,1.10144,1.10108,1.10124,0,SELL
2019-11-27 05:00:00,1.10122,1.10122,1.10082,1.10096,0,SELL
2019-11-27 06:00:00,1.10096,1.10118,1.10081,1.10118,0,SELL
2019-11-27 07:00:00,1.10121,1.10142,1.10076,1.10079,0,SELL
2019-11-27 08:00:00,1.10076,1.10114,1.10029,1.10082,0,SELL
2019-11-27 09:00:00,1.10084,1.10108,1.10036,1.10094,0,SELL
2019-11-27 10:00:00,1.10092,1.10101,1.10032,1.10048,0,SELL
2019-11-27 11:00:00,1.1005,1.10112,1.10048,1.10086,0,SELL
2019-11-27 12:00:00,1.10084,1.10111,1.10042,1.10096,0,SELL
2019-11-27 13:00:00,1.10098,1.10136,1.09988,1.10021,0,SELL
2019-11-27 14:00:00,1.10019,1.10019,1.09924,1.09956,0,SELL
2019-11-27 15:00:00,1.09958,1.10059,1.09958,1.09988,0,SELL
2019-11-27 16:00:00,1.09986,1.10026,1.09932,1.10014,0,SELL
2019-11-27 17:00:00,1.10012,1.10034,1.09998,1.10003,0,SELL
2019-11-27 18:00:00,1.1,1.10048,1.09972,1.1001,0,SELL
2019-11-27 19:00:00,1.10012,1.10074,1.10008,1.10046,0,SELL
2019-11-27 20:00:00,1.10044,1.10048,1.09985,1.10012,0,SELL
2019-11-27 21:00:00,1.10009,1.1002,1.0998,1.09988,0,SELL
2019-11-27 22:00:00,1.10044,1.10109,1.10001,1.10058,0,SELL
2019-11-27 23:00:00,1.10056,1.10062,1.10038,1.10049,0,SELL
2019-11-28 00:00:00,1.10052,1.1007,1.10036,1.10068,0,SELL
2019-11-28 01:00:00,1.1007,1.10082,1.10038,1.10072,0,SELL
2019-11-28 02:00:00,1.10076,1.10078,1.10059,1.10072,0,SELL
2019-11-28 03:00:00,1.1007,1.10072,1.10046,1.10052,0,SELL
2019-11-28 04:00:00,1.1005,1.10067,1.10042,1.10064,0,SELL
2019-11-28 05:00:00,1.10062,1.10081,1.10062,1.10068,0,SELL
2019-11-28 06:00:00,1.10068,1.10096,1.10056,1.10078,0,SELL
2019-11-28 07:00:00,1.10075,1.10126,1.10056,1.10118,0,SELL
2019-11-28 08:00:00,1.10116,1.10172,1.10084,1.10159,0,SELL
2019-11-28 09:00:00,1.10161,1.10178,1.10127,1.10139,0,SELL
2019-11-28 10:00:00,1.10136,1.10155,1.10102,1.10112,0,SELL
2019-11-28 11:00:00,1.1011,1.10124,1.10018,1.10023,0,SELL
2019-11-28 12:00:00,1.10025,1.10053,1.10005,1.10036,0,SELL
2019-11-28 13:00:00,1.10034,1.10092,1.10024,1.10082,0,SELL
2019-11-28 14:00:00,1.1008,1.10087,1.10041,1.10055,0,SELL
2019-11-28 15:00:00,1.10058,1.10064,1.10022,1.10064,0,SELL
2019-11-28 16:00:00,1.10062,1.10089,1.10046,1.10061,0,SELL
2019-11-28 17:00:00,1.10064,1.101,1.10062,1.1008,0,SELL
2019-11-28 18:00:00,1.10078,1.10088,1.10062,1.10087,0,SELL
2019-11-28 19:00:00,1.10089,1.10091,1.10068,1.10088,0,SELL
2019-11-28 20:00:00,1.10091,1.1011,1.10079,1.10087,0,SELL
2019-11-28 21:00:00,1.10085,1.10108,1.10082,1.10091,0,SELL
2019-11-28 22:00:00,1.10101,1.10124,1.10094,1.10107,0,SELL
2019-11-28 23:00:00,1.10105,1.10124,1.10094,1.10112,0,SELL
2019-11-29 00:00:00,1.10114,1.1012,1.10084,1.10104,0,SELL
2019-11-29 01:00:00,1.10102,1.10124,1.101,1.10116,0,SELL
2019-11-29 02:00:00,1.10118,1.10128,1.10102,1.10102,0,SELL
2019-11-29 03:00:00,1.101,1.10116,1.10091,1.10107,0,SELL
2019-11-29 04:00:00,1.1011,1.1012,1.10098,1.10104,0,SELL
2019-11-29 05:00:00,1.10107,1.10126,1.101,1.10104,0,SELL
2019-11-29 06:00:00,1.10106,1.10116,1.10092,1.10094,0,SELL
2019-11-29 07:00:00,1.10092,1.10134,1.10068,1.10112,0,SELL
2019-11-29 08:00:00,1.10116,1.10122,1.10051,1.10053,0,SELL
2019-11-29 09:00:00,1.10056,1.1011,1.10021,1.10048,0,SELL
2019-11-29 10:00:00,1.1005,1.10072,1.10012,1.10048,0,SELL
2019-11-29 11:00:00,1.1005,1.1005,1.09934,1.09963,0,SELL
2019-11-29 12:00:00,1.09965,1.10002,1.09946,1.09966,0,SELL
2019-11-29 13:00:00,1.09964,1.09964,1.09812,1.09926,0,SELL
2019-11-29 14:00:00,1.09924,1.10028,1.099,1.10001,0,SELL
2019-11-29 15:00:00,1.10004,1.10284,1.09989,1.10274,0,SELL
2019-11-29 16:00:00,1.10278,1.1028,1.10146,1.10192,0,SELL
2019-11-29 17:00:00,1.10189,1.1023,1.10161,1.10161,0,SELL
2019-11-29 18:00:00,1.10163,1.10234,1.10163,1.10172,1,BUY
2019-11-29 19:00:00,1.10174,1.10177,1.10164,1.10173,1,BUY
2019-11-29 20:00:00,1.1017,1.10182,1.10164,1.10166,1,BUY
2019-11-29 21:00:00,1.10169,1.1022,1.10157,1.10191,1,BUY
2019-12-01 22:00:00,1.10242,1.10268,1.1021,1.10212,1,BUY
2019-12-01 23:00:00,1.10214,1.10214,1.10172,1.10184,1,BUY
2019-12-02 00:00:00,1.10182,1.10196,1.10154,1.10196,1,BUY
2019-12-02 01:00:00,1.10194,1.10208,1.10178,1.10182,1,BUY
2019-12-02 02:00:00,1.10185,1.10211,1.10168,1.10168,1,BUY
2019-12-02 03:00:00,1.1017,1.10188,1.10168,1.10181,1,BUY
2019-12-02 04:00:00,1.10184,1.10207,1.10181,1.10188,1,BUY
2019-12-02 05:00:00,1.10186,1.10204,1.10184,1.10192,1,BUY
2019-12-02 06:00:00,1.10192,1.10192,1.10162,1.10168,1,BUY
2019-12-02 07:00:00,1.10166,1.10226,1.10161,1.10173,1,BUY
2019-12-02 08:00:00,1.1017,1.10212,1.1013,1.1013,1,BUY
2019-12-02 09:00:00,1.10133,1.1017,1.10113,1.10144,0,SELL
2019-12-02 10:00:00,1.10146,1.10169,1.10117,1.10117,0,SELL
2019-12-02 11:00:00,1.10115,1.10156,1.10076,1.10084,0,SELL
2019-12-02 12:00:00,1.10086,1.10192,1.10031,1.1019,0,SELL
2019-12-02 13:00:00,1.10192,1.10367,1.10192,1.10328,0,SELL
2019-12-02 14:00:00,1.1033,1.10464,1.1033,1.10444,1,BUY
2019-12-02 15:00:00,1.10448,1.10767,1.10448,1.10708,1,BUY
2019-12-02 16:00:00,1.1071,1.10898,1.1071,1.10758,1,BUY
2019-12-02 17:00:00,1.10756,1.10782,1.10703,1.10751,1,BUY
2019-12-02 18:00:00,1.10749,1.1079,1.10704,1.10788,1,BUY
2019-12-02 19:00:00,1.10785,1.10824,1.10728,1.10784,1,BUY
2019-12-02 20:00:00,1.10782,1.1085,1.1078,1.1085,1,BUY
2019-12-02 21:00:00,1.10848,1.10848,1.10774,1.10792,1,BUY
2019-12-02 22:00:00,1.10792,1.10834,1.10764,1.1077,1,BUY
2019-12-02 23:00:00,1.10768,1.1078,1.10751,1.10762,1,BUY
2019-12-03 00:00:00,1.1076,1.10782,1.10727,1.10735,1,BUY
2019-12-03 01:00:00,1.10738,1.10743,1.10715,1.10724,1,BUY
2019-12-03 02:00:00,1.10722,1.10732,1.10714,1.10728,1,BUY
2019-12-03 03:00:00,1.10726,1.10767,1.10718,1.10762,1,BUY
2019-12-03 04:00:00,1.1076,1.10782,1.10742,1.10742,1,BUY
2019-12-03 05:00:00,1.10739,1.10753,1.10718,1.10734,1,BUY
2019-12-03 06:00:00,1.10734,1.10788,1.10722,1.10788,1,BUY
2019-12-03 07:00:00,1.10786,1.10824,1.10748,1.10768,1,BUY
2019-12-03 08:00:00,1.10766,1.10854,1.1076,1.10844,1,BUY
2019-12-03 09:00:00,1.10842,1.1087,1.10764,1.10838,1,BUY
2019-12-03 10:00:00,1.1084,1.1086,1.1066,1.10729,1,BUY
2019-12-03 11:00:00,1.10732,1.10781,1.1072,1.1075,1,BUY
2019-12-03 12:00:00,1.10753,1.1078,1.10716,1.10736,1,BUY
2019-12-03 13:00:00,1.10734,1.10746,1.10692,1.10724,1,BUY
2019-12-03 14:00:00,1.10722,1.1088,1.107,1.10822,1,BUY
2019-12-03 15:00:00,1.10824,1.10874,1.10758,1.10822,1,BUY
2019-12-03 16:00:00,1.10824,1.10928,1.10782,1.10891,1,BUY
2019-12-03 17:00:00,1.10888,1.10936,1.10848,1.10884,1,BUY
2019-12-03 18:00:00,1.10882,1.10907,1.10824,1.10827,1,BUY
2019-12-03 19:00:00,1.1083,1.10842,1.10803,1.10812,1,BUY
2019-12-03 20:00:00,1.10814,1.10834,1.10806,1.10808,1,BUY
2019-12-03 21:00:00,1.1081,1.10822,1.10794,1.10822,1,BUY
2019-12-03 22:00:00,1.10822,1.10825,1.10814,1.1082,1,BUY
2019-12-03 23:00:00,1.10818,1.1083,1.10814,1.1082,1,BUY
2019-12-04 00:00:00,1.10818,1.10844,1.10812,1.10816,1,BUY
2019-12-04 01:00:00,1.10818,1.10824,1.10768,1.10794,1,BUY
2019-12-04 02:00:00,1.10792,1.1081,1.10782,1.10798,1,BUY
2019-12-04 03:00:00,1.10802,1.10812,1.10785,1.10792,1,BUY
2019-12-04 04:00:00,1.1079,1.1079,1.10739,1.10751,1,BUY
2019-12-04 05:00:00,1.10753,1.10756,1.10738,1.10754,1,BUY
2019-12-04 06:00:00,1.10754,1.10774,1.10744,1.10753,1,BUY
2019-12-04 07:00:00,1.10756,1.1079,1.10732,1.10778,1,BUY
2019-12-04 08:00:00,1.10776,1.10878,1.1075,1.10838,1,BUY
2019-12-04 09:00:00,1.1084,1.10879,1.10668,1.10724,1,BUY
2019-12-04 10:00:00,1.10726,1.10774,1.10714,1.10742,1,BUY
2019-12-04 11:00:00,1.1074,1.10762,1.10675,1.10688,1,BUY
2019-12-04 12:00:00,1.10692,1.10812,1.10692,1.10782,1,BUY
2019-12-04 13:00:00,1.10784,1.11077,1.10764,1.11072,1,BUY
2019-12-04 14:00:00,1.11075,1.11092,1.10996,1.11001,1,BUY
2019-12-04 15:00:00,1.10998,1.11163,1.10813,1.10881,1,BUY
2019-12-04 16:00:00,1.10884,1.10912,1.10684,1.10756,1,BUY
2019-12-04 17:00:00,1.10758,1.10804,1.10739,1.10779,1,BUY
2019-12-04 18:00:00,1.10776,1.10778,1.10717,1.10729,1,BUY
2019-12-04 19:00:00,1.10726,1.10748,1.10674,1.10745,1,BUY
2019-12-04 20:00:00,1.10748,1.108,1.1073,1.10795,1,BUY
2019-12-04 21:00:00,1.10792,1.10804,1.10754,1.10775,1,BUY
2019-12-04 22:00:00,1.1078,1.10807,1.1078,1.10783,1,BUY
2019-12-04 23:00:00,1.10785,1.10832,1.10785,1.10828,1,BUY
2019-12-05 00:00:00,1.10825,1.10854,1.108,1.10824,1,BUY
2019-12-05 01:00:00,1.10826,1.10848,1.10806,1.10842,1,BUY
2019-12-05 02:00:00,1.1084,1.10841,1.10813,1.10827,1,BUY
2019-12-05 03:00:00,1.1083,1.10868,1.1083,1.10852,1,BUY
2019-12-05 04:00:00,1.10849,1.10849,1.10829,1.10832,1,BUY
2019-12-05 05:00:00,1.10828,1.10854,1.10818,1.10832,1,BUY
2019-12-05 06:00:00,1.10832,1.10838,1.10806,1.10824,1,BUY
2019-12-05 07:00:00,1.10826,1.10854,1.10798,1.10798,1,BUY
2019-12-05 08:00:00,1.108,1.10914,1.10794,1.10892,1,BUY
2019-12-05 09:00:00,1.10895,1.1093,1.10892,1.10924,1,BUY
2019-12-05 10:00:00,1.1092,1.10923,1.1085,1.10887,1,BUY
2019-12-05 11:00:00,1.10885,1.1097,1.10846,1.10906,1,BUY
2019-12-05 12:00:00,1.10908,1.11009,1.10904,1.10966,1,BUY
2019-12-05 13:00:00,1.10964,1.10978,1.10888,1.10929,1,BUY
2019-12-05 14:00:00,1.10932,1.11044,1.10916,1.11,1,BUY
2019-12-05 15:00:00,1.11002,1.11037,1.10905,1.10928,1,BUY
2019-12-05 16:00:00,1.10926,1.11048,1.10914,1.11034,1,BUY
2019-12-05 17:00:00,1.11036,1.11078,1.1101,1.11048,1,BUY
2019-12-05 18:00:00,1.11046,1.11049,1.10993,1.11009,1,BUY
2019-12-05 19:00:00,1.11011,1.11012,1.10962,1.11004,1,BUY
2019-12-05 20:00:00,1.11002,1.11047,1.10962,1.1103,1,BUY
2019-12-05 21:00:00,1.11027,1.1108,1.1102,1.1104,1,BUY
2019-12-05 22:00:00,1.1104,1.11058,1.11038,1.11041,1,BUY
2019-12-05 23:00:00,1.11043,1.11058,1.1104,1.1104,1,BUY
2019-12-06 00:00:00,1.11042,1.11055,1.1103,1.1103,1,BUY
2019-12-06 01:00:00,1.11033,1.1107,1.11033,1.11065,1,BUY
2019-12-06 02:00:00,1.11068,1.11086,1.11066,1.11076,1,BUY
2019-12-06 03:00:00,1.11074,1.1109,1.1107,1.11077,1,BUY
2019-12-06 04:00:00,1.11074,1.1108,1.11062,1.11074,1,BUY
2019-12-06 05:00:00,1.11076,1.11076,1.11062,1.11064,1,BUY
2019-12-06 06:00:00,1.11064,1.11064,1.11032,1.11042,1,BUY
2019-12-06 07:00:00,1.11045,1.11074,1.11014,1.11072,1,BUY
2019-12-06 08:00:00,1.11069,1.11096,1.11055,1.11075,1,BUY
2019-12-06 09:00:00,1.11077,1.11088,1.10954,1.10968,1,BUY
2019-12-06 10:00:00,1.10966,1.11014,1.10926,1.10936,1,BUY
2019-12-06 11:00:00,1.10938,1.10975,1.10909,1.10935,1,BUY
2019-12-06 12:00:00,1.10932,1.10969,1.10883,1.10898,1,BUY
2019-12-06 13:00:00,1.109,1.10988,1.10692,1.10782,0,SELL
2019-12-06 14:00:00,1.10784,1.1079,1.1057,1.1057,0,SELL
2019-12-06 15:00:00,1.10567,1.10656,1.104,1.10504,0,SELL
2019-12-06 16:00:00,1.10502,1.10534,1.10462,1.10516,0,SELL
2019-12-06 17:00:00,1.10514,1.10558,1.10498,1.10548,0,SELL
2019-12-06 18:00:00,1.10546,1.10566,1.10505,1.10524,0,SELL
2019-12-06 19:00:00,1.10522,1.10572,1.10522,1.1056,0,SELL
2019-12-06 20:00:00,1.10562,1.10604,1.10539,1.106,0,SELL
2019-12-06 21:00:00,1.10602,1.1062,1.1057,1.10599,0,SELL
2019-12-08 23:00:00,1.10599,1.10599,1.10582,1.10584,0,SELL
2019-12-09 00:00:00,1.10581,1.10596,1.10544,1.10565,0,SELL
2019-12-09 01:00:00,1.10568,1.10588,1.10551,1.10572,0,SELL
2019-12-09 02:00:00,1.1057,1.10572,1.1054,1.10542,0,SELL
2019-12-09 03:00:00,1.1054,1.1055,1.10534,1.10546,0,SELL
2019-12-09 04:00:00,1.10548,1.10572,1.10546,1.10567,0,SELL
2019-12-09 05:00:00,1.10569,1.10598,1.10561,1.10588,0,SELL
2019-12-09 06:00:00,1.10588,1.10638,1.10586,1.10616,0,SELL
2019-12-09 07:00:00,1.10618,1.10658,1.10611,1.10655,0,SELL
2019-12-09 08:00:00,1.10658,1.10692,1.10614,1.10638,0,SELL
2019-12-09 09:00:00,1.1064,1.10692,1.10636,1.10654,0,SELL
2019-12-09 10:00:00,1.10652,1.10738,1.10612,1.10706,0,SELL
2019-12-09 11:00:00,1.10708,1.10746,1.10686,1.10731,0,SELL
2019-12-09 12:00:00,1.10733,1.1078,1.10714,1.10778,0,SELL
2019-12-09 13:00:00,1.10775,1.10778,1.10704,1.10754,0,SELL
2019-12-09 14:00:00,1.10756,1.1077,1.10683,1.10724,0,SELL
2019-12-09 15:00:00,1.10722,1.10756,1.10657,1.1069,0,SELL
2019-12-09 16:00:00,1.10692,1.10746,1.10664,1.10667,0,SELL
2019-12-09 17:00:00,1.1067,1.10675,1.10552,1.10568,0,SELL
2019-12-09 18:00:00,1.10566,1.10616,1.10556,1.10614,0,SELL
2019-12-09 19:00:00,1.10611,1.1065,1.10607,1.10641,0,SELL
2019-12-09 20:00:00,1.10638,1.10652,1.1062,1.10649,0,SELL
2019-12-09 21:00:00,1.10646,1.10658,1.1063,1.10638,0,SELL
2019-12-09 22:00:00,1.10642,1.10668,1.10635,1.10652,0,SELL
2019-12-09 23:00:00,1.1065,1.10652,1.10629,1.10645,0,SELL
2019-12-10 00:00:00,1.10643,1.10654,1.1063,1.10644,0,SELL
2019-12-10 01:00:00,1.10642,1.10684,1.10632,1.10678,0,SELL
2019-12-10 02:00:00,1.1068,1.10709,1.10672,1.10698,0,SELL
2019-12-10 03:00:00,1.107,1.10702,1.10672,1.10678,0,SELL
2019-12-10 04:00:00,1.10675,1.10692,1.10666,1.10666,0,SELL
2019-12-10 05:00:00,1.10664,1.10686,1.10657,1.1067,0,SELL
2019-12-10 06:00:00,1.1067,1.10674,1.10651,1.10652,0,SELL
2019-12-10 07:00:00,1.10654,1.10722,1.10654,1.10702,0,SELL
2019-12-10 08:00:00,1.10704,1.10758,1.10696,1.10736,0,SELL
2019-12-10 09:00:00,1.10738,1.10782,1.10726,1.10772,0,SELL
2019-12-10 10:00:00,1.10768,1.10799,1.107,1.10767,0,SELL
2019-12-10 11:00:00,1.10764,1.10844,1.10756,1.1084,1,BUY
2019-12-10 12:00:00,1.10838,1.10846,1.1074,1.10756,1,BUY
2019-12-10 13:00:00,1.10758,1.10812,1.10743,1.10787,1,BUY
2019-12-10 14:00:00,1.10785,1.10844,1.10745,1.10804,1,BUY
2019-12-10 15:00:00,1.10802,1.1091,1.10741,1.109,1,BUY
2019-12-10 16:00:00,1.10902,1.10967,1.10884,1.10895,1,BUY
2019-12-10 17:00:00,1.10898,1.10909,1.10846,1.10866,1,BUY
2019-12-10 18:00:00,1.10868,1.10944,1.10846,1.109,1,BUY
2019-12-10 19:00:00,1.10902,1.10977,1.10898,1.10958,1,BUY
2019-12-10 20:00:00,1.1096,1.10968,1.10918,1.10956,1,BUY
2019-12-10 21:00:00,1.10958,1.10968,1.1093,1.10932,1,BUY
2019-12-10 22:00:00,1.10926,1.10938,1.10891,1.10934,1,BUY
2019-12-10 23:00:00,1.10932,1.10954,1.10918,1.10926,1,BUY
2019-12-11 00:00:00,1.10923,1.10935,1.10903,1.10918,1,BUY
2019-12-11 01:00:00,1.1092,1.1096,1.1091,1.10954,1,BUY
2019-12-11 02:00:00,1.10952,1.10954,1.10916,1.10928,1,BUY
2019-12-11 03:00:00,1.10926,1.10942,1.10918,1.10924,1,BUY
2019-12-11 04:00:00,1.10922,1.10925,1.10894,1.10897,1,BUY
2019-12-11 05:00:00,1.10894,1.10908,1.10884,1.10895,1,BUY
2019-12-11 06:00:00,1.10895,1.109,1.10857,1.10862,1,BUY
2019-12-11 07:00:00,1.10864,1.10874,1.10828,1.10842,1,BUY
2019-12-11 08:00:00,1.10839,1.10856,1.10794,1.10843,1,BUY
2019-12-11 09:00:00,1.10846,1.10872,1.1082,1.10836,1,BUY
2019-12-11 10:00:00,1.10834,1.10871,1.10788,1.10822,0,SELL
2019-12-11 11:00:00,1.1082,1.10853,1.10798,1.1082,0,SELL
2019-12-11 12:00:00,1.10817,1.10817,1.10704,1.10724,0,SELL
2019-12-11 13:00:00,1.10727,1.10905,1.10727,1.10855,0,SELL
2019-12-11 14:00:00,1.10858,1.10976,1.10856,1.10909,0,SELL
2019-12-11 15:00:00,1.10906,1.10946,1.10833,1.10844,0,SELL
2019-12-11 16:00:00,1.10846,1.10958,1.10846,1.10912,1,BUY
2019-12-11 17:00:00,1.10914,1.1096,1.10899,1.10924,1,BUY
2019-12-11 18:00:00,1.10926,1.11023,1.10906,1.10986,1,BUY
2019-12-11 19:00:00,1.10984,1.11414,1.1088,1.11393,1,BUY
2019-12-11 20:00:00,1.11395,1.11448,1.11338,1.11389,1,BUY
2019-12-11 21:00:00,1.11387,1.11394,1.11284,1.11299,1,BUY
2019-12-11 22:00:00,1.11302,1.11348,1.11302,1.11332,1,BUY
2019-12-11 23:00:00,1.11329,1.11342,1.1132,1.11326,1,BUY
2019-12-12 00:00:00,1.11328,1.1138,1.11316,1.1138,1,BUY
2019-12-12 01:00:00,1.11378,1.11402,1.11356,1.114,1,BUY
2019-12-12 02:00:00,1.11402,1.11443,1.11374,1.11443,1,BUY
2019-12-12 03:00:00,1.1144,1.11441,1.11419,1.11438,1,BUY
2019-12-12 04:00:00,1.11435,1.1144,1.11417,1.1142,1,BUY
2019-12-12 05:00:00,1.11417,1.1144,1.11398,1.11398,1,BUY
2019-12-12 06:00:00,1.11398,1.11404,1.11364,1.11364,1,BUY
2019-12-12 07:00:00,1.11366,1.11417,1.11364,1.11376,1,BUY
2019-12-12 08:00:00,1.11374,1.11394,1.1132,1.11357,1,BUY
2019-12-12 09:00:00,1.11355,1.11355,1.11248,1.11276,1,BUY
2019-12-12 10:00:00,1.11274,1.11332,1.11268,1.11288,1,BUY
2019-12-12 11:00:00,1.11291,1.1136,1.1127,1.11322,1,BUY
2019-12-12 12:00:00,1.1132,1.11368,1.11297,1.1132,1,BUY
2019-12-12 13:00:00,1.11318,1.11544,1.11274,1.11386,1,BUY
2019-12-12 14:00:00,1.11388,1.11484,1.11208,1.1125,1,BUY
2019-12-12 15:00:00,1.11248,1.11362,1.11114,1.11173,1,BUY
2019-12-12 16:00:00,1.11176,1.11216,1.11106,1.11144,1,BUY
2019-12-12 17:00:00,1.11146,1.11171,1.11082,1.11101,1,BUY
2019-12-12 18:00:00,1.11104,1.11134,1.1103,1.11102,0,SELL
2019-12-12 19:00:00,1.111,1.11153,1.1104,1.1113,0,SELL
2019-12-12 20:00:00,1.11128,1.1135,1.1111,1.11323,0,SELL
2019-12-12 21:00:00,1.1132,1.11349,1.11254,1.11308,1,BUY
2019-12-12 22:00:00,1.1154,1.11996,1.1154,1.11836,1,BUY
2019-12-12 23:00:00,1.11834,1.11934,1.11768,1.11834,1,BUY
2019-12-13 00:00:00,1.11832,1.11834,1.11684,1.117,1,BUY
2019-12-13 01:00:00,1.11698,1.1182,1.11682,1.11768,1,BUY
2019-12-13 02:00:00,1.1177,1.11812,1.11722,1.11738,1,BUY
2019-12-13 03:00:00,1.1174,1.11778,1.11702,1.11776,1,BUY
2019-12-13 04:00:00,1.11779,1.11779,1.11709,1.11709,1,BUY
2019-12-13 05:00:00,1.11712,1.1176,1.11706,1.11744,1,BUY
2019-12-13 06:00:00,1.11746,1.11746,1.1163,1.1167,1,BUY
2019-12-13 07:00:00,1.11668,1.1168,1.11631,1.11656,1,BUY
2019-12-13 08:00:00,1.1166,1.11808,1.11648,1.11773,1,BUY
2019-12-13 09:00:00,1.1177,1.11819,1.11688,1.11802,1,BUY
2019-12-13 10:00:00,1.11804,1.11851,1.11767,1.11795,1,BUY
2019-12-13 11:00:00,1.11797,1.1186,1.1174,1.11754,1,BUY
2019-12-13 12:00:00,1.11756,1.11834,1.11712,1.11712,1,BUY
2019-12-13 13:00:00,1.11714,1.1177,1.11666,1.11698,1,BUY
2019-12-13 14:00:00,1.11696,1.11729,1.11478,1.1153,1,BUY
2019-12-13 15:00:00,1.11532,1.11676,1.11251,1.11355,1,BUY
2019-12-13 16:00:00,1.11353,1.11388,1.11174,1.11275,1,BUY
2019-12-13 17:00:00,1.11278,1.11284,1.11123,1.11156,0,SELL
2019-12-13 18:00:00,1.11158,1.11215,1.11153,1.11192,0,SELL
2019-12-13 19:00:00,1.11195,1.11227,1.1118,1.1121,0,SELL
2019-12-13 20:00:00,1.11212,1.11217,1.11122,1.11167,0,SELL
2019-12-13 21:00:00,1.1117,1.11209,1.11148,1.11209,0,SELL
2019-12-15 22:00:00,1.11289,1.11312,1.11254,1.11292,0,SELL
2019-12-15 23:00:00,1.11294,1.11301,1.11229,1.11244,0,SELL
2019-12-16 00:00:00,1.11242,1.11276,1.11232,1.11258,0,SELL
2019-12-16 01:00:00,1.11255,1.11292,1.11252,1.11282,0,SELL
2019-12-16 02:00:00,1.11284,1.11324,1.11282,1.11293,0,SELL
2019-12-16 03:00:00,1.11295,1.11326,1.11288,1.11326,0,SELL
2019-12-16 04:00:00,1.11328,1.11328,1.113,1.11328,0,SELL
2019-12-16 05:00:00,1.11326,1.11366,1.11324,1.11349,0,SELL
2019-12-16 06:00:00,1.11349,1.11436,1.11342,1.11428,0,SELL
2019-12-16 07:00:00,1.11426,1.11506,1.11398,1.11458,1,BUY
2019-12-16 08:00:00,1.11455,1.11463,1.11274,1.11316,1,BUY
2019-12-16 09:00:00,1.11313,1.11347,1.11262,1.11346,1,BUY
2019-12-16 10:00:00,1.11349,1.1144,1.11337,1.11388,1,BUY
2019-12-16 11:00:00,1.1139,1.11446,1.11371,1.11446,1,BUY
2019-12-16 12:00:00,1.11443,1.11468,1.11418,1.11446,1,BUY
2019-12-16 13:00:00,1.11449,1.11546,1.11424,1.11535,1,BUY
2019-12-16 14:00:00,1.11532,1.11532,1.11449,1.11504,1,BUY
2019-12-16 15:00:00,1.11501,1.1158,1.11355,1.11368,1,BUY
2019-12-16 16:00:00,1.1137,1.11465,1.1135,1.11388,1,BUY
2019-12-16 17:00:00,1.1139,1.11459,1.1138,1.1143,1,BUY
2019-12-16 18:00:00,1.11432,1.11476,1.11416,1.11461,1,BUY
2019-12-16 19:00:00,1.11458,1.1148,1.11436,1.11474,1,BUY
2019-12-16 20:00:00,1.11472,1.11476,1.11439,1.11446,1,BUY
2019-12-16 21:00:00,1.11444,1.1145,1.11414,1.1144,1,BUY
2019-12-16 22:00:00,1.11456,1.11502,1.11384,1.11387,1,BUY
2019-12-16 23:00:00,1.11392,1.1141,1.11345,1.11358,0,SELL
2019-12-17 00:00:00,1.1136,1.11386,1.11342,1.11371,0,SELL
2019-12-17 01:00:00,1.11374,1.11403,1.1137,1.11393,0,SELL
2019-12-17 02:00:00,1.11395,1.11448,1.11395,1.11442,0,SELL
2019-12-17 03:00:00,1.11445,1.11478,1.11445,1.1147,0,SELL
2019-12-17 04:00:00,1.11468,1.1149,1.11454,1.11474,0,SELL
2019-12-17 05:00:00,1.11472,1.11494,1.11466,1.11474,1,BUY
2019-12-17 06:00:00,1.11476,1.11482,1.1142,1.1146,1,BUY
2019-12-17 07:00:00,1.11463,1.11465,1.11402,1.11424,1,BUY
2019-12-17 08:00:00,1.11422,1.11444,1.11294,1.1138,1,BUY
2019-12-17 09:00:00,1.11383,1.1152,1.11354,1.11499,1,BUY
2019-12-17 10:00:00,1.11501,1.11599,1.11456,1.11596,1,BUY
2019-12-17 11:00:00,1.11594,1.11668,1.1156,1.11607,1,BUY
2019-12-17 12:00:00,1.11605,1.11746,1.11588,1.11698,1,BUY
2019-12-17 13:00:00,1.117,1.11718,1.11446,1.11462,1,BUY
2019-12-17 14:00:00,1.11464,1.11539,1.11464,1.11504,1,BUY
2019-12-17 15:00:00,1.11506,1.1158,1.11506,1.11558,1,BUY
2019-12-17 16:00:00,1.1156,1.11573,1.1146,1.11478,1,BUY
2019-12-17 17:00:00,1.11476,1.1155,1.11467,1.11518,1,BUY
2019-12-17 18:00:00,1.1152,1.11537,1.1149,1.11502,1,BUY
2019-12-17 19:00:00,1.115,1.11531,1.11464,1.11474,1,BUY
2019-12-17 20:00:00,1.11476,1.11495,1.11458,1.11465,0,SELL
2019-12-17 21:00:00,1.11463,1.11513,1.11458,1.11509,0,SELL
2019-12-17 22:00:00,1.11503,1.11542,1.11498,1.11528,0,SELL
2019-12-17 23:00:00,1.1153,1.11532,1.11506,1.11515,1,BUY
2019-12-18 00:00:00,1.11512,1.11512,1.1146,1.11471,1,BUY
2019-12-18 01:00:00,1.11469,1.11474,1.11391,1.11409,0,SELL
2019-12-18 02:00:00,1.11412,1.11423,1.11342,1.1137,0,SELL
2019-12-18 03:00:00,1.11367,1.11367,1.11308,1.11338,0,SELL
2019-12-18 04:00:00,1.11341,1.11344,1.11312,1.11312,0,SELL
2019-12-18 05:00:00,1.11314,1.1135,1.11292,1.1135,0,SELL
2019-12-18 06:00:00,1.1135,1.11389,1.11344,1.11386,0,SELL
2019-12-18 07:00:00,1.11384,1.114,1.113,1.1131,0,SELL
2019-12-18 08:00:00,1.11312,1.11353,1.11276,1.1129,0,SELL
2019-12-18 09:00:00,1.11292,1.11426,1.11264,1.11333,0,SELL
2019-12-18 10:00:00,1.1133,1.11366,1.1132,1.11336,0,SELL
2019-12-18 11:00:00,1.11338,1.11366,1.11231,1.11279,0,SELL
2019-12-18 12:00:00,1.11276,1.11282,1.112,1.11222,0,SELL
2019-12-18 13:00:00,1.11225,1.1123,1.11106,1.11174,0,SELL
2019-12-18 14:00:00,1.11176,1.11246,1.11157,1.11157,0,SELL
2019-12-18 15:00:00,1.1116,1.11342,1.11152,1.11258,0,SELL
2019-12-18 16:00:00,1.1126,1.11283,1.11117,1.11122,0,SELL
2019-12-18 17:00:00,1.11124,1.11188,1.1112,1.11182,0,SELL
2019-12-18 18:00:00,1.11184,1.11199,1.11145,1.11158,0,SELL
2019-12-18 19:00:00,1.1116,1.11206,1.11152,1.11154,0,SELL
2019-12-18 20:00:00,1.11157,1.11194,1.11148,1.11193,0,SELL
2019-12-18 21:00:00,1.11196,1.11198,1.1113,1.11138,0,SELL
2019-12-18 22:00:00,1.11134,1.11172,1.11132,1.11162,0,SELL
2019-12-18 23:00:00,1.11165,1.11176,1.11141,1.11156,0,SELL
2019-12-19 00:00:00,1.11154,1.11213,1.11146,1.11168,0,SELL
2019-12-19 01:00:00,1.11166,1.11248,1.11162,1.11236,0,SELL
2019-12-19 02:00:00,1.11234,1.1127,1.11232,1.11266,0,SELL
2019-12-19 03:00:00,1.11268,1.11326,1.11266,1.113,0,SELL
2019-12-19 04:00:00,1.11298,1.113,1.11258,1.11258,0,SELL
2019-12-19 05:00:00,1.1126,1.1129,1.11256,1.1127,0,SELL
2019-12-19 06:00:00,1.1127,1.11302,1.11247,1.11302,0,SELL
2019-12-19 07:00:00,1.113,1.11317,1.11259,1.11264,0,SELL
2019-12-19 08:00:00,1.11266,1.11308,1.11245,1.11293,0,SELL
2019-12-19 09:00:00,1.11295,1.11392,1.11282,1.11366,0,SELL
2019-12-19 10:00:00,1.11364,1.11443,1.11313,1.11441,0,SELL
2019-12-19 11:00:00,1.11438,1.11438,1.11252,1.1127,0,SELL
2019-12-19 12:00:00,1.11272,1.11326,1.11139,1.1116,0,SELL
2019-12-19 13:00:00,1.11162,1.11243,1.11101,1.1115,0,SELL
2019-12-19 14:00:00,1.11147,1.11244,1.111,1.11224,0,SELL
2019-12-19 15:00:00,1.11226,1.11272,1.11074,1.11156,0,SELL
2019-12-19 16:00:00,1.11154,1.11288,1.11124,1.11276,0,SELL
2019-12-19 17:00:00,1.11278,1.11306,1.11227,1.11252,0,SELL
2019-12-19 18:00:00,1.11254,1.11294,1.11248,1.11274,0,SELL
2019-12-19 19:00:00,1.11276,1.11281,1.11232,1.1124,0,SELL
2019-12-19 20:00:00,1.11243,1.11268,1.1123,1.11239,0,SELL
2019-12-19 21:00:00,1.11237,1.11241,1.11174,1.11208,0,SELL
2019-12-19 22:00:00,1.11219,1.11252,1.11218,1.11238,0,SELL
2019-12-19 23:00:00,1.1124,1.11249,1.11206,1.11232,0,SELL
2019-12-20 00:00:00,1.1123,1.1123,1.11178,1.11198,0,SELL
2019-12-20 01:00:00,1.112,1.11202,1.1116,1.11186,0,SELL
2019-12-20 02:00:00,1.11184,1.11184,1.11146,1.11158,0,SELL
2019-12-20 03:00:00,1.11156,1.11168,1.11144,1.11158,0,SELL
2019-12-20 04:00:00,1.1116,1.11176,1.11138,1.11157,0,SELL
2019-12-20 05:00:00,1.1116,1.11202,1.11156,1.11195,0,SELL
2019-12-20 06:00:00,1.11195,1.11195,1.11149,1.11167,0,SELL
2019-12-20 07:00:00,1.1117,1.11194,1.11152,1.1118,0,SELL
2019-12-20 08:00:00,1.11178,1.11237,1.11157,1.11222,0,SELL
2019-12-20 09:00:00,1.11219,1.11224,1.11151,1.11207,0,SELL
2019-12-20 10:00:00,1.11205,1.11222,1.11118,1.1113,0,SELL
2019-12-20 11:00:00,1.11127,1.11127,1.109,1.10972,0,SELL
2019-12-20 12:00:00,1.10975,1.11036,1.1095,1.11002,0,SELL
2019-12-20 13:00:00,1.11004,1.11011,1.1086,1.10914,0,SELL
2019-12-20 14:00:00,1.10916,1.10918,1.1082,1.10837,0,SELL
2019-12-20 15:00:00,1.10834,1.1088,1.10812,1.10864,0,SELL
2019-12-20 16:00:00,1.10861,1.1087,1.10732,1.10756,0,SELL
2019-12-20 17:00:00,1.10758,1.10758,1.10679,1.10687,0,SELL
2019-12-20 18:00:00,1.10684,1.10712,1.10664,1.1068,0,SELL
2019-12-20 19:00:00,1.10682,1.10768,1.10682,1.10753,0,SELL
2019-12-20 20:00:00,1.10756,1.10787,1.10756,1.10772,0,SELL
2019-12-20 21:00:00,1.1077,1.10774,1.10726,1.10765,0,SELL
2019-12-22 22:00:00,1.1081,1.10812,1.10774,1.10785,0,SELL
2019-12-22 23:00:00,1.10783,1.10804,1.10774,1.10804,0,SELL
2019-12-23 00:00:00,1.10802,1.10802,1.1073,1.10763,0,SELL
2019-12-23 01:00:00,1.10766,1.1079,1.10748,1.10784,0,SELL
2019-12-23 02:00:00,1.10782,1.10784,1.10748,1.10784,0,SELL
2019-12-23 03:00:00,1.10786,1.1083,1.10778,1.10812,0,SELL
2019-12-23 04:00:00,1.1081,1.10819,1.10782,1.10784,0,SELL
2019-12-23 05:00:00,1.10782,1.10832,1.10778,1.10822,0,SELL
2019-12-23 06:00:00,1.10822,1.10864,1.10822,1.1084,0,SELL
2019-12-23 07:00:00,1.10843,1.1086,1.10817,1.10837,0,SELL
2019-12-23 08:00:00,1.10834,1.10887,1.10803,1.10838,0,SELL
2019-12-23 09:00:00,1.1084,1.10869,1.10808,1.10837,0,SELL
2019-12-23 10:00:00,1.10834,1.10882,1.10812,1.1083,0,SELL
2019-12-23 11:00:00,1.10828,1.10833,1.10766,1.1081,0,SELL
2019-12-23 12:00:00,1.10808,1.10808,1.10718,1.10744,0,SELL
2019-12-23 13:00:00,1.10746,1.10837,1.107,1.10803,0,SELL
2019-12-23 14:00:00,1.108,1.10873,1.10768,1.10873,0,SELL
2019-12-23 15:00:00,1.1087,1.10958,1.10854,1.10873,0,SELL
2019-12-23 16:00:00,1.10875,1.10941,1.10846,1.10898,0,SELL
2019-12-23 17:00:00,1.10901,1.10919,1.10856,1.1091,0,SELL
2019-12-23 18:00:00,1.10908,1.10931,1.10874,1.10897,0,SELL
2019-12-23 19:00:00,1.109,1.10946,1.10898,1.10934,0,SELL
2019-12-23 20:00:00,1.10937,1.10949,1.10918,1.10923,0,SELL
2019-12-23 21:00:00,1.10926,1.10944,1.10893,1.10896,0,SELL
2019-12-23 22:00:00,1.10896,1.10919,1.10889,1.10904,0,SELL
2019-12-23 23:00:00,1.10906,1.10932,1.10901,1.1092,0,SELL
2019-12-24 00:00:00,1.10922,1.1094,1.109,1.1091,0,SELL
2019-12-24 01:00:00,1.10908,1.10924,1.10871,1.10878,0,SELL
2019-12-24 02:00:00,1.1088,1.10887,1.10853,1.10879,0,SELL
2019-12-24 03:00:00,1.10876,1.10898,1.10859,1.10893,0,SELL
2019-12-24 04:00:00,1.1089,1.10896,1.10879,1.10882,0,SELL
2019-12-24 05:00:00,1.1088,1.10896,1.10876,1.10895,0,SELL
2019-12-24 06:00:00,1.10895,1.10899,1.10856,1.10874,0,SELL
2019-12-24 07:00:00,1.10876,1.10889,1.10805,1.10853,0,SELL
2019-12-24 08:00:00,1.10851,1.1088,1.1082,1.1084,0,SELL
2019-12-24 09:00:00,1.10838,1.10852,1.10751,1.10751,0,SELL
2019-12-24 10:00:00,1.10749,1.10772,1.10706,1.10723,0,SELL
2019-12-24 11:00:00,1.10725,1.10752,1.10691,1.10736,0,SELL
2019-12-24 12:00:00,1.1074,1.10848,1.10729,1.10832,0,SELL
2019-12-24 13:00:00,1.10834,1.10852,1.10762,1.10782,0,SELL
2019-12-24 14:00:00,1.10784,1.10833,1.10778,1.10818,0,SELL
2019-12-24 15:00:00,1.10816,1.109,1.10802,1.109,0,SELL
2019-12-24 16:00:00,1.10902,1.10934,1.10844,1.10844,0,SELL
2019-12-24 17:00:00,1.10846,1.10878,1.10828,1.10878,0,SELL
2019-12-24 18:00:00,1.10876,1.10879,1.10824,1.10864,0,SELL
2019-12-24 19:00:00,1.10867,1.10878,1.10841,1.10865,0,SELL
2019-12-24 20:00:00,1.10862,1.10866,1.10815,1.10856,0,SELL
2019-12-24 21:00:00,1.10853,1.1089,1.10848,1.10882,0,SELL
2019-12-25 22:00:00,1.10882,1.10938,1.10882,1.10916,0,SELL
2019-12-25 23:00:00,1.10914,1.10952,1.10904,1.10947,0,SELL
2019-12-26 00:00:00,1.10945,1.1095,1.10892,1.10894,0,SELL
2019-12-26 01:00:00,1.10896,1.10922,1.10882,1.10912,0,SELL
2019-12-26 02:00:00,1.1091,1.1093,1.10899,1.10926,0,SELL
2019-12-26 03:00:00,1.10928,1.10942,1.10904,1.10904,0,SELL
2019-12-26 04:00:00,1.10902,1.10912,1.10885,1.10894,0,SELL
2019-12-26 05:00:00,1.10896,1.10913,1.10894,1.10901,0,SELL
2019-12-26 06:00:00,1.10901,1.10902,1.10862,1.10862,0,SELL
2019-12-26 07:00:00,1.10864,1.10918,1.10864,1.10904,0,SELL
2019-12-26 08:00:00,1.10906,1.10964,1.10902,1.10936,0,SELL
2019-12-26 09:00:00,1.10934,1.10948,1.10917,1.10917,0,SELL
2019-12-26 10:00:00,1.1092,1.1092,1.10839,1.10846,0,SELL
2019-12-26 11:00:00,1.10849,1.10872,1.10824,1.10855,0,SELL
2019-12-26 12:00:00,1.10858,1.10928,1.10858,1.10927,0,SELL
2019-12-26 13:00:00,1.10924,1.11,1.10907,1.10983,0,SELL
2019-12-26 14:00:00,1.10981,1.11,1.10902,1.10907,0,SELL
2019-12-26 15:00:00,1.10909,1.11,1.109,1.10992,0,SELL
2019-12-26 16:00:00,1.1099,1.11022,1.10956,1.1102,1,BUY
2019-12-26 17:00:00,1.11022,1.11049,1.11022,1.11027,1,BUY
2019-12-26 18:00:00,1.11024,1.1109,1.11022,1.1109,1,BUY
2019-12-26 19:00:00,1.11088,1.1109,1.1103,1.1103,1,BUY
2019-12-26 20:00:00,1.11028,1.11048,1.10998,1.11029,1,BUY
2019-12-26 21:00:00,1.11032,1.11034,1.10956,1.10966,1,BUY
2019-12-26 22:00:00,1.10986,1.10986,1.10964,1.10964,1,BUY
2019-12-26 23:00:00,1.10967,1.11013,1.10967,1.11013,1,BUY
2019-12-27 00:00:00,1.11016,1.1105,1.10988,1.11012,1,BUY
2019-12-27 01:00:00,1.1101,1.11099,1.10998,1.11093,1,BUY
2019-12-27 02:00:00,1.1109,1.11176,1.11084,1.11166,1,BUY
2019-12-27 03:00:00,1.11168,1.112,1.11164,1.11189,1,BUY
2019-12-27 04:00:00,1.11186,1.11213,1.11168,1.11204,1,BUY
2019-12-27 05:00:00,1.11206,1.11222,1.11198,1.11209,1,BUY
2019-12-27 06:00:00,1.11209,1.11216,1.11176,1.112,1,BUY
2019-12-27 07:00:00,1.11198,1.11298,1.11191,1.11294,1,BUY
2019-12-27 08:00:00,1.11296,1.11418,1.11296,1.11328,1,BUY
2019-12-27 09:00:00,1.1133,1.11387,1.11315,1.11386,1,BUY
2019-12-27 10:00:00,1.11384,1.11488,1.11366,1.11488,1,BUY
2019-12-27 11:00:00,1.1149,1.11498,1.11438,1.11474,1,BUY
2019-12-27 12:00:00,1.11477,1.11553,1.11456,1.11528,1,BUY
2019-12-27 13:00:00,1.11526,1.11592,1.11512,1.11534,1,BUY
2019-12-27 14:00:00,1.11537,1.11636,1.1152,1.11581,1,BUY
2019-12-27 15:00:00,1.11578,1.11794,1.11575,1.1163,1,BUY
2019-12-27 16:00:00,1.11632,1.11765,1.11587,1.11734,1,BUY
2019-12-27 17:00:00,1.11732,1.11843,1.1172,1.11838,1,BUY
2019-12-27 18:00:00,1.11836,1.11844,1.11775,1.1184,1,BUY
2019-12-27 19:00:00,1.11837,1.11883,1.11792,1.11872,1,BUY
2019-12-27 20:00:00,1.11874,1.11874,1.11753,1.11762,1,BUY
2019-12-27 21:00:00,1.1176,1.1178,1.1171,1.11758,1,BUY
2019-12-29 22:00:00,1.11773,1.11805,1.11718,1.11799,1,BUY
2019-12-29 23:00:00,1.11806,1.11838,1.11776,1.11813,1,BUY
2019-12-30 00:00:00,1.11811,1.1188,1.11806,1.11878,1,BUY
2019-12-30 01:00:00,1.1188,1.11954,1.11873,1.11948,1,BUY
2019-12-30 02:00:00,1.11944,1.12048,1.11918,1.12044,1,BUY
2019-12-30 03:00:00,1.12042,1.12108,1.11982,1.11992,1,BUY
2019-12-30 04:00:00,1.1199,1.12013,1.1196,1.11968,1,BUY
2019-12-30 05:00:00,1.11966,1.12052,1.11954,1.12028,1,BUY
2019-12-30 06:00:00,1.12028,1.1203,1.11922,1.11958,1,BUY
2019-12-30 07:00:00,1.11956,1.12058,1.11946,1.11962,1,BUY
2019-12-30 08:00:00,1.1196,1.12048,1.11937,1.1197,1,BUY
2019-12-30 09:00:00,1.11968,1.11999,1.11901,1.11994,1,BUY
2019-12-30 10:00:00,1.11992,1.12024,1.11896,1.11938,1,BUY
2019-12-30 11:00:00,1.11936,1.12024,1.11906,1.11916,1,BUY
2019-12-30 12:00:00,1.11914,1.11944,1.11861,1.11898,1,BUY
2019-12-30 13:00:00,1.11895,1.11952,1.11818,1.1195,1,BUY
2019-12-30 14:00:00,1.11947,1.12079,1.11886,1.12058,1,BUY
2019-12-30 15:00:00,1.12061,1.1207,1.11971,1.1201,1,BUY
2019-12-30 16:00:00,1.12012,1.12208,1.1201,1.12162,1,BUY
2019-12-30 17:00:00,1.12159,1.12168,1.1209,1.12107,1,BUY
2019-12-30 18:00:00,1.12109,1.12124,1.12022,1.1203,1,BUY
2019-12-30 19:00:00,1.12032,1.12046,1.12,1.12022,1,BUY
2019-12-30 20:00:00,1.12024,1.12036,1.11965,1.11985,1,BUY
2019-12-30 21:00:00,1.11983,1.12032,1.1198,1.11992,1,BUY
2019-12-30 22:00:00,1.12012,1.12047,1.1198,1.12012,1,BUY
2019-12-30 23:00:00,1.12016,1.12034,1.12013,1.12013,1,BUY
2019-12-31 00:00:00,1.12011,1.12052,1.12011,1.12035,1,BUY
2019-12-31 01:00:00,1.12037,1.12138,1.12037,1.12126,1,BUY
2019-12-31 02:00:00,1.12128,1.12148,1.12099,1.12099,1,BUY
2019-12-31 03:00:00,1.12096,1.12096,1.1199,1.12036,1,BUY
2019-12-31 04:00:00,1.12034,1.12054,1.12028,1.12034,1,BUY
2019-12-31 05:00:00,1.12032,1.1207,1.12021,1.1207,1,BUY
2019-12-31 06:00:00,1.1207,1.1207,1.12044,1.1206,1,BUY
2019-12-31 07:00:00,1.12062,1.12082,1.12033,1.12056,1,BUY
2019-12-31 08:00:00,1.12059,1.12134,1.12031,1.12124,1,BUY
2019-12-31 09:00:00,1.12121,1.12176,1.12074,1.12136,1,BUY
2019-12-31 10:00:00,1.12138,1.1218,1.12086,1.12174,1,BUY
2019-12-31 11:00:00,1.12172,1.12283,1.12162,1.12278,1,BUY
2019-12-31 12:00:00,1.12276,1.1233,1.12272,1.12308,1,BUY
2019-12-31 13:00:00,1.1231,1.1239,1.12291,1.1238,1,BUY
2019-12-31 14:00:00,1.12382,1.12392,1.1218,1.12205,1,BUY
2019-12-31 15:00:00,1.122,1.12328,1.12173,1.12238,1,BUY
2019-12-31 16:00:00,1.12236,1.12314,1.12164,1.12264,1,BUY
2019-12-31 17:00:00,1.12262,1.12294,1.1223,1.1229,1,BUY
2019-12-31 18:00:00,1.12288,1.12288,1.12226,1.12234,1,BUY
2019-12-31 19:00:00,1.12231,1.1224,1.1217,1.12172,1,BUY
2019-12-31 20:00:00,1.1217,1.12185,1.1215,1.12177,1,BUY
2019-12-31 21:00:00,1.12174,1.12174,1.12102,1.1212,1,BUY
2020-01-01 22:00:00,1.12124,1.12162,1.12124,1.12152,1,BUY
2020-01-01 23:00:00,1.12149,1.12224,1.12149,1.12189,1,BUY
2020-01-02 00:00:00,1.12187,1.12192,1.12158,1.12184,1,BUY
2020-01-02 01:00:00,1.12186,1.12246,1.12182,1.12209,1,BUY
2020-01-02 02:00:00,1.12206,1.12247,1.12185,1.12224,1,BUY
2020-01-02 03:00:00,1.12222,1.12232,1.12124,1.12132,1,BUY
2020-01-02 04:00:00,1.12135,1.12142,1.1201,1.12012,1,BUY
2020-01-02 05:00:00,1.12014,1.12044,1.12011,1.12044,1,BUY
2020-01-02 06:00:00,1.12044,1.12076,1.12039,1.12076,1,BUY
2020-01-02 07:00:00,1.12079,1.12102,1.12044,1.12098,1,BUY
2020-01-02 08:00:00,1.121,1.12138,1.12051,1.12122,1,BUY
2020-01-02 09:00:00,1.12119,1.1214,1.12013,1.12032,1,BUY
2020-01-02 10:00:00,1.12034,1.12039,1.1193,1.11984,1,BUY
2020-01-02 11:00:00,1.11986,1.12022,1.11844,1.11848,0,SELL
2020-01-02 12:00:00,1.11846,1.11943,1.1183,1.11932,0,SELL
2020-01-02 13:00:00,1.1193,1.11972,1.11899,1.11966,0,SELL
2020-01-02 14:00:00,1.11962,1.11965,1.11704,1.11742,0,SELL
2020-01-02 15:00:00,1.1174,1.12025,1.11709,1.12006,0,SELL
2020-01-02 16:00:00,1.12008,1.1203,1.11653,1.11664,0,SELL
2020-01-02 17:00:00,1.11662,1.11718,1.11636,1.117,0,SELL
2020-01-02 18:00:00,1.11702,1.11722,1.11636,1.11704,0,SELL
2020-01-02 19:00:00,1.11702,1.11704,1.11644,1.11664,0,SELL
2020-01-02 20:00:00,1.11666,1.11716,1.11659,1.11692,0,SELL
2020-01-02 21:00:00,1.11694,1.11736,1.11691,1.11728,0,SELL
2020-01-02 22:00:00,1.11728,1.11731,1.11704,1.1172,0,SELL
2020-01-02 23:00:00,1.11722,1.11735,1.11702,1.1171,0,SELL
2020-01-03 00:00:00,1.11707,1.1176,1.117,1.11755,0,SELL
2020-01-03 01:00:00,1.11758,1.11784,1.11722,1.11736,0,SELL
2020-01-03 02:00:00,1.11738,1.11774,1.1172,1.11728,0,SELL
2020-01-03 03:00:00,1.11725,1.11736,1.11697,1.11722,0,SELL
2020-01-03 04:00:00,1.11724,1.1175,1.11688,1.11702,0,SELL
2020-01-03 05:00:00,1.11704,1.11705,1.11644,1.11664,0,SELL
2020-01-03 06:00:00,1.11664,1.11696,1.11641,1.11692,0,SELL
2020-01-03 07:00:00,1.11694,1.11718,1.11523,1.11534,0,SELL
2020-01-03 08:00:00,1.11537,1.11604,1.11508,1.11511,0,SELL
2020-01-03 09:00:00,1.11513,1.11522,1.11401,1.11402,0,SELL
2020-01-03 10:00:00,1.11404,1.11433,1.11308,1.11362,0,SELL
2020-01-03 11:00:00,1.1136,1.1136,1.11249,1.113,0,SELL
2020-01-03 12:00:00,1.11298,1.11426,1.11283,1.11393,0,SELL
2020-01-03 13:00:00,1.1139,1.11488,1.11374,1.11382,0,SELL
2020-01-03 14:00:00,1.1138,1.11542,1.11354,1.11526,0,SELL
2020-01-03 15:00:00,1.11529,1.11676,1.11529,1.11634,0,SELL
2020-01-03 16:00:00,1.11636,1.11799,1.11626,1.11721,0,SELL
2020-01-03 17:00:00,1.11724,1.1174,1.11678,1.11724,0,SELL
2020-01-03 18:00:00,1.11722,1.11734,1.1166,1.1167,0,SELL
2020-01-03 19:00:00,1.11668,1.1168,1.11614,1.11675,0,SELL
2020-01-03 20:00:00,1.11673,1.11673,1.11601,1.11616,0,SELL
2020-01-03 21:00:00,1.11614,1.1162,1.11526,1.11592,0,SELL
2020-01-05 22:00:00,1.11665,1.11684,1.11596,1.11597,0,SELL
2020-01-05 23:00:00,1.116,1.11676,1.11596,1.11605,0,SELL
2020-01-06 00:00:00,1.11602,1.11684,1.11602,1.11636,0,SELL
2020-01-06 01:00:00,1.11639,1.11654,1.11615,1.11628,0,SELL
2020-01-06 02:00:00,1.1163,1.1167,1.11626,1.11655,0,SELL
2020-01-06 03:00:00,1.11658,1.1171,1.11658,1.11658,0,SELL
2020-01-06 04:00:00,1.1166,1.11662,1.11618,1.11644,0,SELL
2020-01-06 05:00:00,1.11646,1.1165,1.11606,1.11624,0,SELL
2020-01-06 06:00:00,1.11624,1.11626,1.11573,1.11608,0,SELL
2020-01-06 07:00:00,1.11605,1.11667,1.11599,1.11646,0,SELL
2020-01-06 08:00:00,1.11649,1.11799,1.11633,1.11789,0,SELL
2020-01-06 09:00:00,1.11787,1.11936,1.11752,1.11934,0,SELL
2020-01-06 10:00:00,1.11931,1.11996,1.11901,1.11963,1,BUY
2020-01-06 11:00:00,1.11965,1.12056,1.11963,1.12032,1,BUY
2020-01-06 12:00:00,1.1203,1.12044,1.11952,1.1198,1,BUY
2020-01-06 13:00:00,1.11983,1.12032,1.11911,1.11976,1,BUY
2020-01-06 14:00:00,1.11978,1.12002,1.11826,1.11832,1,BUY
2020-01-06 15:00:00,1.11836,1.11902,1.11822,1.11888,1,BUY
2020-01-06 16:00:00,1.1189,1.11898,1.1181,1.11872,1,BUY
2020-01-06 17:00:00,1.1187,1.11961,1.11843,1.11952,1,BUY
2020-01-06 18:00:00,1.11954,1.11979,1.11916,1.11919,1,BUY
2020-01-06 19:00:00,1.11917,1.11928,1.1188,1.11912,1,BUY
2020-01-06 20:00:00,1.11915,1.11938,1.1189,1.11936,1,BUY
2020-01-06 21:00:00,1.11934,1.11992,1.1193,1.11972,1,BUY
2020-01-06 22:00:00,1.1195,1.11965,1.11948,1.11958,1,BUY
2020-01-06 23:00:00,1.1196,1.11974,1.11942,1.11955,1,BUY
2020-01-07 00:00:00,1.11953,1.11954,1.11892,1.11898,1,BUY
2020-01-07 01:00:00,1.11896,1.11971,1.11896,1.11934,1,BUY
2020-01-07 02:00:00,1.11932,1.11934,1.11911,1.11916,1,BUY
2020-01-07 03:00:00,1.11914,1.11944,1.11914,1.11923,1,BUY
2020-01-07 04:00:00,1.1192,1.11935,1.11906,1.11909,1,BUY
2020-01-07 05:00:00,1.11912,1.11925,1.11828,1.11831,1,BUY
2020-01-07 06:00:00,1.11831,1.11898,1.1181,1.11816,1,BUY
2020-01-07 07:00:00,1.11819,1.11854,1.11732,1.11742,0,SELL
2020-01-07 08:00:00,1.11744,1.11876,1.11727,1.11847,0,SELL
2020-01-07 09:00:00,1.11849,1.11896,1.11806,1.1185,0,SELL
2020-01-07 10:00:00,1.11847,1.1186,1.1165,1.11762,0,SELL
2020-01-07 11:00:00,1.11765,1.11849,1.11722,1.11818,0,SELL
2020-01-07 12:00:00,1.1182,1.11834,1.1171,1.11748,0,SELL
2020-01-07 13:00:00,1.1175,1.11778,1.11548,1.11562,0,SELL
2020-01-07 14:00:00,1.1156,1.11624,1.11466,1.1148,0,SELL
2020-01-07 15:00:00,1.11482,1.11517,1.11344,1.11418,0,SELL
2020-01-07 16:00:00,1.11415,1.11441,1.11336,1.1137,0,SELL
2020-01-07 17:00:00,1.11372,1.11474,1.11372,1.11426,0,SELL
2020-01-07 18:00:00,1.11424,1.11497,1.11415,1.11435,0,SELL
2020-01-07 19:00:00,1.11437,1.1145,1.11418,1.11448,0,SELL
2020-01-07 20:00:00,1.11446,1.11477,1.11424,1.11438,0,SELL
2020-01-07 21:00:00,1.1144,1.1153,1.1144,1.11512,0,SELL
2020-01-07 22:00:00,1.11506,1.11521,1.11444,1.11478,0,SELL
2020-01-07 23:00:00,1.11474,1.11544,1.11466,1.1154,0,SELL
2020-01-08 00:00:00,1.11536,1.11684,1.11525,1.11589,0,SELL
2020-01-08 01:00:00,1.11591,1.11633,1.11548,1.11557,0,SELL
2020-01-08 02:00:00,1.1156,1.11612,1.11532,1.11586,0,SELL
2020-01-08 03:00:00,1.11584,1.11592,1.11536,1.11548,0,SELL
2020-01-08 04:00:00,1.11545,1.11558,1.11452,1.11476,0,SELL
2020-01-08 05:00:00,1.1148,1.11514,1.11476,1.11492,0,SELL
2020-01-08 06:00:00,1.11492,1.11538,1.11486,1.11502,0,SELL
2020-01-08 07:00:00,1.11504,1.11549,1.11434,1.11513,0,SELL
2020-01-08 08:00:00,1.11516,1.11533,1.11302,1.11348,0,SELL
2020-01-08 09:00:00,1.1135,1.1145,1.11253,1.11386,0,SELL
2020-01-08 10:00:00,1.11384,1.11386,1.11252,1.11274,0,SELL
2020-01-08 11:00:00,1.11271,1.11312,1.11198,1.11273,0,SELL
2020-01-08 12:00:00,1.11271,1.11306,1.11139,1.11168,0,SELL
2020-01-08 13:00:00,1.11166,1.11225,1.11112,1.112,0,SELL
2020-01-08 14:00:00,1.11203,1.1127,1.11176,1.11247,0,SELL
2020-01-08 15:00:00,1.11245,1.11309,1.11154,1.11198,0,SELL
2020-01-08 16:00:00,1.11196,1.11202,1.11088,1.11165,0,SELL
2020-01-08 17:00:00,1.11163,1.11259,1.11132,1.11182,0,SELL
2020-01-08 18:00:00,1.11179,1.11179,1.11104,1.11133,0,SELL
2020-01-08 19:00:00,1.11136,1.11142,1.11083,1.11112,0,SELL
2020-01-08 20:00:00,1.11114,1.11148,1.111,1.1112,0,SELL
2020-01-08 21:00:00,1.11122,1.11128,1.11016,1.11038,0,SELL
2020-01-08 22:00:00,1.11052,1.1115,1.1105,1.11101,0,SELL
2020-01-08 23:00:00,1.11098,1.1113,1.11072,1.1113,0,SELL
2020-01-09 00:00:00,1.11132,1.11159,1.11095,1.11138,0,SELL
2020-01-09 01:00:00,1.1114,1.11194,1.1111,1.11174,0,SELL
2020-01-09 02:00:00,1.11176,1.1119,1.11146,1.11153,0,SELL
2020-01-09 03:00:00,1.1115,1.11179,1.11143,1.11154,0,SELL
2020-01-09 04:00:00,1.11156,1.11158,1.11128,1.11154,0,SELL
2020-01-09 05:00:00,1.11156,1.1119,1.11152,1.11183,0,SELL
2020-01-09 06:00:00,1.11183,1.1119,1.11112,1.11124,0,SELL
2020-01-09 07:00:00,1.11126,1.11204,1.11114,1.11152,0,SELL
2020-01-09 08:00:00,1.11154,1.11178,1.11052,1.11175,0,SELL
2020-01-09 09:00:00,1.11172,1.11192,1.10985,1.10994,0,SELL
2020-01-09 10:00:00,1.10996,1.11118,1.10968,1.11098,0,SELL
2020-01-09 11:00:00,1.111,1.11126,1.11034,1.11046,0,SELL
2020-01-09 12:00:00,1.11048,1.11167,1.11034,1.11136,0,SELL
2020-01-09 13:00:00,1.11133,1.11174,1.11058,1.1115,0,SELL
2020-01-09 14:00:00,1.11147,1.11147,1.1104,1.11084,0,SELL
2020-01-09 15:00:00,1.11086,1.11106,1.10926,1.11024,0,SELL
2020-01-09 16:00:00,1.11022,1.11061,1.10937,1.11061,0,SELL
2020-01-09 17:00:00,1.11058,1.11115,1.11038,1.11048,0,SELL
2020-01-09 18:00:00,1.11046,1.11086,1.11034,1.11053,0,SELL
2020-01-09 19:00:00,1.11056,1.11099,1.11051,1.11061,0,SELL
2020-01-09 20:00:00,1.11058,1.11073,1.1104,1.11064,0,SELL
2020-01-09 21:00:00,1.11066,1.1107,1.11035,1.11062,0,SELL
2020-01-09 22:00:00,1.11051,1.11076,1.11036,1.11068,0,SELL
2020-01-09 23:00:00,1.11066,1.11093,1.11066,1.11093,0,SELL
2020-01-10 00:00:00,1.11096,1.11096,1.11062,1.1107,0,SELL
2020-01-10 01:00:00,1.11072,1.11073,1.11024,1.11042,0,SELL
2020-01-10 02:00:00,1.11044,1.11084,1.11036,1.1108,0,SELL
2020-01-10 03:00:00,1.11083,1.11088,1.11072,1.11084,0,SELL
2020-01-10 04:00:00,1.11081,1.11112,1.11067,1.11075,0,SELL
2020-01-10 05:00:00,1.11077,1.111,1.11072,1.11092,0,SELL
2020-01-10 06:00:00,1.11092,1.11102,1.11068,1.11094,0,SELL
2020-01-10 07:00:00,1.11092,1.11111,1.11046,1.1107,0,SELL
2020-01-10 08:00:00,1.11072,1.11092,1.10933,1.10997,0,SELL
2020-01-10 09:00:00,1.10995,1.11,1.10914,1.10966,0,SELL
2020-01-10 10:00:00,1.10964,1.10986,1.10902,1.10926,0,SELL
2020-01-10 11:00:00,1.10924,1.10963,1.10851,1.1093,0,SELL
2020-01-10 12:00:00,1.10927,1.10996,1.1092,1.10984,0,SELL
2020-01-10 13:00:00,1.10981,1.11138,1.109,1.10968,0,SELL
2020-01-10 14:00:00,1.10966,1.11036,1.10864,1.11012,0,SELL
2020-01-10 15:00:00,1.1101,1.1118,1.10986,1.11129,0,SELL
2020-01-10 16:00:00,1.11131,1.11206,1.11112,1.11181,0,SELL
2020-01-10 17:00:00,1.11184,1.1129,1.11184,1.11224,0,SELL
2020-01-10 18:00:00,1.11221,1.11233,1.11184,1.11186,0,SELL
2020-01-10 19:00:00,1.11184,1.11233,1.11172,1.1122,1,BUY
2020-01-10 20:00:00,1.11218,1.11222,1.11196,1.11212,1,BUY
2020-01-10 21:00:00,1.11214,1.11225,1.11192,1.11205,1,BUY
2020-01-12 22:00:00,1.11205,1.11205,1.1114,1.11172,1,BUY
2020-01-12 23:00:00,1.1117,1.11183,1.1115,1.11163,1,BUY
2020-01-13 00:00:00,1.11161,1.1119,1.11161,1.11188,1,BUY
2020-01-13 01:00:00,1.11188,1.11215,1.11174,1.11213,0,SELL
2020-01-13 02:00:00,1.11212,1.11262,1.11201,1.11258,0,SELL
2020-01-13 03:00:00,1.1126,1.113,1.11254,1.11294,1,BUY
2020-01-13 04:00:00,1.11292,1.11306,1.11274,1.11274,1,BUY
2020-01-13 05:00:00,1.11272,1.1132,1.1127,1.11298,1,BUY
2020-01-13 06:00:00,1.11297,1.11304,1.1125,1.1129,1,BUY
2020-01-13 07:00:00,1.11288,1.11302,1.1122,1.11228,1,BUY
2020-01-13 08:00:00,1.11226,1.11298,1.11202,1.11281,1,BUY
2020-01-13 09:00:00,1.1128,1.11362,1.11148,1.11151,1,BUY
2020-01-13 10:00:00,1.1115,1.11196,1.11126,1.11168,0,SELL
2020-01-13 11:00:00,1.11167,1.11242,1.11166,1.11204,0,SELL
2020-01-13 12:00:00,1.11206,1.11264,1.11186,1.11246,0,SELL
2020-01-13 13:00:00,1.11245,1.11284,1.11182,1.11188,0,SELL
2020-01-13 14:00:00,1.11189,1.11268,1.11176,1.11241,0,SELL
2020-01-13 15:00:00,1.1124,1.11382,1.1121,1.11332,0,SELL
2020-01-13 16:00:00,1.1133,1.11472,1.11326,1.11372,1,BUY
2020-01-13 17:00:00,1.11374,1.1142,1.11355,1.11398,1,BUY
2020-01-13 18:00:00,1.11399,1.11448,1.11384,1.11397,1,BUY
2020-01-13 19:00:00,1.11396,1.11415,1.11377,1.11382,1,BUY
2020-01-13 20:00:00,1.11381,1.11387,1.11362,1.11376,1,BUY
2020-01-13 21:00:00,1.11378,1.1138,1.11334,1.11346,1,BUY
2020-01-13 22:00:00,1.11351,1.114,1.11338,1.11356,1,BUY
2020-01-13 23:00:00,1.11358,1.11367,1.11336,1.11346,1,BUY
2020-01-14 00:00:00,1.11344,1.11423,1.11342,1.11386,1,BUY
2020-01-14 01:00:00,1.11386,1.1141,1.11312,1.11372,1,BUY
2020-01-14 02:00:00,1.11374,1.11386,1.11354,1.11373,1,BUY
2020-01-14 03:00:00,1.11374,1.11389,1.11354,1.11356,1,BUY
2020-01-14 04:00:00,1.11358,1.11382,1.11358,1.11366,1,BUY
2020-01-14 05:00:00,1.11368,1.11386,1.11361,1.11371,1,BUY
2020-01-14 06:00:00,1.11371,1.11446,1.1135,1.11446,1,BUY
2020-01-14 07:00:00,1.11445,1.11445,1.11374,1.11426,1,BUY
2020-01-14 08:00:00,1.11424,1.11442,1.11334,1.11352,1,BUY
2020-01-14 09:00:00,1.11352,1.11358,1.11304,1.11314,1,BUY
2020-01-14 10:00:00,1.11313,1.11355,1.11285,1.1134,1,BUY
2020-01-14 11:00:00,1.11338,1.11346,1.11264,1.11304,1,BUY
2020-01-14 12:00:00,1.11304,1.11304,1.11196,1.11208,0,SELL
2020-01-14 13:00:00,1.11206,1.11209,1.11052,1.11102,0,SELL
2020-01-14 14:00:00,1.11101,1.11234,1.11044,1.11217,0,SELL
2020-01-14 15:00:00,1.11216,1.11233,1.11138,1.11223,0,SELL
2020-01-14 16:00:00,1.11224,1.11306,1.11204,1.11298,0,SELL
2020-01-14 17:00:00,1.11296,1.11329,1.11274,1.11312,0,SELL
2020-01-14 18:00:00,1.1131,1.1135,1.113,1.11314,0,SELL
2020-01-14 19:00:00,1.11314,1.1133,1.1128,1.11281,0,SELL
2020-01-14 20:00:00,1.1128,1.11302,1.11271,1.11284,0,SELL
2020-01-14 21:00:00,1.11283,1.11284,1.11248,1.11274,0,SELL
2020-01-14 22:00:00,1.1128,1.11292,1.11267,1.11269,0,SELL
2020-01-14 23:00:00,1.1127,1.11282,1.11264,1.11278,0,SELL
2020-01-15 00:00:00,1.11278,1.11307,1.11274,1.11295,0,SELL
2020-01-15 01:00:00,1.11297,1.11311,1.11275,1.11298,0,SELL
2020-01-15 02:00:00,1.11296,1.11313,1.1127,1.11292,0,SELL
2020-01-15 03:00:00,1.11294,1.11312,1.11282,1.11304,0,SELL
2020-01-15 04:00:00,1.11304,1.11338,1.11298,1.11332,0,SELL
2020-01-15 05:00:00,1.11334,1.11347,1.11319,1.1134,1,BUY
2020-01-15 06:00:00,1.1134,1.11366,1.11324,1.11356,1,BUY
2020-01-15 07:00:00,1.11357,1.11369,1.11271,1.11285,1,BUY
2020-01-15 08:00:00,1.11284,1.11309,1.11184,1.11301,1,BUY
2020-01-15 09:00:00,1.11302,1.11336,1.11256,1.11283,1,BUY
2020-01-15 10:00:00,1.11282,1.11395,1.1125,1.11388,1,BUY
2020-01-15 11:00:00,1.11387,1.1155,1.1138,1.11482,1,BUY
2020-01-15 12:00:00,1.1148,1.11526,1.11397,1.1141,1,BUY
2020-01-15 13:00:00,1.1141,1.11494,1.11402,1.11492,1,BUY
2020-01-15 14:00:00,1.1149,1.11636,1.11486,1.11524,1,BUY
2020-01-15 15:00:00,1.11523,1.11548,1.11432,1.11524,1,BUY
2020-01-15 16:00:00,1.11526,1.116,1.11497,1.11597,1,BUY
2020-01-15 17:00:00,1.11596,1.11616,1.11563,1.11576,1,BUY
2020-01-15 18:00:00,1.11577,1.11598,1.11498,1.1152,1,BUY
2020-01-15 19:00:00,1.11518,1.11541,1.11495,1.11504,1,BUY
2020-01-15 20:00:00,1.11506,1.1153,1.11482,1.11526,1,BUY
2020-01-15 21:00:00,1.11524,1.11526,1.11483,1.11499,1,BUY
2020-01-15 22:00:00,1.11496,1.11544,1.11496,1.11516,1,BUY
2020-01-15 23:00:00,1.11518,1.11531,1.11502,1.11524,1,BUY
2020-01-16 00:00:00,1.11526,1.11581,1.11524,1.11548,1,BUY
2020-01-16 01:00:00,1.11548,1.11554,1.11531,1.11536,1,BUY
2020-01-16 02:00:00,1.11536,1.11538,1.11508,1.11518,1,BUY
2020-01-16 03:00:00,1.11518,1.1155,1.11514,1.11528,1,BUY
2020-01-16 04:00:00,1.11527,1.11536,1.11508,1.11511,1,BUY
2020-01-16 05:00:00,1.11512,1.11526,1.11496,1.11498,1,BUY
2020-01-16 06:00:00,1.11498,1.11506,1.11446,1.11506,1,BUY
2020-01-16 07:00:00,1.11504,1.1153,1.11452,1.11477,1,BUY
2020-01-16 08:00:00,1.11476,1.11638,1.11458,1.11564,1,BUY
2020-01-16 09:00:00,1.11565,1.11595,1.11503,1.11534,1,BUY
2020-01-16 10:00:00,1.11534,1.11633,1.11528,1.11574,1,BUY
2020-01-16 11:00:00,1.11574,1.11607,1.11558,1.1159,1,BUY
2020-01-16 12:00:00,1.11591,1.11726,1.11566,1.11649,1,BUY
2020-01-16 13:00:00,1.1165,1.11698,1.11502,1.11514,1,BUY
2020-01-16 14:00:00,1.11513,1.11602,1.11412,1.11416,1,BUY
2020-01-16 15:00:00,1.11415,1.1147,1.11312,1.11407,1,BUY
2020-01-16 16:00:00,1.11406,1.11424,1.11279,1.11304,0,SELL
2020-01-16 17:00:00,1.11304,1.11361,1.11292,1.11348,0,SELL
2020-01-16 18:00:00,1.11346,1.11362,1.11318,1.11348,0,SELL
2020-01-16 19:00:00,1.11346,1.11356,1.11326,1.1135,0,SELL
2020-01-16 20:00:00,1.11351,1.11382,1.11345,1.1138,0,SELL
2020-01-16 21:00:00,1.11378,1.11383,1.11344,1.11364,0,SELL
2020-01-16 22:00:00,1.1137,1.11381,1.11351,1.11374,0,SELL
2020-01-16 23:00:00,1.11372,1.11376,1.11358,1.1137,0,SELL
2020-01-17 00:00:00,1.1137,1.11394,1.11353,1.11377,0,SELL
2020-01-17 01:00:00,1.11376,1.11392,1.1134,1.11371,0,SELL
2020-01-17 02:00:00,1.1137,1.11426,1.11364,1.11364,0,SELL
2020-01-17 03:00:00,1.11364,1.11379,1.1131,1.11311,0,SELL
2020-01-17 04:00:00,1.11312,1.11338,1.11308,1.11321,0,SELL
2020-01-17 05:00:00,1.11322,1.11377,1.1132,1.11366,0,SELL
2020-01-17 06:00:00,1.11366,1.11404,1.11348,1.11397,0,SELL
2020-01-17 07:00:00,1.11396,1.11412,1.11349,1.11364,0,SELL
2020-01-17 08:00:00,1.11364,1.11397,1.1134,1.11356,0,SELL
2020-01-17 09:00:00,1.11358,1.11378,1.11248,1.11276,0,SELL
2020-01-17 10:00:00,1.11278,1.11283,1.11158,1.1116,0,SELL
2020-01-17 11:00:00,1.11162,1.11162,1.11064,1.11124,0,SELL
2020-01-17 12:00:00,1.11125,1.11148,1.1106,1.11099,0,SELL
2020-01-17 13:00:00,1.111,1.1112,1.1098,1.11004,0,SELL
2020-01-17 14:00:00,1.11006,1.11062,1.10957,1.11006,0,SELL
2020-01-17 15:00:00,1.11008,1.1103,1.10864,1.10938,0,SELL
2020-01-17 16:00:00,1.1094,1.10962,1.10891,1.10919,0,SELL
2020-01-17 17:00:00,1.10918,1.1095,1.1088,1.10912,0,SELL
2020-01-17 18:00:00,1.1091,1.10943,1.10904,1.10925,0,SELL
2020-01-17 19:00:00,1.10926,1.10946,1.10906,1.1093,0,SELL
2020-01-17 20:00:00,1.1093,1.10934,1.10913,1.10928,0,SELL
2020-01-17 21:00:00,1.10927,1.10929,1.10892,1.10902,0,SELL
2020-01-19 22:00:00,1.1093,1.10943,1.10894,1.10907,0,SELL
2020-01-19 23:00:00,1.10906,1.10948,1.10892,1.10946,0,SELL
2020-01-20 00:00:00,1.10948,1.10986,1.10927,1.1093,0,SELL
2020-01-20 01:00:00,1.1093,1.10979,1.10926,1.10964,0,SELL
2020-01-20 02:00:00,1.10962,1.10975,1.10952,1.10973,0,SELL
2020-01-20 03:00:00,1.10972,1.1099,1.10952,1.10959,0,SELL
2020-01-20 04:00:00,1.1096,1.10966,1.10941,1.10966,0,SELL
2020-01-20 05:00:00,1.10966,1.1099,1.10951,1.1098,0,SELL
2020-01-20 06:00:00,1.10978,1.11012,1.10977,1.11007,0,SELL
2020-01-20 07:00:00,1.11006,1.11026,1.1094,1.10945,0,SELL
2020-01-20 08:00:00,1.10947,1.10974,1.10888,1.1089,0,SELL
2020-01-20 09:00:00,1.10888,1.10914,1.10822,1.10898,0,SELL
2020-01-20 10:00:00,1.10896,1.10907,1.1083,1.10842,0,SELL
2020-01-20 11:00:00,1.10843,1.10884,1.10842,1.10858,0,SELL
2020-01-20 12:00:00,1.10856,1.10872,1.10828,1.10839,0,SELL
2020-01-20 13:00:00,1.1084,1.10856,1.10805,1.10836,0,SELL
2020-01-20 14:00:00,1.10835,1.10846,1.10792,1.10822,0,SELL
2020-01-20 15:00:00,1.10824,1.10853,1.10766,1.10828,0,SELL
2020-01-20 16:00:00,1.1083,1.1086,1.10812,1.1084,0,SELL
2020-01-20 17:00:00,1.10842,1.10868,1.10832,1.10835,0,SELL
2020-01-20 18:00:00,1.10836,1.10908,1.10824,1.10894,0,SELL
2020-01-20 19:00:00,1.10892,1.10922,1.10878,1.1092,0,SELL
2020-01-20 20:00:00,1.10918,1.1098,1.10915,1.10977,0,SELL
2020-01-20 21:00:00,1.10976,1.10978,1.1095,1.1095,0,SELL
2020-01-20 22:00:00,1.10945,1.1098,1.10945,1.10972,0,SELL
2020-01-20 23:00:00,1.1097,1.1097,1.10937,1.10964,0,SELL
2020-01-21 00:00:00,1.10962,1.10969,1.1091,1.10924,0,SELL
2020-01-21 01:00:00,1.10926,1.10931,1.10888,1.10906,0,SELL
2020-01-21 02:00:00,1.10907,1.10965,1.10907,1.1096,0,SELL
2020-01-21 03:00:00,1.10961,1.10986,1.10942,1.10974,0,SELL
2020-01-21 04:00:00,1.10973,1.10994,1.10947,1.10994,0,SELL
2020-01-21 05:00:00,1.10995,1.10995,1.1095,1.10954,0,SELL
2020-01-21 06:00:00,1.10954,1.10974,1.10938,1.10942,0,SELL
2020-01-21 07:00:00,1.10941,1.10969,1.10916,1.10922,0,SELL
2020-01-21 08:00:00,1.10924,1.10963,1.10864,1.10905,0,SELL
2020-01-21 09:00:00,1.10906,1.10937,1.10856,1.10909,0,SELL
2020-01-21 10:00:00,1.1091,1.11101,1.10902,1.11038,0,SELL
2020-01-21 11:00:00,1.11038,1.11102,1.11018,1.11056,0,SELL
2020-01-21 12:00:00,1.11055,1.11091,1.10997,1.11082,0,SELL
2020-01-21 13:00:00,1.11083,1.1118,1.11078,1.11137,0,SELL
2020-01-21 14:00:00,1.11136,1.11139,1.11016,1.1103,1,BUY
2020-01-21 15:00:00,1.11029,1.11038,1.10888,1.10978,1,BUY
2020-01-21 16:00:00,1.10977,1.11,1.1092,1.10959,0,SELL
2020-01-21 17:00:00,1.10958,1.10964,1.10904,1.10918,0,SELL
2020-01-21 18:00:00,1.10918,1.1095,1.10895,1.10925,0,SELL
2020-01-21 19:00:00,1.10926,1.10953,1.10917,1.1095,0,SELL
2020-01-21 20:00:00,1.1095,1.10953,1.10872,1.10872,0,SELL
2020-01-21 21:00:00,1.10873,1.10882,1.10811,1.10822,0,SELL
2020-01-21 22:00:00,1.10867,1.10867,1.10819,1.10832,0,SELL
2020-01-21 23:00:00,1.1083,1.10856,1.10828,1.10852,0,SELL
2020-01-22 00:00:00,1.10853,1.10869,1.10823,1.10828,0,SELL
2020-01-22 01:00:00,1.10826,1.10838,1.10778,1.10819,0,SELL
2020-01-22 02:00:00,1.10818,1.10824,1.10774,1.10806,0,SELL
2020-01-22 03:00:00,1.10804,1.1084,1.10798,1.10816,0,SELL
2020-01-22 04:00:00,1.10818,1.10831,1.10807,1.10824,0,SELL
2020-01-22 05:00:00,1.10826,1.10858,1.10822,1.10846,0,SELL
2020-01-22 06:00:00,1.10846,1.10864,1.1081,1.1083,0,SELL
2020-01-22 07:00:00,1.1083,1.10862,1.10754,1.1086,0,SELL
2020-01-22 08:00:00,1.10859,1.1086,1.1075,1.10815,0,SELL
2020-01-22 09:00:00,1.10816,1.10929,1.1078,1.10908,0,SELL
2020-01-22 10:00:00,1.1091,1.10948,1.10859,1.10861,0,SELL
2020-01-22 11:00:00,1.1086,1.1088,1.1078,1.10787,0,SELL
2020-01-22 12:00:00,1.10786,1.10852,1.10772,1.10836,0,SELL
2020-01-22 13:00:00,1.10836,1.10912,1.10824,1.10898,0,SELL
2020-01-22 14:00:00,1.10898,1.10984,1.10726,1.10734,0,SELL
2020-01-22 15:00:00,1.10733,1.10782,1.10702,1.10754,0,SELL
2020-01-22 16:00:00,1.10752,1.10913,1.10748,1.10846,0,SELL
2020-01-22 17:00:00,1.10848,1.109,1.1084,1.10857,0,SELL
2020-01-22 18:00:00,1.10858,1.10873,1.1084,1.10871,0,SELL
2020-01-22 19:00:00,1.1087,1.10934,1.10866,1.10918,0,SELL
2020-01-22 20:00:00,1.10919,1.1093,1.10894,1.10927,0,SELL
2020-01-22 21:00:00,1.10928,1.10953,1.10912,1.10936,0,SELL
2020-01-22 22:00:00,1.10932,1.10945,1.10922,1.10936,0,SELL
2020-01-22 23:00:00,1.10934,1.10968,1.10932,1.10958,0,SELL
2020-01-23 00:00:00,1.10957,1.10996,1.10797,1.10872,0,SELL
2020-01-23 01:00:00,1.10874,1.10898,1.10854,1.10894,0,SELL
2020-01-23 02:00:00,1.10893,1.10914,1.10874,1.10896,0,SELL
2020-01-23 03:00:00,1.10894,1.10899,1.10824,1.10828,0,SELL
2020-01-23 04:00:00,1.10828,1.10858,1.1081,1.10852,0,SELL
2020-01-23 05:00:00,1.10854,1.10854,1.10825,1.1083,0,SELL
2020-01-23 06:00:00,1.10832,1.10852,1.10811,1.10852,0,SELL
2020-01-23 07:00:00,1.1085,1.10923,1.10849,1.10893,0,SELL
2020-01-23 08:00:00,1.10892,1.10898,1.10822,1.10838,0,SELL
2020-01-23 09:00:00,1.10838,1.1087,1.10791,1.10844,0,SELL
2020-01-23 10:00:00,1.10842,1.1092,1.10822,1.10913,0,SELL
2020-01-23 11:00:00,1.10914,1.10949,1.10875,1.10904,0,SELL
2020-01-23 12:00:00,1.10906,1.10927,1.10845,1.10846,0,SELL
2020-01-23 13:00:00,1.10847,1.11088,1.10804,1.10867,0,SELL
2020-01-23 14:00:00,1.10866,1.10904,1.10598,1.10694,0,SELL
2020-01-23 15:00:00,1.10694,1.10716,1.10404,1.10462,0,SELL
2020-01-23 16:00:00,1.10462,1.10462,1.10364,1.10412,0,SELL
2020-01-23 17:00:00,1.10413,1.1052,1.10399,1.1051,0,SELL
2020-01-23 18:00:00,1.1051,1.10536,1.10486,1.10496,0,SELL
2020-01-23 19:00:00,1.10494,1.1056,1.10483,1.10554,0,SELL
2020-01-23 20:00:00,1.10552,1.10577,1.10546,1.10556,0,SELL
2020-01-23 21:00:00,1.10558,1.1059,1.10554,1.10563,0,SELL
2020-01-23 22:00:00,1.10558,1.10582,1.10526,1.10556,0,SELL
2020-01-23 23:00:00,1.10558,1.10563,1.10538,1.10554,0,SELL
2020-01-24 00:00:00,1.10555,1.10556,1.10507,1.10528,0,SELL
2020-01-24 01:00:00,1.10527,1.10554,1.1052,1.1054,0,SELL
2020-01-24 02:00:00,1.10538,1.10538,1.10516,1.1053,0,SELL
2020-01-24 03:00:00,1.1053,1.1053,1.10498,1.10504,0,SELL
2020-01-24 04:00:00,1.10503,1.10518,1.10488,1.10488,0,SELL
2020-01-24 05:00:00,1.10487,1.10497,1.10464,1.10489,0,SELL
2020-01-24 06:00:00,1.10489,1.10508,1.10448,1.10504,0,SELL
2020-01-24 07:00:00,1.10503,1.10526,1.10427,1.10512,0,SELL
2020-01-24 08:00:00,1.1051,1.10618,1.10446,1.10469,0,SELL
2020-01-24 09:00:00,1.10468,1.10524,1.10338,1.10359,0,SELL
2020-01-24 10:00:00,1.10358,1.10398,1.10316,1.10375,0,SELL
2020-01-24 11:00:00,1.10374,1.10374,1.10282,1.10356,0,SELL
2020-01-24 12:00:00,1.10356,1.10369,1.10263,1.10278,0,SELL
2020-01-24 13:00:00,1.10277,1.1039,1.10272,1.1039,0,SELL
2020-01-24 14:00:00,1.1039,1.104,1.10289,1.10312,0,SELL
2020-01-24 15:00:00,1.10312,1.10362,1.10228,1.1025,0,SELL
2020-01-24 16:00:00,1.1025,1.1028,1.10198,1.10251,0,SELL
2020-01-24 17:00:00,1.10252,1.10279,1.10222,1.10273,0,SELL
2020-01-24 18:00:00,1.10274,1.10297,1.10262,1.1028,0,SELL
2020-01-24 19:00:00,1.1028,1.10332,1.10275,1.10296,0,SELL
2020-01-24 20:00:00,1.10294,1.10303,1.10258,1.10278,0,SELL
2020-01-24 21:00:00,1.10277,1.10296,1.10242,1.10252,0,SELL
2020-01-26 22:00:00,1.10342,1.10342,1.10241,1.10312,0,SELL
2020-01-26 23:00:00,1.1031,1.10342,1.10246,1.10246,0,SELL
2020-01-27 00:00:00,1.10248,1.10349,1.10246,1.10322,0,SELL
2020-01-27 01:00:00,1.10324,1.10348,1.1031,1.10336,0,SELL
2020-01-27 02:00:00,1.10338,1.10358,1.1029,1.10291,0,SELL
2020-01-27 03:00:00,1.1029,1.10302,1.10275,1.10282,0,SELL
2020-01-27 04:00:00,1.10283,1.10294,1.10275,1.10278,0,SELL
2020-01-27 05:00:00,1.10278,1.1031,1.10268,1.1031,0,SELL
2020-01-27 06:00:00,1.1031,1.10318,1.10262,1.10278,0,SELL
2020-01-27 07:00:00,1.1028,1.10376,1.10278,1.10347,0,SELL
2020-01-27 08:00:00,1.10348,1.10376,1.10254,1.10276,0,SELL
2020-01-27 09:00:00,1.10274,1.10278,1.10152,1.1021,0,SELL
2020-01-27 10:00:00,1.10209,1.10292,1.10184,1.10282,0,SELL
2020-01-27 11:00:00,1.10283,1.1029,1.10216,1.10246,0,SELL
2020-01-27 12:00:00,1.10246,1.10258,1.10201,1.10232,0,SELL
2020-01-27 13:00:00,1.1023,1.10316,1.10223,1.10274,0,SELL
2020-01-27 14:00:00,1.10275,1.10322,1.10154,1.10174,0,SELL
2020-01-27 15:00:00,1.10176,1.10236,1.10114,1.10126,0,SELL
2020-01-27 16:00:00,1.10126,1.10222,1.10098,1.10189,0,SELL
2020-01-27 17:00:00,1.1019,1.10192,1.10108,1.10153,0,SELL
2020-01-27 18:00:00,1.10154,1.10158,1.1013,1.1014,0,SELL
2020-01-27 19:00:00,1.10142,1.10176,1.10138,1.10163,0,SELL
2020-01-27 20:00:00,1.10162,1.10188,1.10156,1.10169,0,SELL
2020-01-27 21:00:00,1.1017,1.10204,1.10168,1.10188,0,SELL
2020-01-27 22:00:00,1.10188,1.10202,1.10161,1.10185,0,SELL
2020-01-27 23:00:00,1.10186,1.10203,1.10182,1.10194,0,SELL
2020-01-28 00:00:00,1.10196,1.102,1.10174,1.10194,0,SELL
2020-01-28 01:00:00,1.10195,1.10254,1.10194,1.102,0,SELL
2020-01-28 02:00:00,1.102,1.10218,1.10179,1.10214,0,SELL
2020-01-28 03:00:00,1.10212,1.1022,1.1019,1.10214,0,SELL
2020-01-28 04:00:00,1.10216,1.10226,1.10202,1.10224,0,SELL
2020-01-28 05:00:00,1.10226,1.10231,1.10217,1.1022,0,SELL
2020-01-28 06:00:00,1.1022,1.10234,1.10184,1.10194,0,SELL
2020-01-28 07:00:00,1.10193,1.10193,1.10144,1.10167,0,SELL
2020-01-28 08:00:00,1.10168,1.10236,1.10126,1.10195,0,SELL
2020-01-28 09:00:00,1.10194,1.10218,1.10134,1.10168,0,SELL
2020-01-28 10:00:00,1.10166,1.10226,1.1015,1.10193,0,SELL
2020-01-28 11:00:00,1.10194,1.10196,1.10074,1.10106,0,SELL
2020-01-28 12:00:00,1.10107,1.10108,1.10024,1.10066,0,SELL
2020-01-28 13:00:00,1.10067,1.10096,1.10021,1.10055,0,SELL
2020-01-28 14:00:00,1.10056,1.10066,1.09998,1.10044,0,SELL
2020-01-28 15:00:00,1.10042,1.10058,1.0998,1.10002,0,SELL
2020-01-28 16:00:00,1.10004,1.10106,1.09994,1.10074,0,SELL
2020-01-28 17:00:00,1.10073,1.10109,1.10026,1.1009,0,SELL
2020-01-28 18:00:00,1.10092,1.10145,1.10091,1.10124,0,SELL
2020-01-28 19:00:00,1.10122,1.10175,1.10112,1.10167,0,SELL
2020-01-28 20:00:00,1.10168,1.10218,1.10167,1.10218,0,SELL
2020-01-28 21:00:00,1.10217,1.1023,1.10198,1.10221,0,SELL
2020-01-28 22:00:00,1.10223,1.10245,1.10199,1.1022,0,SELL
2020-01-28 23:00:00,1.10218,1.10232,1.1021,1.10222,0,SELL
2020-01-29 00:00:00,1.10223,1.10277,1.10203,1.10227,0,SELL
2020-01-29 01:00:00,1.10228,1.10228,1.10161,1.10166,0,SELL
2020-01-29 02:00:00,1.10166,1.10168,1.1015,1.10163,0,SELL
2020-01-29 03:00:00,1.10164,1.10172,1.10128,1.10141,0,SELL
2020-01-29 04:00:00,1.10142,1.10145,1.10126,1.10132,0,SELL
2020-01-29 05:00:00,1.10131,1.10157,1.10113,1.1015,0,SELL
2020-01-29 06:00:00,1.1015,1.10166,1.10144,1.10148,0,SELL
2020-01-29 07:00:00,1.10149,1.1015,1.1003,1.10056,0,SELL
2020-01-29 08:00:00,1.10056,1.10075,1.09998,1.10022,0,SELL
2020-01-29 09:00:00,1.10022,1.10058,1.09946,1.10022,0,SELL
2020-01-29 10:00:00,1.10023,1.10042,1.09981,1.10014,0,SELL
2020-01-29 11:00:00,1.10013,1.10025,1.09972,1.10016,0,SELL
2020-01-29 12:00:00,1.10018,1.10033,1.0997,1.09979,0,SELL
2020-01-29 13:00:00,1.0998,1.1001,1.09924,1.09926,0,SELL
2020-01-29 14:00:00,1.09925,1.10028,1.09925,1.09962,0,SELL
2020-01-29 15:00:00,1.0996,1.10097,1.09944,1.09992,0,SELL
2020-01-29 16:00:00,1.0999,1.10052,1.09965,1.10038,0,SELL
2020-01-29 17:00:00,1.10038,1.10062,1.0999,1.1005,0,SELL
2020-01-29 18:00:00,1.1005,1.10056,1.1001,1.10018,0,SELL
2020-01-29 19:00:00,1.1002,1.10208,1.09985,1.10202,0,SELL
2020-01-29 20:00:00,1.10203,1.10206,1.10042,1.10068,0,SELL
2020-01-29 21:00:00,1.10068,1.10111,1.10018,1.10111,0,SELL
2020-01-29 22:00:00,1.10106,1.10124,1.10092,1.10104,0,SELL
2020-01-29 23:00:00,1.10106,1.1018,1.10092,1.10139,0,SELL
2020-01-30 00:00:00,1.10138,1.10172,1.10128,1.10132,0,SELL
2020-01-30 01:00:00,1.1013,1.10156,1.1011,1.10111,0,SELL
2020-01-30 02:00:00,1.10112,1.10132,1.10111,1.10122,0,SELL
2020-01-30 03:00:00,1.1012,1.10158,1.10117,1.10152,0,SELL
2020-01-30 04:00:00,1.10154,1.10173,1.1015,1.10172,0,SELL
2020-01-30 05:00:00,1.10172,1.10173,1.10126,1.10135,0,SELL
2020-01-30 06:00:00,1.10136,1.10137,1.10097,1.10099,0,SELL
2020-01-30 07:00:00,1.10098,1.10152,1.10069,1.10118,0,SELL
2020-01-30 08:00:00,1.10116,1.10188,1.10096,1.10167,0,SELL
2020-01-30 09:00:00,1.10166,1.10214,1.10148,1.10191,0,SELL
2020-01-30 10:00:00,1.10192,1.10204,1.10115,1.10144,0,SELL
2020-01-30 11:00:00,1.10142,1.10242,1.10142,1.1023,0,SELL
2020-01-30 12:00:00,1.10231,1.10272,1.10202,1.10228,1,BUY
2020-01-30 13:00:00,1.10229,1.10319,1.10175,1.10255,1,BUY
2020-01-30 14:00:00,1.10254,1.10294,1.10152,1.1026,1,BUY
2020-01-30 15:00:00,1.10261,1.10365,1.10232,1.10356,1,BUY
2020-01-30 16:00:00,1.10358,1.1036,1.1026,1.10312,1,BUY
2020-01-30 17:00:00,1.1031,1.10382,1.10296,1.10378,1,BUY
2020-01-30 18:00:00,1.10377,1.10387,1.10311,1.10346,1,BUY
2020-01-30 19:00:00,1.10345,1.10394,1.10291,1.103,1,BUY
2020-01-30 20:00:00,1.10299,1.10373,1.10286,1.10322,1,BUY
2020-01-30 21:00:00,1.10323,1.10348,1.10304,1.10316,1,BUY
2020-01-30 22:00:00,1.1032,1.10352,1.10317,1.1032,1,BUY
2020-01-30 23:00:00,1.10321,1.10331,1.10282,1.10288,1,BUY
2020-01-31 00:00:00,1.10286,1.10332,1.10276,1.10322,1,BUY
2020-01-31 01:00:00,1.10323,1.10338,1.10266,1.10293,1,BUY
2020-01-31 02:00:00,1.10292,1.10332,1.10265,1.10265,1,BUY
2020-01-31 03:00:00,1.10264,1.10266,1.10242,1.10244,1,BUY
2020-01-31 04:00:00,1.10242,1.10246,1.10226,1.10244,1,BUY
2020-01-31 05:00:00,1.10246,1.1026,1.10215,1.10218,0,SELL
2020-01-31 06:00:00,1.10216,1.10242,1.10186,1.10209,0,SELL
2020-01-31 07:00:00,1.10208,1.10285,1.10171,1.10279,0,SELL
2020-01-31 08:00:00,1.10278,1.10303,1.10214,1.10217,0,SELL
2020-01-31 09:00:00,1.10216,1.1034,1.10202,1.10286,0,SELL
2020-01-31 10:00:00,1.10288,1.10335,1.10226,1.10306,0,SELL
2020-01-31 11:00:00,1.10305,1.10387,1.10268,1.10372,1,BUY
2020-01-31 12:00:00,1.10374,1.10492,1.10344,1.10476,1,BUY
2020-01-31 13:00:00,1.10474,1.10558,1.10467,1.10552,1,BUY
2020-01-31 14:00:00,1.10552,1.10676,1.10488,1.10627,1,BUY
2020-01-31 15:00:00,1.10626,1.10836,1.10556,1.10806,1,BUY
2020-01-31 16:00:00,1.10804,1.10905,1.10749,1.10816,1,BUY
2020-01-31 17:00:00,1.10818,1.10846,1.10783,1.10829,1,BUY
2020-01-31 18:00:00,1.10828,1.10836,1.1078,1.10804,1,BUY
2020-01-31 19:00:00,1.10802,1.10901,1.10798,1.10894,1,BUY
2020-01-31 20:00:00,1.10892,1.10918,1.10848,1.10906,1,BUY
2020-01-31 21:00:00,1.10905,1.10956,1.10898,1.10945,1,BUY
2020-02-02 22:00:00,1.10956,1.10956,1.10814,1.10852,1,BUY
2020-02-02 23:00:00,1.10856,1.10908,1.10856,1.10891,1,BUY
2020-02-03 00:00:00,1.1089,1.1089,1.10801,1.10818,1,BUY
2020-02-03 01:00:00,1.10819,1.10878,1.10804,1.10832,1,BUY
2020-02-03 02:00:00,1.10834,1.10848,1.10804,1.10819,1,BUY
2020-02-03 03:00:00,1.10818,1.1084,1.10802,1.10812,1,BUY
2020-02-03 04:00:00,1.10814,1.10849,1.10811,1.10818,1,BUY
2020-02-03 05:00:00,1.10819,1.10848,1.10815,1.10844,1,BUY
2020-02-03 06:00:00,1.10844,1.10864,1.10817,1.10826,1,BUY
2020-02-03 07:00:00,1.10826,1.10848,1.10704,1.10748,1,BUY
2020-02-03 08:00:00,1.1075,1.10785,1.10644,1.10664,1,BUY
2020-02-03 09:00:00,1.10663,1.10728,1.10591,1.10728,1,BUY
2020-02-03 10:00:00,1.10726,1.10742,1.10645,1.1065,1,BUY
2020-02-03 11:00:00,1.10651,1.10682,1.10584,1.10628,1,BUY
2020-02-03 12:00:00,1.10628,1.10668,1.10614,1.1066,1,BUY
2020-02-03 13:00:00,1.1066,1.10668,1.10618,1.1063,1,BUY
2020-02-03 14:00:00,1.1063,1.10638,1.1045,1.10472,1,BUY
2020-02-03 15:00:00,1.10471,1.10599,1.10355,1.10558,0,SELL
2020-02-03 16:00:00,1.10556,1.10658,1.10538,1.10621,0,SELL
2020-02-03 17:00:00,1.10622,1.10665,1.10576,1.10587,0,SELL
2020-02-03 18:00:00,1.10588,1.1064,1.10582,1.10615,0,SELL
2020-02-03 19:00:00,1.10616,1.10655,1.1061,1.10636,0,SELL
2020-02-03 20:00:00,1.10635,1.1064,1.10572,1.10582,0,SELL
2020-02-03 21:00:00,1.1058,1.10615,1.10578,1.10607,1,BUY
2020-02-03 22:00:00,1.10602,1.10616,1.1059,1.10592,1,BUY
2020-02-03 23:00:00,1.10594,1.10631,1.10588,1.10624,1,BUY
2020-02-04 00:00:00,1.10626,1.10632,1.10594,1.1061,1,BUY
2020-02-04 01:00:00,1.1061,1.10642,1.10594,1.10602,1,BUY
2020-02-04 02:00:00,1.10603,1.10606,1.10557,1.10586,1,BUY
2020-02-04 03:00:00,1.10584,1.106,1.10556,1.1058,1,BUY
2020-02-04 04:00:00,1.10582,1.10611,1.10575,1.106,1,BUY
2020-02-04 05:00:00,1.10598,1.10635,1.10579,1.10584,0,SELL
2020-02-04 06:00:00,1.10586,1.10638,1.10584,1.10592,0,SELL
2020-02-04 07:00:00,1.1059,1.10592,1.1049,1.10502,0,SELL
2020-02-04 08:00:00,1.10501,1.10594,1.10496,1.10579,0,SELL
2020-02-04 09:00:00,1.10578,1.10613,1.1053,1.10556,0,SELL
2020-02-04 10:00:00,1.10555,1.10572,1.10496,1.10553,0,SELL
2020-02-04 11:00:00,1.10552,1.1058,1.10522,1.10541,0,SELL
2020-02-04 12:00:00,1.1054,1.10542,1.10431,1.10441,0,SELL
2020-02-04 13:00:00,1.10442,1.10509,1.10433,1.10444,0,SELL
2020-02-04 14:00:00,1.10444,1.10467,1.10409,1.10446,0,SELL
2020-02-04 15:00:00,1.10444,1.10484,1.10332,1.10384,0,SELL
2020-02-04 16:00:00,1.10384,1.10432,1.1033,1.10428,0,SELL
2020-02-04 17:00:00,1.10428,1.10452,1.10366,1.10372,0,SELL
2020-02-04 18:00:00,1.10372,1.10448,1.10366,1.1041,0,SELL
2020-02-04 19:00:00,1.10409,1.10444,1.10403,1.10421,0,SELL
2020-02-04 20:00:00,1.1042,1.10448,1.10412,1.10444,0,SELL
2020-02-04 21:00:00,1.10442,1.10458,1.10436,1.10444,0,SELL
2020-02-04 22:00:00,1.10446,1.10452,1.1042,1.10451,0,SELL
2020-02-04 23:00:00,1.10454,1.10459,1.10442,1.10447,0,SELL
2020-02-05 00:00:00,1.10448,1.1045,1.10422,1.10434,0,SELL
2020-02-05 01:00:00,1.10432,1.10437,1.10398,1.10404,0,SELL
2020-02-05 02:00:00,1.10406,1.10412,1.1034,1.10345,0,SELL
2020-02-05 03:00:00,1.10344,1.10368,1.10338,1.10344,0,SELL
2020-02-05 04:00:00,1.10342,1.10354,1.10338,1.10346,0,SELL
2020-02-05 05:00:00,1.10345,1.10382,1.10337,1.1038,0,SELL
2020-02-05 06:00:00,1.1038,1.10384,1.10346,1.1036,0,SELL
2020-02-05 07:00:00,1.10359,1.10406,1.10358,1.1037,0,SELL
2020-02-05 08:00:00,1.1037,1.1048,1.10366,1.10421,0,SELL
2020-02-05 09:00:00,1.10422,1.10428,1.10216,1.1026,0,SELL
2020-02-05 10:00:00,1.10259,1.10298,1.10178,1.10193,0,SELL
2020-02-05 11:00:00,1.10192,1.10258,1.10144,1.1022,0,SELL
2020-02-05 12:00:00,1.10221,1.10233,1.10184,1.10224,0,SELL
2020-02-05 13:00:00,1.10224,1.10234,1.10079,1.10124,0,SELL
2020-02-05 14:00:00,1.10125,1.10144,1.09998,1.1003,0,SELL
2020-02-05 15:00:00,1.10032,1.10096,1.09965,1.10022,0,SELL
2020-02-05 16:00:00,1.10024,1.10064,1.09985,1.10062,0,SELL
2020-02-05 17:00:00,1.1006,1.1007,1.10011,1.10012,0,SELL
2020-02-05 18:00:00,1.10012,1.10032,1.0999,1.10023,0,SELL
2020-02-05 19:00:00,1.10024,1.10028,1.09937,1.09962,0,SELL
2020-02-05 20:00:00,1.0996,1.09997,1.0996,1.09976,0,SELL
2020-02-05 21:00:00,1.09977,1.09998,1.09969,1.09987,0,SELL
2020-02-05 22:00:00,1.09984,1.10002,1.09984,1.09998,0,SELL
2020-02-05 23:00:00,1.09996,1.10002,1.09986,1.10002,0,SELL
2020-02-06 00:00:00,1.1,1.10001,1.09964,1.09967,0,SELL
2020-02-06 01:00:00,1.09971,1.10002,1.09944,1.09982,0,SELL
2020-02-06 02:00:00,1.09984,1.09991,1.09964,1.09976,0,SELL
2020-02-06 03:00:00,1.09975,1.0999,1.09964,1.09972,0,SELL
2020-02-06 04:00:00,1.09974,1.09982,1.09943,1.09958,0,SELL
2020-02-06 05:00:00,1.09959,1.09999,1.09942,1.09998,0,SELL
2020-02-06 06:00:00,1.09999,1.10022,1.09961,1.10003,0,SELL
2020-02-06 07:00:00,1.10005,1.10056,1.09977,1.10032,0,SELL
2020-02-06 08:00:00,1.1003,1.1014,1.09939,1.09956,0,SELL
2020-02-06 09:00:00,1.09956,1.10076,1.09952,1.09992,0,SELL
2020-02-06 10:00:00,1.0999,1.10056,1.0999,1.10014,0,SELL
2020-02-06 11:00:00,1.10015,1.10032,1.09956,1.10004,0,SELL
2020-02-06 12:00:00,1.10003,1.10038,1.09972,1.10028,0,SELL
2020-02-06 13:00:00,1.10028,1.10043,1.09989,1.10017,0,SELL
2020-02-06 14:00:00,1.10016,1.10018,1.09882,1.09882,0,SELL
2020-02-06 15:00:00,1.09881,1.0991,1.09646,1.09767,0,SELL
2020-02-06 16:00:00,1.09765,1.09837,1.0973,1.09778,0,SELL
2020-02-06 17:00:00,1.09776,1.09804,1.09744,1.09751,0,SELL
2020-02-06 18:00:00,1.0975,1.09774,1.09718,1.09732,0,SELL
2020-02-06 19:00:00,1.09734,1.09776,1.09708,1.09772,0,SELL
2020-02-06 20:00:00,1.0977,1.09824,1.09767,1.09788,0,SELL
2020-02-06 21:00:00,1.09787,1.09822,1.09787,1.09816,0,SELL
2020-02-06 22:00:00,1.09822,1.09833,1.0979,1.0981,0,SELL
2020-02-06 23:00:00,1.09809,1.09816,1.09798,1.09808,0,SELL
2020-02-07 00:00:00,1.09808,1.09817,1.09778,1.09816,0,SELL
2020-02-07 01:00:00,1.09815,1.09832,1.09804,1.0983,0,SELL
2020-02-07 02:00:00,1.09831,1.09847,1.09818,1.09847,0,SELL
2020-02-07 03:00:00,1.09846,1.0985,1.09826,1.09832,0,SELL
2020-02-07 04:00:00,1.09834,1.09834,1.09793,1.09814,0,SELL
2020-02-07 05:00:00,1.09812,1.09834,1.09806,1.0981,0,SELL
2020-02-07 06:00:00,1.09812,1.09826,1.09772,1.09778,0,SELL
2020-02-07 07:00:00,1.09778,1.09784,1.09668,1.09669,0,SELL
2020-02-07 08:00:00,1.0967,1.0971,1.09568,1.09586,0,SELL
2020-02-07 09:00:00,1.09584,1.09648,1.09534,1.09544,0,SELL
2020-02-07 10:00:00,1.09546,1.09568,1.09479,1.0954,0,SELL
2020-02-07 11:00:00,1.09539,1.0958,1.09507,1.0952,0,SELL
2020-02-07 12:00:00,1.0952,1.09648,1.09508,1.09647,0,SELL
2020-02-07 13:00:00,1.09646,1.09709,1.09546,1.09583,0,SELL
2020-02-07 14:00:00,1.09581,1.09736,1.09488,1.09714,0,SELL
2020-02-07 15:00:00,1.09713,1.09765,1.09572,1.09634,0,SELL
2020-02-07 16:00:00,1.09633,1.09654,1.09463,1.09496,0,SELL
2020-02-07 17:00:00,1.09497,1.09499,1.0942,1.09427,0,SELL
2020-02-07 18:00:00,1.09428,1.09494,1.09424,1.09437,0,SELL
2020-02-07 19:00:00,1.09438,1.0949,1.09437,1.09463,0,SELL
2020-02-07 20:00:00,1.09462,1.09481,1.09442,1.09473,0,SELL
2020-02-07 21:00:00,1.09474,1.09476,1.09428,1.09463,0,SELL
2020-02-09 22:00:00,1.0945,1.09452,1.0943,1.0944,0,SELL
2020-02-09 23:00:00,1.09442,1.09507,1.09428,1.09493,0,SELL
2020-02-10 00:00:00,1.09491,1.09532,1.09481,1.09528,0,SELL
2020-02-10 01:00:00,1.09527,1.09534,1.09494,1.09506,0,SELL
2020-02-10 02:00:00,1.09505,1.09542,1.09504,1.09536,0,SELL
2020-02-10 03:00:00,1.09537,1.09542,1.09502,1.09524,0,SELL
2020-02-10 04:00:00,1.09524,1.09574,1.09519,1.09569,0,SELL
2020-02-10 05:00:00,1.09571,1.09576,1.09544,1.09556,0,SELL
2020-02-10 06:00:00,1.09556,1.09574,1.09512,1.09512,0,SELL
2020-02-10 07:00:00,1.09514,1.09538,1.09452,1.09468,0,SELL
2020-02-10 08:00:00,1.09467,1.09536,1.09448,1.09515,0,SELL
2020-02-10 09:00:00,1.09514,1.09519,1.09462,1.095,0,SELL
2020-02-10 10:00:00,1.09498,1.09551,1.0948,1.09494,0,SELL
2020-02-10 11:00:00,1.09494,1.09528,1.09452,1.09492,0,SELL
2020-02-10 12:00:00,1.09494,1.0952,1.09475,1.09494,0,SELL
2020-02-10 13:00:00,1.09495,1.09528,1.09298,1.09327,0,SELL
2020-02-10 14:00:00,1.09328,1.09338,1.09272,1.09276,0,SELL
2020-02-10 15:00:00,1.09277,1.09382,1.09194,1.09242,0,SELL
2020-02-10 16:00:00,1.09241,1.09243,1.09092,1.09152,0,SELL
2020-02-10 17:00:00,1.09151,1.09202,1.09102,1.09103,0,SELL
2020-02-10 18:00:00,1.09104,1.09167,1.09094,1.09138,0,SELL
2020-02-10 19:00:00,1.0914,1.09164,1.09126,1.09138,0,SELL
2020-02-10 20:00:00,1.09139,1.09153,1.09078,1.09124,0,SELL
2020-02-10 21:00:00,1.09125,1.09138,1.09098,1.09107,0,SELL
2020-02-10 22:00:00,1.09107,1.09148,1.09098,1.09112,0,SELL
2020-02-10 23:00:00,1.09114,1.09132,1.0909,1.09103,0,SELL
2020-02-11 00:00:00,1.09104,1.09116,1.0908,1.09102,0,SELL
2020-02-11 01:00:00,1.091,1.09153,1.09098,1.0914,0,SELL
2020-02-11 02:00:00,1.0914,1.09163,1.0912,1.09142,0,SELL
2020-02-11 03:00:00,1.09141,1.09173,1.09126,1.09136,0,SELL
2020-02-11 04:00:00,1.09135,1.09138,1.09088,1.09096,0,SELL
2020-02-11 05:00:00,1.09094,1.0913,1.0908,1.09124,0,SELL
2020-02-11 06:00:00,1.09124,1.09124,1.09082,1.09111,0,SELL
2020-02-11 07:00:00,1.09112,1.09145,1.09056,1.09144,0,SELL
2020-02-11 08:00:00,1.09145,1.09152,1.09058,1.09107,0,SELL
2020-02-11 09:00:00,1.09108,1.09159,1.09082,1.09137,0,SELL
2020-02-11 10:00:00,1.09136,1.09196,1.09104,1.09184,0,SELL
2020-02-11 11:00:00,1.09182,1.09207,1.09127,1.09128,0,SELL
2020-02-11 12:00:00,1.0913,1.09164,1.09072,1.09092,0,SELL
2020-02-11 13:00:00,1.09091,1.09098,1.08914,1.09036,0,SELL
2020-02-11 14:00:00,1.09035,1.0923,1.09016,1.09202,0,SELL
2020-02-11 15:00:00,1.092,1.09249,1.09116,1.09162,0,SELL
2020-02-11 16:00:00,1.09162,1.09238,1.0913,1.09166,0,SELL
2020-02-11 17:00:00,1.09165,1.09244,1.0916,1.09219,0,SELL
2020-02-11 18:00:00,1.09218,1.09222,1.09171,1.09191,0,SELL
2020-02-11 19:00:00,1.09192,1.09233,1.0919,1.09217,0,SELL
2020-02-11 20:00:00,1.09218,1.09218,1.09182,1.09196,0,SELL
2020-02-11 21:00:00,1.09196,1.09201,1.09152,1.09153,0,SELL
2020-02-11 22:00:00,1.09154,1.09216,1.09152,1.0919,0,SELL
2020-02-11 23:00:00,1.09192,1.09192,1.09176,1.09191,0,SELL
2020-02-12 00:00:00,1.0919,1.09192,1.0912,1.09132,0,SELL
2020-02-12 01:00:00,1.09131,1.09198,1.0913,1.09184,0,SELL
2020-02-12 02:00:00,1.09182,1.09199,1.09147,1.09161,0,SELL
2020-02-12 03:00:00,1.09162,1.0918,1.0915,1.09154,0,SELL
2020-02-12 04:00:00,1.09154,1.0916,1.09122,1.09122,0,SELL
2020-02-12 05:00:00,1.09123,1.09144,1.09098,1.09108,0,SELL
2020-02-12 06:00:00,1.09108,1.09109,1.09052,1.0906,0,SELL
2020-02-12 07:00:00,1.09058,1.09151,1.09023,1.09148,0,SELL
2020-02-12 08:00:00,1.09147,1.09256,1.09118,1.09217,0,SELL
2020-02-12 09:00:00,1.09216,1.09234,1.09115,1.09204,0,SELL
2020-02-12 10:00:00,1.09202,1.09219,1.09154,1.09184,0,SELL
2020-02-12 11:00:00,1.09183,1.09185,1.09097,1.0912,0,SELL
2020-02-12 12:00:00,1.09118,1.09144,1.091,1.09124,0,SELL
2020-02-12 13:00:00,1.09125,1.09138,1.09048,1.09051,0,SELL
2020-02-12 14:00:00,1.09052,1.09105,1.08994,1.09042,0,SELL
2020-02-12 15:00:00,1.0904,1.09049,1.08861,1.08944,0,SELL
2020-02-12 16:00:00,1.08945,1.08978,1.08895,1.08924,0,SELL
2020-02-12 17:00:00,1.08924,1.08936,1.08766,1.0879,0,SELL
2020-02-12 18:00:00,1.08791,1.08812,1.08758,1.08766,0,SELL
2020-02-12 19:00:00,1.08768,1.08776,1.08654,1.08664,0,SELL
2020-02-12 20:00:00,1.08665,1.08754,1.08665,1.08754,0,SELL
2020-02-12 21:00:00,1.08752,1.08756,1.08714,1.08734,0,SELL
2020-02-12 22:00:00,1.08737,1.0875,1.08716,1.08722,0,SELL
2020-02-12 23:00:00,1.0872,1.08759,1.087,1.08756,0,SELL
2020-02-13 00:00:00,1.08756,1.08764,1.08712,1.08726,0,SELL
2020-02-13 01:00:00,1.08724,1.0875,1.08711,1.08729,0,SELL
2020-02-13 02:00:00,1.08728,1.08738,1.08698,1.087,0,SELL
2020-02-13 03:00:00,1.087,1.08713,1.0868,1.08701,0,SELL
2020-02-13 04:00:00,1.087,1.08702,1.08652,1.0869,0,SELL
2020-02-13 05:00:00,1.08692,1.08717,1.08676,1.08717,0,SELL
2020-02-13 06:00:00,1.08717,1.08734,1.08697,1.08716,0,SELL
2020-02-13 07:00:00,1.08714,1.08796,1.0871,1.08793,0,SELL
2020-02-13 08:00:00,1.08792,1.08878,1.08757,1.0887,0,SELL
2020-02-13 09:00:00,1.0887,1.08889,1.08816,1.0883,0,SELL
2020-02-13 10:00:00,1.0883,1.08878,1.08739,1.0874,0,SELL
2020-02-13 11:00:00,1.08739,1.08756,1.08562,1.08578,0,SELL
2020-02-13 12:00:00,1.08578,1.08694,1.08532,1.0864,0,SELL
2020-02-13 13:00:00,1.08638,1.08692,1.08534,1.08549,0,SELL
2020-02-13 14:00:00,1.0855,1.08618,1.08478,1.08555,0,SELL
2020-02-13 15:00:00,1.08554,1.08586,1.0834,1.08487,0,SELL
2020-02-13 16:00:00,1.08486,1.08542,1.08474,1.08474,0,SELL
2020-02-13 17:00:00,1.08476,1.08478,1.0839,1.08426,0,SELL
2020-02-13 18:00:00,1.08427,1.08436,1.08392,1.08421,0,SELL
2020-02-13 19:00:00,1.0842,1.08443,1.08408,1.08434,0,SELL
2020-02-13 20:00:00,1.08432,1.08456,1.08412,1.08415,0,SELL
2020-02-13 21:00:00,1.08413,1.08414,1.0838,1.084,0,SELL
2020-02-13 22:00:00,1.08408,1.08427,1.0839,1.08406,0,SELL
2020-02-13 23:00:00,1.08403,1.0842,1.08386,1.08415,0,SELL
2020-02-14 00:00:00,1.08416,1.08419,1.08273,1.08383,0,SELL
2020-02-14 01:00:00,1.08381,1.08384,1.08332,1.08362,0,SELL
2020-02-14 02:00:00,1.08361,1.08374,1.08344,1.0837,0,SELL
2020-02-14 03:00:00,1.08371,1.08371,1.08308,1.0831,0,SELL
2020-02-14 04:00:00,1.08312,1.08332,1.08309,1.08332,0,SELL
2020-02-14 05:00:00,1.08334,1.08372,1.0833,1.08371,0,SELL
2020-02-14 06:00:00,1.08372,1.0839,1.08343,1.08356,0,SELL
2020-02-14 07:00:00,1.08357,1.08434,1.08349,1.08412,0,SELL
2020-02-14 08:00:00,1.08414,1.08434,1.08323,1.08431,0,SELL
2020-02-14 09:00:00,1.08432,1.08502,1.08402,1.08449,0,SELL
2020-02-14 10:00:00,1.08448,1.08494,1.0838,1.08391,0,SELL
2020-02-14 11:00:00,1.0839,1.08448,1.08371,1.08371,0,SELL
2020-02-14 12:00:00,1.08372,1.08452,1.08325,1.08399,0,SELL
2020-02-14 13:00:00,1.084,1.08596,1.0836,1.08551,0,SELL
2020-02-14 14:00:00,1.08552,1.08612,1.08512,1.08565,0,SELL
2020-02-14 15:00:00,1.08566,1.08593,1.08438,1.08459,0,SELL
2020-02-14 16:00:00,1.0846,1.08468,1.08372,1.08392,0,SELL
2020-02-14 17:00:00,1.08391,1.08438,1.0833,1.08435,0,SELL
2020-02-14 18:00:00,1.08434,1.08464,1.08418,1.08438,0,SELL
2020-02-14 19:00:00,1.08436,1.08456,1.08388,1.08396,0,SELL
2020-02-14 20:00:00,1.08394,1.08414,1.08364,1.08374,0,SELL
2020-02-14 21:00:00,1.08373,1.0839,1.08296,1.0831,0,SELL
2020-02-16 22:00:00,1.0842,1.08421,1.08366,1.08392,0,SELL
2020-02-16 23:00:00,1.08388,1.08418,1.08365,1.08413,0,SELL
2020-02-17 00:00:00,1.08414,1.08414,1.08352,1.0836,0,SELL
2020-02-17 01:00:00,1.08358,1.0838,1.08336,1.08366,0,SELL
2020-02-17 02:00:00,1.08365,1.08403,1.08361,1.08392,0,SELL
2020-02-17 03:00:00,1.08392,1.08392,1.08374,1.08384,0,SELL
2020-02-17 04:00:00,1.08386,1.08407,1.08376,1.08376,0,SELL
2020-02-17 05:00:00,1.08378,1.08414,1.08377,1.08397,0,SELL
2020-02-17 06:00:00,1.08397,1.08406,1.0834,1.08354,0,SELL
2020-02-17 07:00:00,1.08355,1.08423,1.08354,1.08408,0,SELL
2020-02-17 08:00:00,1.0841,1.08464,1.08375,1.08463,0,SELL
2020-02-17 09:00:00,1.08461,1.08511,1.08425,1.08442,0,SELL
2020-02-17 10:00:00,1.08444,1.08475,1.08427,1.0847,0,SELL
2020-02-17 11:00:00,1.08469,1.08481,1.0836,1.08393,0,SELL
2020-02-17 12:00:00,1.08392,1.0842,1.08354,1.08364,0,SELL
2020-02-17 13:00:00,1.08366,1.08408,1.08322,1.0836,0,SELL
2020-02-17 14:00:00,1.08362,1.08414,1.08351,1.08389,0,SELL
2020-02-17 15:00:00,1.08388,1.08401,1.08295,1.08297,0,SELL
2020-02-17 16:00:00,1.08298,1.0838,1.08293,1.08374,0,SELL
2020-02-17 17:00:00,1.08374,1.084,1.08318,1.08321,0,SELL
2020-02-17 18:00:00,1.08323,1.0835,1.08302,1.0833,0,SELL
2020-02-17 19:00:00,1.08331,1.08358,1.08311,1.08339,0,SELL
2020-02-17 20:00:00,1.08337,1.08348,1.08317,1.08334,0,SELL
2020-02-17 21:00:00,1.08335,1.08374,1.08325,1.08351,0,SELL
2020-02-17 22:00:00,1.08355,1.08375,1.08342,1.08368,0,SELL
2020-02-17 23:00:00,1.08366,1.08372,1.08352,1.08368,0,SELL
2020-02-18 00:00:00,1.08366,1.08368,1.0825,1.0826,0,SELL
2020-02-18 01:00:00,1.0826,1.08288,1.0823,1.08278,0,SELL
2020-02-18 02:00:00,1.08276,1.08292,1.08235,1.08284,0,SELL
2020-02-18 03:00:00,1.08282,1.0834,1.08281,1.08326,0,SELL
2020-02-18 04:00:00,1.08328,1.08332,1.08301,1.08302,0,SELL
2020-02-18 05:00:00,1.08302,1.08322,1.08302,1.08312,0,SELL
2020-02-18 06:00:00,1.08314,1.08369,1.08286,1.083,0,SELL
2020-02-18 07:00:00,1.08301,1.08373,1.08298,1.0833,0,SELL
2020-02-18 08:00:00,1.08331,1.08352,1.0825,1.08264,0,SELL
2020-02-18 09:00:00,1.08265,1.08316,1.08247,1.08276,0,SELL
2020-02-18 10:00:00,1.08275,1.08371,1.08215,1.08268,0,SELL
2020-02-18 11:00:00,1.08269,1.08359,1.08246,1.08246,0,SELL
2020-02-18 12:00:00,1.08247,1.0825,1.08126,1.08142,0,SELL
2020-02-18 13:00:00,1.08144,1.0817,1.07936,1.08024,0,SELL
2020-02-18 14:00:00,1.08025,1.08082,1.07855,1.08079,0,SELL
2020-02-18 15:00:00,1.08077,1.0826,1.08076,1.0823,0,SELL
2020-02-18 16:00:00,1.08228,1.0824,1.0812,1.08148,0,SELL
2020-02-18 17:00:00,1.08149,1.08149,1.08027,1.08043,0,SELL
2020-02-18 18:00:00,1.08041,1.08044,1.07995,1.08002,0,SELL
2020-02-18 19:00:00,1.08001,1.08019,1.0793,1.0794,0,SELL
2020-02-18 20:00:00,1.0794,1.0797,1.07909,1.0796,0,SELL
2020-02-18 21:00:00,1.07959,1.07962,1.07898,1.07916,0,SELL
2020-02-18 22:00:00,1.07923,1.07957,1.07914,1.07944,0,SELL
2020-02-18 23:00:00,1.07942,1.07971,1.0792,1.07945,0,SELL
2020-02-19 00:00:00,1.07941,1.07994,1.07926,1.07982,0,SELL
2020-02-19 01:00:00,1.07982,1.08038,1.07973,1.0802,0,SELL
2020-02-19 02:00:00,1.08022,1.0803,1.07986,1.07989,0,SELL
2020-02-19 03:00:00,1.07991,1.08018,1.07986,1.0799,0,SELL
2020-02-19 04:00:00,1.07988,1.07992,1.07958,1.07974,0,SELL
2020-02-19 05:00:00,1.07973,1.07976,1.07942,1.07956,0,SELL
2020-02-19 06:00:00,1.07956,1.07988,1.07914,1.07982,0,SELL
2020-02-19 07:00:00,1.07982,1.08046,1.07964,1.0802,0,SELL
2020-02-19 08:00:00,1.0802,1.08072,1.07965,1.0804,0,SELL
2020-02-19 09:00:00,1.08041,1.0808,1.07992,1.08032,0,SELL
2020-02-19 10:00:00,1.0803,1.08061,1.07988,1.08007,0,SELL
2020-02-19 11:00:00,1.08008,1.08018,1.07846,1.07917,0,SELL
2020-02-19 12:00:00,1.07918,1.08038,1.07907,1.0801,0,SELL
2020-02-19 13:00:00,1.08008,1.08013,1.07902,1.07934,0,SELL
2020-02-19 14:00:00,1.07936,1.07938,1.07836,1.07871,0,SELL
2020-02-19 15:00:00,1.07872,1.07948,1.07822,1.07914,0,SELL
2020-02-19 16:00:00,1.07912,1.07988,1.07871,1.07934,0,SELL
2020-02-19 17:00:00,1.07932,1.07958,1.07861,1.0792,0,SELL
2020-02-19 18:00:00,1.07918,1.07988,1.07902,1.07984,0,SELL
2020-02-19 19:00:00,1.07982,1.0801,1.07925,1.07964,0,SELL
2020-02-19 20:00:00,1.07965,1.08101,1.07957,1.08101,0,SELL
2020-02-19 21:00:00,1.08102,1.08118,1.08064,1.08064,0,SELL
2020-02-19 22:00:00,1.08056,1.08092,1.08048,1.08083,0,SELL
2020-02-19 23:00:00,1.0808,1.0811,1.08072,1.08098,0,SELL
2020-02-20 00:00:00,1.08096,1.08152,1.08046,1.08112,0,SELL
2020-02-20 01:00:00,1.08113,1.08132,1.07978,1.08002,0,SELL
2020-02-20 02:00:00,1.08004,1.08022,1.07926,1.07928,0,SELL
2020-02-20 03:00:00,1.07928,1.08002,1.07918,1.07971,0,SELL
2020-02-20 04:00:00,1.07972,1.07987,1.07962,1.07987,0,SELL
2020-02-20 05:00:00,1.07989,1.07992,1.0796,1.07966,0,SELL
2020-02-20 06:00:00,1.07968,1.07974,1.07871,1.07883,0,SELL
2020-02-20 07:00:00,1.07884,1.07928,1.0778,1.07906,0,SELL
2020-02-20 08:00:00,1.07908,1.07982,1.07848,1.0797,0,SELL
2020-02-20 09:00:00,1.07968,1.08062,1.0794,1.07999,0,SELL
2020-02-20 10:00:00,1.07998,1.08018,1.07904,1.07925,0,SELL
2020-02-20 11:00:00,1.07926,1.07976,1.07876,1.07964,0,SELL
2020-02-20 12:00:00,1.07966,1.07974,1.07859,1.07882,0,SELL
2020-02-20 13:00:00,1.07884,1.08052,1.07878,1.08046,0,SELL
2020-02-20 14:00:00,1.08047,1.08212,1.08038,1.0817,0,SELL
2020-02-20 15:00:00,1.08172,1.08199,1.08005,1.08024,0,SELL
2020-02-20 16:00:00,1.08024,1.08076,1.07829,1.07969,0,SELL
2020-02-20 17:00:00,1.07968,1.08028,1.0793,1.07932,0,SELL
2020-02-20 18:00:00,1.07932,1.07972,1.0791,1.07936,0,SELL
2020-02-20 19:00:00,1.07937,1.0795,1.07866,1.07896,0,SELL
2020-02-20 20:00:00,1.07897,1.07906,1.07849,1.07898,0,SELL
2020-02-20 21:00:00,1.07897,1.07897,1.0783,1.07848,0,SELL
2020-02-20 22:00:00,1.07848,1.07896,1.07848,1.07872,0,SELL
2020-02-20 23:00:00,1.0787,1.0789,1.07848,1.07877,0,SELL
2020-02-21 00:00:00,1.07878,1.07918,1.07872,1.07904,0,SELL
2020-02-21 01:00:00,1.07906,1.07937,1.07896,1.07929,0,SELL
2020-02-21 02:00:00,1.07928,1.07936,1.07876,1.07898,0,SELL
2020-02-21 03:00:00,1.07898,1.07924,1.07892,1.07904,0,SELL
2020-02-21 04:00:00,1.07902,1.0795,1.07894,1.07948,0,SELL
2020-02-21 05:00:00,1.07946,1.0795,1.07921,1.07932,0,SELL
2020-02-21 06:00:00,1.07932,1.07947,1.07896,1.07904,0,SELL
2020-02-21 07:00:00,1.07906,1.07987,1.079,1.07962,0,SELL
2020-02-21 08:00:00,1.07962,1.08202,1.07905,1.0814,0,SELL
2020-02-21 09:00:00,1.08139,1.08198,1.08089,1.08096,0,SELL
2020-02-21 10:00:00,1.08097,1.08108,1.07963,1.07998,1,BUY
2020-02-21 11:00:00,1.08,1.08068,1.07954,1.08063,1,BUY
2020-02-21 12:00:00,1.08062,1.08062,1.07962,1.07966,1,BUY
2020-02-21 13:00:00,1.07968,1.08124,1.07968,1.08094,1,BUY
2020-02-21 14:00:00,1.08092,1.08463,1.08012,1.08371,1,BUY
2020-02-21 15:00:00,1.0837,1.08636,1.0837,1.08528,1,BUY
2020-02-21 16:00:00,1.08529,1.08636,1.08488,1.08544,1,BUY
2020-02-21 17:00:00,1.08546,1.08608,1.08539,1.08576,1,BUY
2020-02-21 18:00:00,1.08575,1.08616,1.08544,1.08564,1,BUY
2020-02-21 19:00:00,1.08565,1.08582,1.08528,1.08579,1,BUY
2020-02-21 20:00:00,1.08578,1.08579,1.08478,1.08492,1,BUY
2020-02-21 21:00:00,1.0849,1.08525,1.08468,1.08474,1,BUY
2020-02-23 22:00:00,1.08149,1.08354,1.08149,1.08297,1,BUY
2020-02-23 23:00:00,1.083,1.0842,1.08292,1.08386,1,BUY
2020-02-24 00:00:00,1.08387,1.08424,1.08288,1.08314,1,BUY
2020-02-24 01:00:00,1.08313,1.08324,1.08246,1.08282,1,BUY
2020-02-24 02:00:00,1.08284,1.08299,1.08227,1.08227,1,BUY
2020-02-24 03:00:00,1.08228,1.08244,1.08218,1.08222,1,BUY
2020-02-24 04:00:00,1.08224,1.08228,1.08192,1.08214,0,SELL
2020-02-24 05:00:00,1.08212,1.0822,1.0815,1.08151,0,SELL
2020-02-24 06:00:00,1.08151,1.08207,1.08151,1.08165,0,SELL
2020-02-24 07:00:00,1.08166,1.08196,1.08051,1.08172,0,SELL
2020-02-24 08:00:00,1.08174,1.08286,1.08153,1.08268,0,SELL
2020-02-24 09:00:00,1.0827,1.08419,1.08138,1.08158,0,SELL
2020-02-24 10:00:00,1.08158,1.0826,1.0813,1.0816,0,SELL
2020-02-24 11:00:00,1.08158,1.08252,1.08136,1.08208,0,SELL
2020-02-24 12:00:00,1.0821,1.08282,1.08162,1.08184,0,SELL
2020-02-24 13:00:00,1.08186,1.08223,1.08132,1.08148,0,SELL
2020-02-24 14:00:00,1.08149,1.08528,1.08141,1.0849,0,SELL
2020-02-24 15:00:00,1.08492,1.0861,1.08464,1.08559,1,BUY
2020-02-24 16:00:00,1.0856,1.08641,1.08458,1.08561,1,BUY
2020-02-24 17:00:00,1.0856,1.08719,1.08532,1.08709,1,BUY
2020-02-24 18:00:00,1.0871,1.08721,1.0861,1.0864,1,BUY
2020-02-24 19:00:00,1.0864,1.08642,1.08416,1.08432,1,BUY
2020-02-24 20:00:00,1.08431,1.08569,1.08414,1.08525,1,BUY
2020-02-24 21:00:00,1.08526,1.08556,1.08502,1.08542,1,BUY
2020-02-24 22:00:00,1.08528,1.08558,1.08511,1.08524,1,BUY
2020-02-24 23:00:00,1.08528,1.08542,1.08486,1.08487,1,BUY
2020-02-25 00:00:00,1.08488,1.08531,1.08486,1.08518,1,BUY
2020-02-25 01:00:00,1.0852,1.08599,1.08451,1.08586,1,BUY
2020-02-25 02:00:00,1.08588,1.08647,1.08583,1.08636,1,BUY
2020-02-25 03:00:00,1.08634,1.08676,1.08628,1.08629,1,BUY
2020-02-25 04:00:00,1.08628,1.08631,1.08604,1.08608,1,BUY
2020-02-25 05:00:00,1.0861,1.0861,1.0851,1.08512,1,BUY
2020-02-25 06:00:00,1.08512,1.08576,1.08494,1.08519,1,BUY
2020-02-25 07:00:00,1.0852,1.0859,1.08476,1.08534,1,BUY
2020-02-25 08:00:00,1.08536,1.0866,1.08502,1.08636,1,BUY
2020-02-25 09:00:00,1.08636,1.08661,1.08487,1.08506,1,BUY
2020-02-25 10:00:00,1.08505,1.08506,1.08349,1.08381,1,BUY
2020-02-25 11:00:00,1.08382,1.08406,1.08302,1.0837,1,BUY
2020-02-25 12:00:00,1.08371,1.08382,1.08302,1.08362,0,SELL
2020-02-25 13:00:00,1.08363,1.08498,1.08358,1.0841,0,SELL
2020-02-25 14:00:00,1.08409,1.08459,1.08321,1.08362,0,SELL
2020-02-25 15:00:00,1.08364,1.08668,1.08336,1.08646,0,SELL
2020-02-25 16:00:00,1.08647,1.08827,1.08624,1.08682,1,BUY
2020-02-25 17:00:00,1.08683,1.08828,1.08666,1.08828,1,BUY
2020-02-25 18:00:00,1.08828,1.08828,1.08721,1.0877,1,BUY
2020-02-25 19:00:00,1.0877,1.08904,1.08732,1.08816,1,BUY
2020-02-25 20:00:00,1.08814,1.08864,1.08756,1.08823,1,BUY
2020-02-25 21:00:00,1.08824,1.08864,1.08804,1.08813,1,BUY
2020-02-25 22:00:00,1.08813,1.08835,1.08786,1.0881,1,BUY
2020-02-25 23:00:00,1.08808,1.08808,1.08767,1.08798,1,BUY
2020-02-26 00:00:00,1.08796,1.08796,1.08675,1.087,1,BUY
2020-02-26 01:00:00,1.08698,1.08748,1.08692,1.0874,1,BUY
2020-02-26 02:00:00,1.0874,1.08743,1.08625,1.08684,1,BUY
2020-02-26 03:00:00,1.08683,1.08704,1.08652,1.08666,1,BUY
2020-02-26 04:00:00,1.08666,1.0869,1.08658,1.08676,1,BUY
2020-02-26 05:00:00,1.08677,1.08786,1.08676,1.08762,1,BUY
2020-02-26 06:00:00,1.08762,1.08776,1.08704,1.08747,1,BUY
2020-02-26 07:00:00,1.08746,1.08758,1.08655,1.0871,1,BUY
2020-02-26 08:00:00,1.08712,1.08977,1.08712,1.08918,1,BUY
2020-02-26 09:00:00,1.08918,1.08967,1.08845,1.08891,1,BUY
2020-02-26 10:00:00,1.0889,1.08901,1.0873,1.08866,1,BUY
2020-02-26 11:00:00,1.08866,1.08898,1.08736,1.08845,1,BUY
2020-02-26 12:00:00,1.08846,1.0909,1.08688,1.08694,1,BUY
2020-02-26 13:00:00,1.08696,1.08756,1.08565,1.08655,1,BUY
2020-02-26 14:00:00,1.08656,1.08748,1.08551,1.08598,1,BUY
2020-02-26 15:00:00,1.086,1.08754,1.0857,1.08666,1,BUY
2020-02-26 16:00:00,1.08666,1.08916,1.08642,1.08865,1,BUY
2020-02-26 17:00:00,1.08864,1.08942,1.08782,1.08788,1,BUY
2020-02-26 18:00:00,1.08789,1.08905,1.08748,1.08815,1,BUY
2020-02-26 19:00:00,1.08816,1.09,1.08796,1.08997,1,BUY
2020-02-26 20:00:00,1.08996,1.08996,1.08834,1.08848,1,BUY
2020-02-26 21:00:00,1.0885,1.08857,1.0877,1.08804,1,BUY
2020-02-26 22:00:00,1.08833,1.08858,1.08791,1.08833,1,BUY
2020-02-26 23:00:00,1.0883,1.08867,1.08798,1.08864,1,BUY
2020-02-27 00:00:00,1.08866,1.09129,1.08849,1.0898,1,BUY
2020-02-27 01:00:00,1.08982,1.09016,1.08954,1.09013,1,BUY
2020-02-27 02:00:00,1.09014,1.09146,1.09011,1.09106,1,BUY
2020-02-27 03:00:00,1.09104,1.09104,1.09044,1.09054,1,BUY
2020-02-27 04:00:00,1.09056,1.09136,1.09032,1.09126,1,BUY
2020-02-27 05:00:00,1.09125,1.09148,1.09063,1.09076,1,BUY
2020-02-27 06:00:00,1.09076,1.0918,1.09059,1.09111,1,BUY
2020-02-27 07:00:00,1.0911,1.09224,1.09082,1.09215,1,BUY
2020-02-27 08:00:00,1.09214,1.0948,1.0919,1.0948,1,BUY
2020-02-27 09:00:00,1.09478,1.09479,1.09321,1.09352,1,BUY
2020-02-27 10:00:00,1.09351,1.09445,1.09329,1.09398,1,BUY
2020-02-27 11:00:00,1.09397,1.0948,1.09348,1.09454,1,BUY
2020-02-27 12:00:00,1.09454,1.09677,1.0942,1.09645,1,BUY
2020-02-27 13:00:00,1.09646,1.09778,1.09591,1.09766,1,BUY
2020-02-27 14:00:00,1.09768,1.09852,1.09629,1.0977,1,BUY
2020-02-27 15:00:00,1.09772,1.10066,1.09726,1.09842,1,BUY
2020-02-27 16:00:00,1.09842,1.09894,1.09705,1.09758,1,BUY
2020-02-27 17:00:00,1.0976,1.09798,1.09648,1.09796,1,BUY
2020-02-27 18:00:00,1.09796,1.09949,1.09781,1.09888,1,BUY
2020-02-27 19:00:00,1.0989,1.09951,1.09855,1.09874,1,BUY
2020-02-27 20:00:00,1.09873,1.09951,1.09808,1.0993,1,BUY
2020-02-27 21:00:00,1.09929,1.10034,1.09877,1.1001,1,BUY
2020-02-27 22:00:00,1.09998,1.10052,1.09998,1.10028,1,BUY
2020-02-27 23:00:00,1.1003,1.10046,1.09962,1.09965,1,BUY
2020-02-28 00:00:00,1.09966,1.10052,1.09948,1.09966,1,BUY
2020-02-28 01:00:00,1.09968,1.09968,1.09859,1.0988,1,BUY
2020-02-28 02:00:00,1.0988,1.09913,1.09824,1.09863,1,BUY
2020-02-28 03:00:00,1.09864,1.09938,1.09843,1.09869,1,BUY
2020-02-28 04:00:00,1.0987,1.09974,1.09857,1.09943,1,BUY
2020-02-28 05:00:00,1.09942,1.10046,1.09924,1.10002,1,BUY
2020-02-28 06:00:00,1.10002,1.10082,1.09988,1.10012,1,BUY
2020-02-28 07:00:00,1.10014,1.10045,1.09914,1.09956,1,BUY
2020-02-28 08:00:00,1.09958,1.10341,1.09952,1.10341,1,BUY
2020-02-28 09:00:00,1.1034,1.10532,1.10291,1.10448,1,BUY
2020-02-28 10:00:00,1.10446,1.1045,1.1026,1.10342,1,BUY
2020-02-28 11:00:00,1.1034,1.10423,1.09862,1.09938,1,BUY
2020-02-28 12:00:00,1.09938,1.10002,1.09852,1.09872,1,BUY
2020-02-28 13:00:00,1.09874,1.09931,1.09684,1.09869,1,BUY
2020-02-28 14:00:00,1.0987,1.09884,1.0951,1.09664,1,BUY
2020-02-28 15:00:00,1.09662,1.09902,1.09548,1.09843,1,BUY
2020-02-28 16:00:00,1.09844,1.10078,1.09788,1.10004,1,BUY
2020-02-28 17:00:00,1.10002,1.10089,1.09952,1.10013,1,BUY
2020-02-28 18:00:00,1.10012,1.10058,1.09903,1.10006,1,BUY
2020-02-28 19:00:00,1.10004,1.1033,1.09909,1.10289,1,BUY
2020-02-28 20:00:00,1.1029,1.10462,1.10254,1.10379,1,BUY
2020-02-28 21:00:00,1.10378,1.1043,1.1024,1.10277,1,BUY
2020-03-01 22:00:00,1.10446,1.10486,1.10396,1.10467,1,BUY
2020-03-01 23:00:00,1.10471,1.1074,1.1047,1.10518,1,BUY
2020-03-02 00:00:00,1.1052,1.1064,1.10364,1.10634,1,BUY
2020-03-02 01:00:00,1.10636,1.1065,1.10522,1.10566,1,BUY
2020-03-02 02:00:00,1.10568,1.10635,1.10552,1.10568,1,BUY
2020-03-02 03:00:00,1.10568,1.10622,1.10518,1.10527,1,BUY
2020-03-02 04:00:00,1.10526,1.10588,1.10479,1.10528,1,BUY
2020-03-02 05:00:00,1.10527,1.10528,1.1042,1.10433,1,BUY
2020-03-02 06:00:00,1.10433,1.10484,1.10384,1.1042,1,BUY
2020-03-02 07:00:00,1.10418,1.10786,1.10396,1.10634,1,BUY
2020-03-02 08:00:00,1.10636,1.10931,1.10602,1.10846,1,BUY
2020-03-02 09:00:00,1.10846,1.10868,1.1063,1.10796,1,BUY
2020-03-02 10:00:00,1.10796,1.10927,1.10774,1.1085,1,BUY
2020-03-02 11:00:00,1.10848,1.11196,1.10818,1.11187,1,BUY
2020-03-02 12:00:00,1.11188,1.11283,1.10997,1.11123,1,BUY
2020-03-02 13:00:00,1.11124,1.11648,1.11092,1.1122,1,BUY
2020-03-02 14:00:00,1.11221,1.11374,1.11079,1.11256,1,BUY
2020-03-02 15:00:00,1.11258,1.11466,1.11121,1.11312,1,BUY
2020-03-02 16:00:00,1.1131,1.11652,1.11247,1.11632,1,BUY
2020-03-02 17:00:00,1.11631,1.11848,1.11612,1.11797,1,BUY
2020-03-02 18:00:00,1.11796,1.11837,1.1162,1.11636,1,BUY
2020-03-02 19:00:00,1.11638,1.11666,1.11563,1.11639,1,BUY
2020-03-02 20:00:00,1.11638,1.11638,1.1127,1.11356,1,BUY
2020-03-02 21:00:00,1.11354,1.11404,1.11238,1.11327,1,BUY
2020-03-02 22:00:00,1.11334,1.11391,1.11278,1.11388,1,BUY
2020-03-02 23:00:00,1.11385,1.11478,1.11382,1.11444,1,BUY
2020-03-03 00:00:00,1.11446,1.1145,1.11323,1.11326,1,BUY
2020-03-03 01:00:00,1.11328,1.11382,1.11204,1.11322,1,BUY
2020-03-03 02:00:00,1.11321,1.11463,1.11288,1.11406,1,BUY
2020-03-03 03:00:00,1.11406,1.11418,1.11332,1.11346,1,BUY
2020-03-03 04:00:00,1.11344,1.11556,1.11327,1.11446,1,BUY
2020-03-03 05:00:00,1.11446,1.1151,1.11425,1.11451,1,BUY
2020-03-03 06:00:00,1.1145,1.11512,1.11422,1.11456,1,BUY
2020-03-03 07:00:00,1.11458,1.11472,1.11152,1.11202,1,BUY
2020-03-03 08:00:00,1.11204,1.11316,1.11068,1.11104,1,BUY
2020-03-03 09:00:00,1.11106,1.11294,1.11002,1.11268,1,BUY
2020-03-03 10:00:00,1.11266,1.1139,1.11102,1.11126,1,BUY
2020-03-03 11:00:00,1.11128,1.11198,1.11064,1.11138,1,BUY
2020-03-03 12:00:00,1.11137,1.11344,1.11046,1.11178,1,BUY
2020-03-03 13:00:00,1.1118,1.11252,1.10954,1.11192,1,BUY
2020-03-03 14:00:00,1.11193,1.11289,1.11156,1.11256,1,BUY
2020-03-03 15:00:00,1.11258,1.12139,1.11258,1.118,1,BUY
2020-03-03 16:00:00,1.11799,1.11814,1.1141,1.11748,1,BUY
2020-03-03 17:00:00,1.11746,1.11774,1.11472,1.1159,1,BUY
2020-03-03 18:00:00,1.11591,1.11874,1.11585,1.1185,1,BUY
2020-03-03 19:00:00,1.1185,1.11952,1.11741,1.1176,1,BUY
2020-03-03 20:00:00,1.11761,1.11842,1.11716,1.11806,1,BUY
2020-03-03 21:00:00,1.11805,1.11824,1.11675,1.11728,1,BUY
2020-03-03 22:00:00,1.11728,1.11782,1.11688,1.11706,1,BUY
2020-03-03 23:00:00,1.11711,1.11853,1.11711,1.11766,1,BUY
2020-03-04 00:00:00,1.11768,1.11799,1.11686,1.11728,1,BUY
2020-03-04 01:00:00,1.11729,1.11746,1.11622,1.11664,1,BUY
2020-03-04 02:00:00,1.11666,1.11712,1.11614,1.11655,1,BUY
2020-03-04 03:00:00,1.11653,1.11668,1.11598,1.1161,1,BUY
2020-03-04 04:00:00,1.1161,1.11634,1.11554,1.11612,1,BUY
2020-03-04 05:00:00,1.11612,1.11638,1.11564,1.1157,1,BUY
2020-03-04 06:00:00,1.1157,1.11586,1.11434,1.11535,1,BUY
2020-03-04 07:00:00,1.11534,1.116,1.11449,1.11596,1,BUY
2020-03-04 08:00:00,1.11594,1.11876,1.11586,1.11651,1,BUY
2020-03-04 09:00:00,1.11649,1.11727,1.1152,1.11569,1,BUY
2020-03-04 10:00:00,1.11567,1.11672,1.11362,1.11366,1,BUY
2020-03-04 11:00:00,1.11368,1.11549,1.11366,1.11476,1,BUY
2020-03-04 12:00:00,1.11477,1.1148,1.11096,1.1112,1,BUY
2020-03-04 13:00:00,1.11122,1.11329,1.11122,1.11254,0,SELL
2020-03-04 14:00:00,1.11255,1.11272,1.10955,1.11184,0,SELL
2020-03-04 15:00:00,1.1118,1.11425,1.11004,1.11394,0,SELL
2020-03-04 16:00:00,1.11395,1.11454,1.11224,1.11292,0,SELL
2020-03-04 17:00:00,1.11291,1.11332,1.11194,1.11236,0,SELL
2020-03-04 18:00:00,1.11236,1.11374,1.11234,1.11316,0,SELL
2020-03-04 19:00:00,1.11318,1.11423,1.11288,1.1139,0,SELL
2020-03-04 20:00:00,1.11392,1.11423,1.11318,1.11372,0,SELL
2020-03-04 21:00:00,1.11372,1.11383,1.11309,1.11356,1,BUY
2020-03-04 22:00:00,1.11362,1.11362,1.11313,1.11336,1,BUY
2020-03-04 23:00:00,1.11338,1.11399,1.11331,1.11383,1,BUY
2020-03-05 00:00:00,1.11385,1.11427,1.11329,1.11376,1,BUY
2020-03-05 01:00:00,1.11378,1.11385,1.11338,1.1137,1,BUY
2020-03-05 02:00:00,1.1137,1.11432,1.1137,1.1142,1,BUY
2020-03-05 03:00:00,1.11421,1.11437,1.11374,1.11384,1,BUY
2020-03-05 04:00:00,1.11384,1.11392,1.11359,1.11386,1,BUY
2020-03-05 05:00:00,1.11384,1.11402,1.1134,1.11347,1,BUY
2020-03-05 06:00:00,1.11346,1.1139,1.11314,1.11328,1,BUY
2020-03-05 07:00:00,1.11329,1.11396,1.11196,1.11232,0,SELL
2020-03-05 08:00:00,1.11233,1.11401,1.11218,1.11372,0,SELL
2020-03-05 09:00:00,1.1137,1.11742,1.11321,1.11734,1,BUY
2020-03-05 10:00:00,1.11733,1.11776,1.11628,1.11701,1,BUY
2020-03-05 11:00:00,1.117,1.11838,1.11566,1.11833,1,BUY
2020-03-05 12:00:00,1.11832,1.12002,1.11794,1.11886,1,BUY
2020-03-05 13:00:00,1.11887,1.11988,1.11794,1.11868,1,BUY
2020-03-05 14:00:00,1.11866,1.12014,1.11779,1.11908,1,BUY
2020-03-05 15:00:00,1.11906,1.11972,1.1167,1.11878,1,BUY
2020-03-05 16:00:00,1.1188,1.12052,1.11792,1.12018,1,BUY
2020-03-05 17:00:00,1.1202,1.12167,1.11844,1.12142,1,BUY
2020-03-05 18:00:00,1.12143,1.1218,1.11976,1.11997,1,BUY
2020-03-05 19:00:00,1.11996,1.1204,1.1192,1.12005,1,BUY
2020-03-05 20:00:00,1.12004,1.123,1.11938,1.12282,1,BUY
2020-03-05 21:00:00,1.12284,1.1245,1.12248,1.12362,1,BUY
2020-03-05 22:00:00,1.12399,1.12399,1.1228,1.12314,1,BUY
2020-03-05 23:00:00,1.12316,1.12386,1.12224,1.12226,1,BUY
2020-03-06 00:00:00,1.12226,1.12282,1.12116,1.12203,1,BUY
2020-03-06 01:00:00,1.12201,1.12464,1.12188,1.12457,1,BUY
2020-03-06 02:00:00,1.12458,1.12488,1.12303,1.1232,1,BUY
2020-03-06 03:00:00,1.12322,1.12343,1.12262,1.12337,1,BUY
2020-03-06 04:00:00,1.12336,1.12391,1.12298,1.12309,1,BUY
2020-03-06 05:00:00,1.12307,1.12366,1.12282,1.12285,1,BUY
2020-03-06 06:00:00,1.12286,1.12372,1.12192,1.12282,1,BUY
2020-03-06 07:00:00,1.1228,1.12379,1.12238,1.12343,1,BUY
2020-03-06 08:00:00,1.12342,1.12786,1.1229,1.12724,1,BUY
2020-03-06 09:00:00,1.12725,1.12956,1.12682,1.1294,1,BUY
2020-03-06 10:00:00,1.12941,1.13243,1.12929,1.13165,1,BUY
2020-03-06 11:00:00,1.13166,1.13408,1.13116,1.13326,1,BUY
2020-03-06 12:00:00,1.13324,1.13324,1.13054,1.13162,1,BUY
2020-03-06 13:00:00,1.13164,1.13379,1.13055,1.13228,1,BUY
2020-03-06 14:00:00,1.13229,1.13548,1.1318,1.13492,1,BUY
2020-03-06 15:00:00,1.13494,1.13547,1.12874,1.131,1,BUY
2020-03-06 16:00:00,1.13099,1.13304,1.13058,1.13194,1,BUY
2020-03-06 17:00:00,1.13196,1.1328,1.12883,1.13054,1,BUY
2020-03-06 18:00:00,1.13056,1.13116,1.12906,1.12986,1,BUY
2020-03-06 19:00:00,1.12984,1.1319,1.12938,1.13178,1,BUY
2020-03-06 20:00:00,1.13178,1.1326,1.13008,1.13061,1,BUY
2020-03-06 21:00:00,1.1306,1.13113,1.12835,1.12839,1,BUY
2020-03-08 21:00:00,1.1351,1.13569,1.13356,1.13517,1,BUY
2020-03-08 22:00:00,1.13511,1.13954,1.13401,1.1387,1,BUY
2020-03-08 23:00:00,1.13872,1.13964,1.13668,1.13878,1,BUY
2020-03-09 00:00:00,1.13876,1.13876,1.1359,1.13599,1,BUY
2020-03-09 01:00:00,1.13601,1.14963,1.1356,1.14284,1,BUY
2020-03-09 02:00:00,1.14286,1.14612,1.13864,1.13982,1,BUY
2020-03-09 03:00:00,1.13984,1.14276,1.13712,1.14165,1,BUY
2020-03-09 04:00:00,1.14162,1.14234,1.13977,1.14012,1,BUY
2020-03-09 05:00:00,1.14011,1.14253,1.13812,1.1382,1,BUY
2020-03-09 06:00:00,1.13819,1.14094,1.13817,1.13999,1,BUY
2020-03-09 07:00:00,1.14005,1.14756,1.14004,1.14388,1,BUY
2020-03-09 08:00:00,1.1439,1.14402,1.139,1.14024,1,BUY
2020-03-09 09:00:00,1.14023,1.14066,1.13655,1.13915,1,BUY
2020-03-09 10:00:00,1.13913,1.14392,1.13902,1.14242,1,BUY
2020-03-09 11:00:00,1.14244,1.14296,1.14092,1.1425,1,BUY
2020-03-09 12:00:00,1.14251,1.14388,1.1403,1.14358,1,BUY
2020-03-09 13:00:00,1.14357,1.14847,1.13763,1.1401,1,BUY
2020-03-09 14:00:00,1.14008,1.1447,1.13998,1.14346,1,BUY
2020-03-09 15:00:00,1.14348,1.14464,1.14121,1.14198,1,BUY
2020-03-09 16:00:00,1.14199,1.14735,1.14141,1.14708,1,BUY
2020-03-09 17:00:00,1.14707,1.1479,1.14432,1.14628,1,BUY
2020-03-09 18:00:00,1.1463,1.14732,1.14273,1.14616,1,BUY
2020-03-09 19:00:00,1.14614,1.14666,1.1436,1.14525,1,BUY
2020-03-09 20:00:00,1.14524,1.1466,1.14336,1.144,1,BUY
2020-03-09 21:00:00,1.144,1.14567,1.14211,1.14534,1,BUY
2020-03-09 22:00:00,1.1453,1.14584,1.14342,1.14384,1,BUY
2020-03-09 23:00:00,1.14386,1.1439,1.1395,1.13994,1,BUY
2020-03-10 00:00:00,1.13992,1.14254,1.1377,1.13854,1,BUY
2020-03-10 01:00:00,1.13852,1.1414,1.13719,1.14069,1,BUY
2020-03-10 02:00:00,1.1407,1.14142,1.13972,1.14096,1,BUY
2020-03-10 03:00:00,1.14098,1.14146,1.13893,1.13951,1,BUY
2020-03-10 04:00:00,1.13949,1.13992,1.13742,1.13753,1,BUY
2020-03-10 05:00:00,1.13755,1.13768,1.13323,1.13415,1,BUY
2020-03-10 06:00:00,1.13414,1.13738,1.13388,1.13408,0,SELL
2020-03-10 07:00:00,1.13406,1.13868,1.13379,1.13818,0,SELL
2020-03-10 08:00:00,1.1382,1.14014,1.1358,1.13602,0,SELL
2020-03-10 09:00:00,1.13604,1.13733,1.13434,1.13515,0,SELL
2020-03-10 10:00:00,1.13517,1.13571,1.1336,1.13533,0,SELL
2020-03-10 11:00:00,1.13532,1.13664,1.13456,1.136,0,SELL
2020-03-10 12:00:00,1.13602,1.13898,1.13546,1.13802,0,SELL
2020-03-10 13:00:00,1.138,1.13944,1.13666,1.13722,0,SELL
2020-03-10 14:00:00,1.1372,1.1377,1.13502,1.13709,0,SELL
2020-03-10 15:00:00,1.13708,1.1386,1.13372,1.13418,0,SELL
2020-03-10 16:00:00,1.13416,1.13588,1.12966,1.13061,0,SELL
2020-03-10 17:00:00,1.13059,1.13277,1.13032,1.13162,0,SELL
2020-03-10 18:00:00,1.1316,1.13311,1.12858,1.12944,0,SELL
2020-03-10 19:00:00,1.12942,1.13025,1.12749,1.13004,0,SELL
2020-03-10 20:00:00,1.13005,1.13074,1.12792,1.12808,0,SELL
2020-03-10 21:00:00,1.12808,1.12961,1.12781,1.12932,0,SELL
2020-03-10 22:00:00,1.12936,1.131,1.12876,1.13089,0,SELL
2020-03-10 23:00:00,1.13087,1.13235,1.13002,1.13141,0,SELL
2020-03-11 00:00:00,1.13142,1.13256,1.13018,1.13187,0,SELL
2020-03-11 01:00:00,1.13188,1.13286,1.13098,1.1324,0,SELL
2020-03-11 02:00:00,1.13242,1.13284,1.13162,1.13246,0,SELL
2020-03-11 03:00:00,1.13248,1.13386,1.13194,1.13295,0,SELL
2020-03-11 04:00:00,1.13294,1.13388,1.13282,1.13376,0,SELL
2020-03-11 05:00:00,1.13377,1.13518,1.13374,1.1351,0,SELL
2020-03-11 06:00:00,1.13508,1.13654,1.13442,1.13638,0,SELL
2020-03-11 07:00:00,1.1364,1.13667,1.1327,1.13288,0,SELL
2020-03-11 08:00:00,1.13286,1.13334,1.13093,1.13134,0,SELL
2020-03-11 09:00:00,1.13133,1.13336,1.13015,1.1304,0,SELL
2020-03-11 10:00:00,1.13039,1.13291,1.13038,1.1327,0,SELL
2020-03-11 11:00:00,1.13272,1.13391,1.1323,1.13291,0,SELL
2020-03-11 12:00:00,1.13292,1.13516,1.13256,1.13391,0,SELL
2020-03-11 13:00:00,1.13392,1.1352,1.13309,1.1345,0,SELL
2020-03-11 14:00:00,1.13448,1.13485,1.13068,1.1307,0,SELL
2020-03-11 15:00:00,1.13069,1.13092,1.12575,1.12802,0,SELL
2020-03-11 16:00:00,1.128,1.12809,1.12604,1.12687,0,SELL
2020-03-11 17:00:00,1.12686,1.12886,1.12667,1.12847,0,SELL
2020-03-11 18:00:00,1.12846,1.1288,1.12718,1.12817,0,SELL
2020-03-11 19:00:00,1.12818,1.12829,1.12688,1.12729,0,SELL
2020-03-11 20:00:00,1.12728,1.12798,1.12686,1.12697,0,SELL
2020-03-11 21:00:00,1.12697,1.12697,1.12511,1.12605,0,SELL
2020-03-11 22:00:00,1.12601,1.12666,1.12547,1.1259,0,SELL
2020-03-11 23:00:00,1.12591,1.12631,1.12544,1.12616,0,SELL
2020-03-12 00:00:00,1.12614,1.12764,1.12596,1.12716,0,SELL
2020-03-12 01:00:00,1.12715,1.13338,1.12666,1.13194,0,SELL
2020-03-12 02:00:00,1.13192,1.13319,1.13059,1.13213,0,SELL
2020-03-12 03:00:00,1.13212,1.13212,1.13078,1.1313,0,SELL
2020-03-12 04:00:00,1.13131,1.13134,1.12856,1.1296,0,SELL
2020-03-12 05:00:00,1.12962,1.12992,1.12914,1.12932,0,SELL
2020-03-12 06:00:00,1.12932,1.12977,1.12856,1.12926,0,SELL
2020-03-12 07:00:00,1.12928,1.13198,1.12892,1.13119,0,SELL
2020-03-12 08:00:00,1.13117,1.1313,1.1254,1.12676,0,SELL
2020-03-12 09:00:00,1.12678,1.12779,1.12374,1.12445,0,SELL
2020-03-12 10:00:00,1.12446,1.12458,1.12274,1.12337,0,SELL
2020-03-12 11:00:00,1.12336,1.1243,1.12116,1.12373,0,SELL
2020-03-12 12:00:00,1.12374,1.13015,1.11981,1.12157,0,SELL
2020-03-12 13:00:00,1.12155,1.12536,1.12108,1.12392,0,SELL
2020-03-12 14:00:00,1.1239,1.1239,1.11312,1.11446,0,SELL
2020-03-12 15:00:00,1.11448,1.11488,1.10804,1.10819,0,SELL
2020-03-12 16:00:00,1.10818,1.11644,1.10554,1.1146,0,SELL
2020-03-12 17:00:00,1.11458,1.11964,1.11444,1.11856,0,SELL
2020-03-12 18:00:00,1.11858,1.12168,1.11634,1.11776,0,SELL
2020-03-12 19:00:00,1.11778,1.12021,1.11708,1.11808,0,SELL
2020-03-12 20:00:00,1.1181,1.12264,1.11603,1.11858,0,SELL
2020-03-12 21:00:00,1.11858,1.12088,1.1162,1.11682,0,SELL
2020-03-12 22:00:00,1.1169,1.11872,1.1168,1.11767,0,SELL
2020-03-12 23:00:00,1.1177,1.11888,1.11752,1.11826,0,SELL
2020-03-13 00:00:00,1.11828,1.1183,1.11524,1.11667,0,SELL
2020-03-13 01:00:00,1.1167,1.11886,1.1166,1.11868,0,SELL
2020-03-13 02:00:00,1.11866,1.12076,1.11768,1.12072,0,SELL
2020-03-13 03:00:00,1.1207,1.12179,1.11901,1.12136,0,SELL
2020-03-13 04:00:00,1.12138,1.12213,1.12051,1.12191,0,SELL
2020-03-13 05:00:00,1.12189,1.12206,1.1195,1.12026,0,SELL
2020-03-13 06:00:00,1.12024,1.12096,1.11904,1.11986,0,SELL
2020-03-13 07:00:00,1.11988,1.12086,1.11624,1.1182,0,SELL
2020-03-13 08:00:00,1.11818,1.12144,1.11759,1.12077,0,SELL
2020-03-13 09:00:00,1.12075,1.12078,1.1161,1.11652,0,SELL
2020-03-13 10:00:00,1.11654,1.11732,1.11533,1.11593,0,SELL
2020-03-13 11:00:00,1.11592,1.11755,1.11396,1.1155,0,SELL
2020-03-13 12:00:00,1.11548,1.11866,1.11093,1.11102,0,SELL
2020-03-13 13:00:00,1.11103,1.11274,1.11034,1.11242,0,SELL
2020-03-13 14:00:00,1.1124,1.11334,1.1098,1.1108,0,SELL
2020-03-13 15:00:00,1.11079,1.11202,1.10662,1.10698,0,SELL
2020-03-13 16:00:00,1.10699,1.10878,1.1055,1.1081,0,SELL
2020-03-13 17:00:00,1.10812,1.1107,1.10577,1.10811,0,SELL
2020-03-13 18:00:00,1.10809,1.11021,1.1063,1.10687,0,SELL
2020-03-13 19:00:00,1.10685,1.11151,1.10577,1.11135,0,SELL
2020-03-13 20:00:00,1.11133,1.11174,1.10806,1.11054,0,SELL
2020-03-15 21:00:00,1.10692,1.11996,1.10692,1.11909,0,SELL
2020-03-15 22:00:00,1.11914,1.1199,1.11411,1.11582,0,SELL
2020-03-15 23:00:00,1.11586,1.11944,1.11513,1.11572,0,SELL
2020-03-16 00:00:00,1.11568,1.11693,1.11166,1.1118,0,SELL
2020-03-16 01:00:00,1.11182,1.11222,1.10854,1.11022,0,SELL
2020-03-16 02:00:00,1.11024,1.11082,1.10888,1.11032,0,SELL
2020-03-16 03:00:00,1.1103,1.11291,1.10911,1.11246,0,SELL
2020-03-16 04:00:00,1.11244,1.11337,1.11096,1.11334,0,SELL
2020-03-16 05:00:00,1.11332,1.11346,1.11084,1.11184,0,SELL
2020-03-16 06:00:00,1.11187,1.1154,1.11172,1.11402,0,SELL
2020-03-16 07:00:00,1.11404,1.11819,1.11286,1.1177,0,SELL
2020-03-16 08:00:00,1.11772,1.12296,1.1168,1.1226,0,SELL
2020-03-16 09:00:00,1.12261,1.12367,1.119,1.1193,0,SELL
2020-03-16 10:00:00,1.11929,1.12086,1.11424,1.11657,0,SELL
2020-03-16 11:00:00,1.11658,1.11866,1.11507,1.11863,0,SELL
2020-03-16 12:00:00,1.11865,1.12007,1.11546,1.1166,0,SELL
2020-03-16 13:00:00,1.11662,1.11686,1.11099,1.11493,0,SELL
2020-03-16 14:00:00,1.11491,1.11596,1.11014,1.11024,0,SELL
2020-03-16 15:00:00,1.11023,1.11454,1.10944,1.11372,0,SELL
2020-03-16 16:00:00,1.1137,1.11634,1.11364,1.11616,0,SELL
2020-03-16 17:00:00,1.11614,1.11778,1.11457,1.11593,0,SELL
2020-03-16 18:00:00,1.11592,1.11776,1.11513,1.11701,0,SELL
2020-03-16 19:00:00,1.11702,1.11758,1.11524,1.11756,0,SELL
2020-03-16 20:00:00,1.11758,1.11864,1.11676,1.11827,0,SELL
2020-03-16 21:00:00,1.11827,1.11837,1.11601,1.11794,0,SELL
2020-03-16 22:00:00,1.11799,1.11806,1.11656,1.11684,0,SELL
2020-03-16 23:00:00,1.11686,1.11764,1.11585,1.11636,0,SELL
2020-03-17 00:00:00,1.11634,1.11726,1.11596,1.11712,0,SELL
2020-03-17 01:00:00,1.1171,1.11734,1.11603,1.11694,0,SELL
2020-03-17 02:00:00,1.11696,1.11894,1.11655,1.11738,0,SELL
2020-03-17 03:00:00,1.11736,1.11859,1.11686,1.11794,0,SELL
2020-03-17 04:00:00,1.11792,1.11856,1.11758,1.11794,0,SELL
2020-03-17 05:00:00,1.11795,1.11815,1.11682,1.11687,0,SELL
2020-03-17 06:00:00,1.11686,1.11745,1.11575,1.11604,0,SELL
2020-03-17 07:00:00,1.11606,1.11616,1.11288,1.11378,0,SELL
2020-03-17 08:00:00,1.11379,1.11454,1.11102,1.1111,0,SELL
2020-03-17 09:00:00,1.11108,1.11191,1.10925,1.10938,0,SELL
2020-03-17 10:00:00,1.10936,1.10952,1.10253,1.10282,0,SELL
2020-03-17 11:00:00,1.1028,1.10392,1.1,1.10128,0,SELL
2020-03-17 12:00:00,1.10127,1.10179,1.09732,1.09887,0,SELL
2020-03-17 13:00:00,1.09888,1.1011,1.09768,1.0995,0,SELL
2020-03-17 14:00:00,1.09949,1.10154,1.09548,1.09709,0,SELL
2020-03-17 15:00:00,1.09711,1.09924,1.09581,1.09711,0,SELL
2020-03-17 16:00:00,1.09713,1.09992,1.0964,1.09662,0,SELL
2020-03-17 17:00:00,1.09664,1.09895,1.09586,1.09884,0,SELL
2020-03-17 18:00:00,1.09883,1.10207,1.09804,1.10004,0,SELL
2020-03-17 19:00:00,1.10005,1.10125,1.09836,1.10018,0,SELL
2020-03-17 20:00:00,1.10019,1.10108,1.0989,1.0997,0,SELL
2020-03-17 21:00:00,1.0997,1.10127,1.09964,1.10076,0,SELL
2020-03-17 22:00:00,1.1008,1.1023,1.1008,1.1016,0,SELL
2020-03-17 23:00:00,1.10162,1.10224,1.10112,1.10164,0,SELL
2020-03-18 00:00:00,1.10166,1.10174,1.09911,1.09927,0,SELL
2020-03-18 01:00:00,1.09925,1.10091,1.0985,1.10006,0,SELL
2020-03-18 02:00:00,1.10003,1.10196,1.09992,1.1011,0,SELL
2020-03-18 03:00:00,1.10112,1.10282,1.1011,1.10278,0,SELL
2020-03-18 04:00:00,1.10276,1.10331,1.10247,1.10308,0,SELL
2020-03-18 05:00:00,1.10306,1.10453,1.10306,1.10392,0,SELL
2020-03-18 06:00:00,1.10392,1.10393,1.10028,1.10035,0,SELL
2020-03-18 07:00:00,1.10037,1.10187,1.09662,1.09686,0,SELL
2020-03-18 08:00:00,1.09684,1.09932,1.09556,1.09728,0,SELL
2020-03-18 09:00:00,1.09726,1.10166,1.09716,1.09955,0,SELL
2020-03-18 10:00:00,1.09958,1.10178,1.09916,1.10002,0,SELL
2020-03-18 11:00:00,1.10001,1.10054,1.09682,1.09774,0,SELL
2020-03-18 12:00:00,1.09775,1.0985,1.09282,1.09304,0,SELL
2020-03-18 13:00:00,1.09306,1.0947,1.08946,1.09084,0,SELL
2020-03-18 14:00:00,1.09086,1.09285,1.08626,1.0868,0,SELL
2020-03-18 15:00:00,1.08678,1.08781,1.08308,1.08329,0,SELL
2020-03-18 16:00:00,1.08327,1.08512,1.08074,1.08092,0,SELL
2020-03-18 17:00:00,1.08091,1.08527,1.08018,1.08478,0,SELL
2020-03-18 18:00:00,1.0848,1.08886,1.08202,1.08727,0,SELL
2020-03-18 19:00:00,1.08729,1.09004,1.08532,1.08988,0,SELL
2020-03-18 20:00:00,1.08986,1.09193,1.08972,1.09158,0,SELL
2020-03-18 21:00:00,1.09153,1.09179,1.09086,1.09132,0,SELL
2020-03-18 22:00:00,1.09136,1.09352,1.09028,1.09336,0,SELL
2020-03-18 23:00:00,1.09339,1.09817,1.09321,1.09448,0,SELL
2020-03-19 00:00:00,1.0945,1.09498,1.08986,1.09011,0,SELL
2020-03-19 01:00:00,1.09009,1.09204,1.08862,1.09092,0,SELL
2020-03-19 02:00:00,1.0909,1.09188,1.08782,1.08814,0,SELL
2020-03-19 03:00:00,1.08817,1.09126,1.08797,1.08978,0,SELL
2020-03-19 04:00:00,1.08976,1.09066,1.08869,1.08966,0,SELL
2020-03-19 05:00:00,1.08968,1.09075,1.08946,1.09017,0,SELL
2020-03-19 06:00:00,1.09017,1.09477,1.08996,1.09248,0,SELL
2020-03-19 07:00:00,1.0925,1.09364,1.08452,1.0848,0,SELL
2020-03-19 08:00:00,1.08482,1.089,1.08136,1.08376,0,SELL
2020-03-19 09:00:00,1.08372,1.08691,1.08191,1.0824,0,SELL
2020-03-19 10:00:00,1.08241,1.08266,1.07829,1.0783,0,SELL
2020-03-19 11:00:00,1.07832,1.08059,1.07322,1.07495,0,SELL
2020-03-19 12:00:00,1.07494,1.08402,1.07259,1.07989,0,SELL
2020-03-19 13:00:00,1.07986,1.08346,1.07831,1.08041,0,SELL
2020-03-19 14:00:00,1.08043,1.08186,1.07822,1.07951,0,SELL
2020-03-19 15:00:00,1.07952,1.08006,1.06954,1.06994,0,SELL
2020-03-19 16:00:00,1.06996,1.07158,1.06606,1.06632,0,SELL
2020-03-19 17:00:00,1.06634,1.0705,1.06551,1.06842,0,SELL
2020-03-19 18:00:00,1.0684,1.06985,1.06579,1.06679,0,SELL
2020-03-19 19:00:00,1.06681,1.06922,1.06606,1.06797,0,SELL
2020-03-19 20:00:00,1.06795,1.07059,1.06756,1.06926,0,SELL
2020-03-19 21:00:00,1.06922,1.07,1.0655,1.06606,0,SELL
2020-03-19 22:00:00,1.06602,1.06708,1.06554,1.06654,0,SELL
2020-03-19 23:00:00,1.06657,1.06688,1.06547,1.06548,0,SELL
2020-03-20 00:00:00,1.0655,1.06739,1.06527,1.06643,0,SELL
2020-03-20 01:00:00,1.06645,1.07442,1.0663,1.07196,0,SELL
2020-03-20 02:00:00,1.07193,1.07497,1.07094,1.07352,0,SELL
2020-03-20 03:00:00,1.07354,1.07443,1.07167,1.07355,0,SELL
2020-03-20 04:00:00,1.07353,1.07649,1.07275,1.07649,0,SELL
2020-03-20 05:00:00,1.07651,1.07692,1.0742,1.0753,0,SELL
2020-03-20 06:00:00,1.07532,1.07802,1.0742,1.07598,0,SELL
2020-03-20 07:00:00,1.07601,1.08312,1.07436,1.08146,0,SELL
2020-03-20 08:00:00,1.08148,1.08148,1.0775,1.07874,0,SELL
2020-03-20 09:00:00,1.07876,1.07908,1.07146,1.0721,0,SELL
2020-03-20 10:00:00,1.07212,1.07584,1.07062,1.0737,0,SELL
2020-03-20 11:00:00,1.07372,1.074,1.06966,1.0711,0,SELL
2020-03-20 12:00:00,1.07112,1.07606,1.0701,1.07096,0,SELL
2020-03-20 13:00:00,1.07094,1.07206,1.06779,1.06934,0,SELL
2020-03-20 14:00:00,1.0693,1.07499,1.06912,1.07202,0,SELL
2020-03-20 15:00:00,1.07204,1.07484,1.06638,1.06842,0,SELL
2020-03-20 16:00:00,1.06838,1.07136,1.06544,1.06608,0,SELL
2020-03-20 17:00:00,1.0661,1.0695,1.06533,1.06669,0,SELL
2020-03-20 18:00:00,1.06668,1.0668,1.06386,1.06547,0,SELL
2020-03-20 19:00:00,1.0655,1.06729,1.06377,1.06662,0,SELL
2020-03-20 20:00:00,1.0666,1.07037,1.0663,1.06964,0,SELL
2020-03-22 21:00:00,1.07077,1.07098,1.06941,1.06979,0,SELL
2020-03-22 22:00:00,1.06971,1.07055,1.0636,1.06594,0,SELL
2020-03-22 23:00:00,1.06592,1.07038,1.06588,1.06893,0,SELL
2020-03-23 00:00:00,1.0689,1.0706,1.06584,1.06789,0,SELL
2020-03-23 01:00:00,1.06786,1.07211,1.06696,1.07178,0,SELL
2020-03-23 02:00:00,1.07176,1.073,1.07126,1.07294,0,SELL
2020-03-23 03:00:00,1.07292,1.07302,1.0712,1.07143,0,SELL
2020-03-23 04:00:00,1.07144,1.07374,1.07144,1.07358,0,SELL
2020-03-23 05:00:00,1.07357,1.07562,1.07284,1.07502,0,SELL
2020-03-23 06:00:00,1.075,1.07688,1.0716,1.07478,0,SELL
2020-03-23 07:00:00,1.07481,1.07541,1.06896,1.0693,0,SELL
2020-03-23 08:00:00,1.06932,1.07102,1.06894,1.07078,0,SELL
2020-03-23 09:00:00,1.07077,1.0708,1.06738,1.06836,0,SELL
2020-03-23 10:00:00,1.06837,1.06998,1.06673,1.06918,0,SELL
2020-03-23 11:00:00,1.06919,1.06988,1.06664,1.06856,0,SELL
2020-03-23 12:00:00,1.06854,1.08024,1.06836,1.0779,0,SELL
2020-03-23 13:00:00,1.07789,1.08068,1.07348,1.07936,0,SELL
2020-03-23 14:00:00,1.07934,1.08284,1.07659,1.08044,0,SELL
2020-03-23 15:00:00,1.08046,1.08124,1.07511,1.07588,0,SELL
2020-03-23 16:00:00,1.07591,1.07694,1.07239,1.07502,0,SELL
2020-03-23 17:00:00,1.07501,1.07804,1.07476,1.07508,0,SELL
2020-03-23 18:00:00,1.0751,1.07544,1.07239,1.07304,0,SELL
2020-03-23 19:00:00,1.07306,1.07496,1.07236,1.07258,0,SELL
2020-03-23 20:00:00,1.07259,1.07382,1.072,1.07264,0,SELL
2020-03-23 21:00:00,1.07264,1.07329,1.0723,1.07263,0,SELL
2020-03-23 22:00:00,1.07268,1.07518,1.07253,1.0746,0,SELL
2020-03-23 23:00:00,1.07463,1.07658,1.0744,1.07635,0,SELL
2020-03-24 00:00:00,1.07638,1.08108,1.0752,1.07961,0,SELL
2020-03-24 01:00:00,1.07962,1.08229,1.07877,1.0794,0,SELL
2020-03-24 02:00:00,1.07938,1.08184,1.07916,1.08115,1,BUY
2020-03-24 03:00:00,1.08113,1.0817,1.07925,1.08008,1,BUY
2020-03-24 04:00:00,1.08006,1.08091,1.0787,1.0789,1,BUY
2020-03-24 05:00:00,1.07888,1.07986,1.07757,1.07789,1,BUY
2020-03-24 06:00:00,1.07791,1.08662,1.07778,1.08347,1,BUY
2020-03-24 07:00:00,1.08349,1.0847,1.08214,1.08302,1,BUY
2020-03-24 08:00:00,1.083,1.0848,1.08078,1.08254,1,BUY
2020-03-24 09:00:00,1.08256,1.08584,1.08144,1.0854,1,BUY
2020-03-24 10:00:00,1.08539,1.08846,1.08491,1.08818,1,BUY
2020-03-24 11:00:00,1.0882,1.0888,1.08494,1.08652,1,BUY
2020-03-24 12:00:00,1.08654,1.08686,1.0812,1.08224,1,BUY
2020-03-24 13:00:00,1.08226,1.08538,1.07884,1.08126,1,BUY
2020-03-24 14:00:00,1.08128,1.08205,1.07692,1.07846,1,BUY
2020-03-24 15:00:00,1.07848,1.08026,1.07704,1.07952,1,BUY
2020-03-24 16:00:00,1.07953,1.08212,1.07758,1.07906,0,SELL
2020-03-24 17:00:00,1.07908,1.0793,1.07532,1.07566,0,SELL
2020-03-24 18:00:00,1.07568,1.07728,1.07504,1.07588,0,SELL
2020-03-24 19:00:00,1.07586,1.07742,1.0746,1.07716,0,SELL
2020-03-24 20:00:00,1.07714,1.07994,1.07658,1.07886,0,SELL
2020-03-24 21:00:00,1.07886,1.07903,1.0766,1.07864,0,SELL
2020-03-24 22:00:00,1.0786,1.08151,1.07816,1.0812,0,SELL
2020-03-24 23:00:00,1.08122,1.08151,1.07974,1.07984,0,SELL
2020-03-25 00:00:00,1.07986,1.08025,1.07605,1.07873,0,SELL
2020-03-25 01:00:00,1.07871,1.08089,1.07844,1.0807,0,SELL
2020-03-25 02:00:00,1.08071,1.0824,1.07992,1.08236,1,BUY
2020-03-25 03:00:00,1.08235,1.08236,1.0807,1.08094,1,BUY
2020-03-25 04:00:00,1.08092,1.08138,1.08035,1.0812,1,BUY
2020-03-25 05:00:00,1.08118,1.08182,1.07924,1.08168,1,BUY
2020-03-25 06:00:00,1.0817,1.08234,1.08068,1.08166,1,BUY
2020-03-25 07:00:00,1.08168,1.08406,1.08056,1.08071,1,BUY
2020-03-25 08:00:00,1.0807,1.08431,1.07931,1.08336,1,BUY
2020-03-25 09:00:00,1.08338,1.08495,1.08282,1.08432,1,BUY
2020-03-25 10:00:00,1.08434,1.08482,1.08054,1.08062,1,BUY
2020-03-25 11:00:00,1.0806,1.08285,1.07997,1.08108,1,BUY
2020-03-25 12:00:00,1.0811,1.08264,1.07996,1.082,1,BUY
2020-03-25 13:00:00,1.08198,1.08324,1.07972,1.07988,1,BUY
2020-03-25 14:00:00,1.07987,1.08155,1.0797,1.08054,0,SELL
2020-03-25 15:00:00,1.08056,1.08384,1.07851,1.0835,0,SELL
2020-03-25 16:00:00,1.08352,1.08574,1.08274,1.085,1,BUY
2020-03-25 17:00:00,1.08499,1.08693,1.08408,1.08608,1,BUY
2020-03-25 18:00:00,1.08606,1.08814,1.08565,1.08668,1,BUY
2020-03-25 19:00:00,1.0867,1.08894,1.08665,1.08839,1,BUY
2020-03-25 20:00:00,1.0884,1.0894,1.08793,1.08822,1,BUY
2020-03-25 21:00:00,1.08822,1.08847,1.08734,1.08816,1,BUY
2020-03-25 22:00:00,1.08822,1.08904,1.08702,1.08813,1,BUY
2020-03-25 23:00:00,1.08815,1.08896,1.0878,1.08884,1,BUY
2020-03-26 00:00:00,1.08886,1.09339,1.08748,1.09215,1,BUY
2020-03-26 01:00:00,1.09214,1.09218,1.09008,1.0907,1,BUY
2020-03-26 02:00:00,1.09072,1.09148,1.08922,1.09146,1,BUY
2020-03-26 03:00:00,1.09147,1.09198,1.09089,1.09172,1,BUY
2020-03-26 04:00:00,1.09174,1.09194,1.09065,1.09065,1,BUY
2020-03-26 05:00:00,1.09063,1.09198,1.09053,1.09089,1,BUY
2020-03-26 06:00:00,1.09089,1.09154,1.08969,1.09012,1,BUY
2020-03-26 07:00:00,1.09009,1.0929,1.08982,1.09252,1,BUY
2020-03-26 08:00:00,1.0925,1.09447,1.09155,1.0938,1,BUY
2020-03-26 09:00:00,1.09378,1.09511,1.09261,1.09464,1,BUY
2020-03-26 10:00:00,1.09462,1.09572,1.09376,1.09538,1,BUY
2020-03-26 11:00:00,1.09539,1.09784,1.09536,1.09596,1,BUY
2020-03-26 12:00:00,1.09598,1.0977,1.09276,1.09724,1,BUY
2020-03-26 13:00:00,1.09722,1.09898,1.0949,1.09751,1,BUY
2020-03-26 14:00:00,1.09752,1.09927,1.09532,1.09918,1,BUY
2020-03-26 15:00:00,1.09916,1.10286,1.0986,1.10247,1,BUY
2020-03-26 16:00:00,1.10246,1.10448,1.10082,1.10435,1,BUY
2020-03-26 17:00:00,1.10437,1.10444,1.10198,1.10241,1,BUY
2020-03-26 18:00:00,1.1024,1.10431,1.10184,1.10424,1,BUY
2020-03-26 19:00:00,1.10422,1.10541,1.10258,1.10536,1,BUY
2020-03-26 20:00:00,1.10535,1.10588,1.1031,1.10325,1,BUY
2020-03-26 21:00:00,1.10325,1.1033,1.10238,1.103,1,BUY
2020-03-26 22:00:00,1.10295,1.10412,1.10233,1.10354,1,BUY
2020-03-26 23:00:00,1.10356,1.10591,1.10355,1.10478,1,BUY
2020-03-27 00:00:00,1.10479,1.10486,1.10252,1.10377,1,BUY
2020-03-27 01:00:00,1.10378,1.1049,1.10306,1.1031,1,BUY
2020-03-27 02:00:00,1.10308,1.10648,1.10282,1.10643,1,BUY
2020-03-27 03:00:00,1.10641,1.1087,1.10586,1.10794,1,BUY
2020-03-27 04:00:00,1.10792,1.10792,1.10582,1.10583,1,BUY
2020-03-27 05:00:00,1.10584,1.10738,1.10552,1.10728,1,BUY
2020-03-27 06:00:00,1.10728,1.1074,1.10356,1.10478,1,BUY
2020-03-27 07:00:00,1.10476,1.10545,1.10086,1.10217,1,BUY
2020-03-27 08:00:00,1.10218,1.10408,1.1001,1.10118,1,BUY
2020-03-27 09:00:00,1.10119,1.10191,1.09934,1.10022,1,BUY
2020-03-27 10:00:00,1.10024,1.10199,1.09908,1.10158,1,BUY
2020-03-27 11:00:00,1.10156,1.10315,1.10043,1.10061,1,BUY
2020-03-27 12:00:00,1.10062,1.1014,1.09762,1.09862,1,BUY
2020-03-27 13:00:00,1.0986,1.09878,1.09536,1.0982,1,BUY
2020-03-27 14:00:00,1.09822,1.10103,1.09794,1.10061,1,BUY
2020-03-27 15:00:00,1.1006,1.10597,1.10001,1.10589,1,BUY
2020-03-27 16:00:00,1.1059,1.10916,1.10528,1.10784,1,BUY
2020-03-27 17:00:00,1.10782,1.11023,1.10642,1.10983,1,BUY
2020-03-27 18:00:00,1.10982,1.1122,1.10911,1.11182,1,BUY
2020-03-27 19:00:00,1.1118,1.11296,1.1114,1.11228,1,BUY
2020-03-27 20:00:00,1.1123,1.11476,1.11202,1.11415,1,BUY
2020-03-29 21:00:00,1.11194,1.11316,1.11094,1.11231,1,BUY
2020-03-29 22:00:00,1.11236,1.11296,1.11072,1.11102,1,BUY
2020-03-29 23:00:00,1.11104,1.11448,1.11056,1.11368,1,BUY
2020-03-30 00:00:00,1.1137,1.11386,1.10905,1.11052,1,BUY
2020-03-30 01:00:00,1.1105,1.11178,1.10922,1.1096,1,BUY
2020-03-30 02:00:00,1.10961,1.1097,1.10856,1.10935,1,BUY
2020-03-30 03:00:00,1.10934,1.10934,1.10795,1.10804,1,BUY
2020-03-30 04:00:00,1.10802,1.10866,1.10688,1.10816,1,BUY
2020-03-30 05:00:00,1.10814,1.11024,1.10704,1.11008,1,BUY
2020-03-30 06:00:00,1.11006,1.11062,1.10607,1.10624,1,BUY
2020-03-30 07:00:00,1.10626,1.10888,1.10608,1.10829,1,BUY
2020-03-30 08:00:00,1.1083,1.10919,1.10676,1.10918,1,BUY
2020-03-30 09:00:00,1.10916,1.1096,1.1065,1.10696,1,BUY
2020-03-30 10:00:00,1.10697,1.10733,1.10562,1.10676,1,BUY
2020-03-30 11:00:00,1.10677,1.10714,1.10456,1.10606,1,BUY
2020-03-30 12:00:00,1.10608,1.10626,1.10128,1.10154,1,BUY
2020-03-30 13:00:00,1.10152,1.10363,1.101,1.10318,1,BUY
2020-03-30 14:00:00,1.10316,1.10438,1.10194,1.10296,0,SELL
2020-03-30 15:00:00,1.10295,1.1046,1.10113,1.1017,0,SELL
2020-03-30 16:00:00,1.10169,1.10251,1.10111,1.10197,0,SELL
2020-03-30 17:00:00,1.10196,1.1024,1.10116,1.10186,0,SELL
2020-03-30 18:00:00,1.10184,1.10422,1.10168,1.10268,0,SELL
2020-03-30 19:00:00,1.10269,1.10534,1.10256,1.1053,0,SELL
2020-03-30 20:00:00,1.10532,1.10558,1.10366,1.10464,0,SELL
2020-03-30 21:00:00,1.10464,1.10535,1.10205,1.10486,0,SELL
2020-03-30 22:00:00,1.10481,1.10513,1.10398,1.10418,1,BUY
2020-03-30 23:00:00,1.1042,1.1042,1.10247,1.10292,1,BUY
2020-03-31 00:00:00,1.10294,1.1043,1.0984,1.10132,1,BUY
2020-03-31 01:00:00,1.10134,1.10254,1.10008,1.10164,0,SELL
2020-03-31 02:00:00,1.10165,1.1032,1.10118,1.10264,0,SELL
2020-03-31 03:00:00,1.10262,1.10332,1.10189,1.10266,0,SELL
2020-03-31 04:00:00,1.10265,1.10278,1.10141,1.10164,0,SELL
2020-03-31 05:00:00,1.10165,1.10206,1.10078,1.10187,0,SELL
2020-03-31 06:00:00,1.10186,1.10252,1.0991,1.10016,0,SELL
2020-03-31 07:00:00,1.10015,1.10066,1.09912,1.09965,0,SELL
2020-03-31 08:00:00,1.09967,1.10027,1.09784,1.09792,0,SELL
2020-03-31 09:00:00,1.0979,1.09902,1.0967,1.09764,0,SELL
2020-03-31 10:00:00,1.09762,1.09802,1.09479,1.09488,0,SELL
2020-03-31 11:00:00,1.0949,1.096,1.09267,1.09521,0,SELL
2020-03-31 12:00:00,1.09519,1.09793,1.09441,1.09722,0,SELL
2020-03-31 13:00:00,1.0972,1.09764,1.09533,1.09536,0,SELL
2020-03-31 14:00:00,1.09538,1.09947,1.09427,1.0971,0,SELL
2020-03-31 15:00:00,1.09712,1.10274,1.09679,1.10144,0,SELL
2020-03-31 16:00:00,1.10142,1.10183,1.09676,1.09711,0,SELL
2020-03-31 17:00:00,1.09709,1.10097,1.09649,1.10024,0,SELL
2020-03-31 18:00:00,1.10022,1.10214,1.09959,1.10198,0,SELL
2020-03-31 19:00:00,1.102,1.10322,1.1003,1.1032,0,SELL
2020-03-31 20:00:00,1.10318,1.10372,1.10168,1.10336,1,BUY
2020-03-31 21:00:00,1.10336,1.10387,1.10298,1.10302,1,BUY
2020-03-31 22:00:00,1.10306,1.10368,1.10228,1.1023,1,BUY
2020-03-31 23:00:00,1.10232,1.10376,1.1023,1.10262,1,BUY
2020-04-01 00:00:00,1.10264,1.10364,1.10223,1.10315,1,BUY
2020-04-01 01:00:00,1.10317,1.10332,1.10093,1.10154,1,BUY
2020-04-01 02:00:00,1.10152,1.10286,1.10062,1.10248,1,BUY
2020-04-01 03:00:00,1.10246,1.10312,1.10162,1.10196,1,BUY
2020-04-01 04:00:00,1.10194,1.10292,1.10154,1.10168,0,SELL
2020-04-01 05:00:00,1.10166,1.10334,1.10156,1.10246,0,SELL
2020-04-01 06:00:00,1.10244,1.10268,1.09816,1.0983,0,SELL
2020-04-01 07:00:00,1.09831,1.09922,1.09584,1.09597,0,SELL
2020-04-01 08:00:00,1.09595,1.09682,1.09312,1.0957,0,SELL
2020-04-01 09:00:00,1.09568,1.09594,1.09168,1.09336,0,SELL
2020-04-01 10:00:00,1.09334,1.09466,1.09308,1.0943,0,SELL
2020-04-01 11:00:00,1.09428,1.09491,1.09271,1.0941,0,SELL
2020-04-01 12:00:00,1.09408,1.09426,1.09208,1.09298,0,SELL
2020-04-01 13:00:00,1.09299,1.09338,1.09205,1.09302,0,SELL
2020-04-01 14:00:00,1.093,1.09419,1.09186,1.09212,0,SELL
2020-04-01 15:00:00,1.09213,1.09424,1.09168,1.09331,0,SELL
2020-04-01 16:00:00,1.0933,1.09379,1.09222,1.09254,0,SELL
2020-04-01 17:00:00,1.09252,1.09256,1.09028,1.09198,0,SELL
2020-04-01 18:00:00,1.092,1.09402,1.0919,1.09296,0,SELL
2020-04-01 19:00:00,1.09294,1.0958,1.09288,1.09479,0,SELL
2020-04-01 20:00:00,1.09478,1.09698,1.09465,1.09632,0,SELL
2020-04-01 21:00:00,1.09632,1.09684,1.09426,1.09463,0,SELL
2020-04-01 22:00:00,1.09467,1.09596,1.09464,1.09562,0,SELL
2020-04-01 23:00:00,1.09564,1.09564,1.0946,1.09516,0,SELL
2020-04-02 00:00:00,1.09517,1.0953,1.09389,1.09429,0,SELL
2020-04-02 01:00:00,1.09428,1.09592,1.09407,1.09407,0,SELL
2020-04-02 02:00:00,1.09405,1.09454,1.09329,1.09344,0,SELL
2020-04-02 03:00:00,1.09345,1.09401,1.09305,1.0939,0,SELL
2020-04-02 04:00:00,1.09389,1.09452,1.09348,1.09441,0,SELL
2020-04-02 05:00:00,1.09442,1.09503,1.0941,1.09462,0,SELL
2020-04-02 06:00:00,1.09464,1.09648,1.09341,1.09366,0,SELL
2020-04-02 07:00:00,1.09364,1.0953,1.09319,1.09325,0,SELL
2020-04-02 08:00:00,1.09324,1.09349,1.09148,1.0919,0,SELL
2020-04-02 09:00:00,1.09192,1.09399,1.09147,1.0935,0,SELL
2020-04-02 10:00:00,1.09349,1.09377,1.09144,1.092,0,SELL
2020-04-02 11:00:00,1.09202,1.09293,1.09082,1.09136,0,SELL
2020-04-02 12:00:00,1.09135,1.09154,1.0875,1.08796,0,SELL
2020-04-02 13:00:00,1.08794,1.08825,1.08405,1.08518,0,SELL
2020-04-02 14:00:00,1.08517,1.09004,1.08438,1.08625,0,SELL
2020-04-02 15:00:00,1.08624,1.08814,1.08444,1.08617,0,SELL
2020-04-02 16:00:00,1.08618,1.08738,1.08371,1.08416,0,SELL
2020-04-02 17:00:00,1.08418,1.08486,1.08257,1.08262,0,SELL
2020-04-02 18:00:00,1.08264,1.08516,1.08208,1.08516,0,SELL
2020-04-02 19:00:00,1.08515,1.0858,1.08416,1.08496,0,SELL
2020-04-02 20:00:00,1.08498,1.08668,1.08453,1.08576,0,SELL
2020-04-02 21:00:00,1.0858,1.08648,1.08547,1.08561,0,SELL
2020-04-02 22:00:00,1.08567,1.08588,1.08502,1.08502,0,SELL
2020-04-02 23:00:00,1.08504,1.08511,1.08421,1.0846,0,SELL
2020-04-03 00:00:00,1.08462,1.08462,1.08332,1.08426,0,SELL
2020-04-03 01:00:00,1.08424,1.08555,1.08395,1.08536,0,SELL
2020-04-03 02:00:00,1.08535,1.08552,1.08482,1.08544,0,SELL
2020-04-03 03:00:00,1.08542,1.08546,1.08396,1.08456,0,SELL
2020-04-03 04:00:00,1.08455,1.08484,1.08368,1.08439,0,SELL
2020-04-03 05:00:00,1.08438,1.08514,1.08387,1.08475,0,SELL
2020-04-03 06:00:00,1.08474,1.08474,1.08238,1.08277,0,SELL
2020-04-03 07:00:00,1.08278,1.08312,1.07876,1.07904,0,SELL
2020-04-03 08:00:00,1.07905,1.08066,1.07872,1.07984,0,SELL
2020-04-03 09:00:00,1.07985,1.08142,1.07869,1.08132,0,SELL
2020-04-03 10:00:00,1.08133,1.08161,1.08002,1.08012,0,SELL
2020-04-03 11:00:00,1.08012,1.0804,1.07844,1.0789,0,SELL
2020-04-03 12:00:00,1.07892,1.08064,1.07753,1.07766,0,SELL
2020-04-03 13:00:00,1.07767,1.07983,1.07754,1.0789,0,SELL
2020-04-03 14:00:00,1.07888,1.0806,1.07728,1.07977,0,SELL
2020-04-03 15:00:00,1.07976,1.08095,1.07815,1.07979,0,SELL
2020-04-03 16:00:00,1.07978,1.07982,1.07784,1.07872,0,SELL
2020-04-03 17:00:00,1.07874,1.0801,1.07822,1.07984,0,SELL
2020-04-03 18:00:00,1.07985,1.08162,1.07963,1.08107,0,SELL
2020-04-03 19:00:00,1.08106,1.08283,1.08083,1.08094,0,SELL
2020-04-03 20:00:00,1.08096,1.08181,1.08021,1.08056,0,SELL
2020-04-05 21:00:00,1.0809,1.08202,1.0809,1.08132,0,SELL
2020-04-05 22:00:00,1.08122,1.08222,1.0803,1.0818,0,SELL
2020-04-05 23:00:00,1.08182,1.08192,1.08043,1.08055,0,SELL
2020-04-06 00:00:00,1.08058,1.08236,1.07992,1.08146,0,SELL
2020-04-06 01:00:00,1.08144,1.08214,1.08132,1.08172,0,SELL
2020-04-06 02:00:00,1.08174,1.08185,1.08059,1.0812,0,SELL
2020-04-06 03:00:00,1.08122,1.0822,1.0811,1.08148,0,SELL
2020-04-06 04:00:00,1.0815,1.08235,1.08104,1.08148,0,SELL
2020-04-06 05:00:00,1.0815,1.08356,1.08122,1.08263,0,SELL
2020-04-06 06:00:00,1.08262,1.08262,1.08088,1.08098,0,SELL
2020-04-06 07:00:00,1.081,1.0831,1.0807,1.08178,0,SELL
2020-04-06 08:00:00,1.08176,1.08176,1.07832,1.0793,0,SELL
2020-04-06 09:00:00,1.07932,1.08129,1.079,1.0812,0,SELL
2020-04-06 10:00:00,1.08121,1.08182,1.07996,1.08004,0,SELL
2020-04-06 11:00:00,1.08006,1.08136,1.07886,1.07995,0,SELL
2020-04-06 12:00:00,1.07994,1.08063,1.07796,1.0792,0,SELL
2020-04-06 13:00:00,1.07922,1.08026,1.07684,1.08024,0,SELL
2020-04-06 14:00:00,1.08022,1.08093,1.07776,1.07854,0,SELL
2020-04-06 15:00:00,1.07853,1.08179,1.07828,1.08069,0,SELL
2020-04-06 16:00:00,1.08068,1.08084,1.07938,1.0802,0,SELL
2020-04-06 17:00:00,1.08022,1.0806,1.07883,1.07997,0,SELL
2020-04-06 18:00:00,1.07996,1.0803,1.07957,1.07962,0,SELL
2020-04-06 19:00:00,1.07964,1.07989,1.07828,1.0798,0,SELL
2020-04-06 20:00:00,1.07982,1.07998,1.07902,1.0793,0,SELL
2020-04-06 21:00:00,1.0793,1.07976,1.07926,1.0794,0,SELL
2020-04-06 22:00:00,1.07938,1.0796,1.07836,1.0785,0,SELL
2020-04-06 23:00:00,1.07852,1.08021,1.07846,1.07989,0,SELL
2020-04-07 00:00:00,1.0799,1.08021,1.07906,1.07938,0,SELL
2020-04-07 01:00:00,1.0794,1.08096,1.07911,1.08067,0,SELL
2020-04-07 02:00:00,1.08066,1.08099,1.08042,1.0808,0,SELL
2020-04-07 03:00:00,1.08082,1.08187,1.0807,1.08148,0,SELL
2020-04-07 04:00:00,1.08146,1.08304,1.08116,1.08262,0,SELL
2020-04-07 05:00:00,1.08264,1.08407,1.0821,1.08292,0,SELL
2020-04-07 06:00:00,1.08292,1.08621,1.08232,1.0859,0,SELL
2020-04-07 07:00:00,1.08592,1.08786,1.08542,1.08778,1,BUY
2020-04-07 08:00:00,1.08779,1.08781,1.08519,1.08682,1,BUY
2020-04-07 09:00:00,1.08681,1.0879,1.08575,1.08742,1,BUY
2020-04-07 10:00:00,1.08742,1.0893,1.08732,1.0878,1,BUY
2020-04-07 11:00:00,1.08779,1.08823,1.08604,1.08777,1,BUY
2020-04-07 12:00:00,1.08776,1.09174,1.0874,1.09051,1,BUY
2020-04-07 13:00:00,1.09052,1.09172,1.08981,1.09153,1,BUY
2020-04-07 14:00:00,1.09149,1.09265,1.08813,1.0884,1,BUY
2020-04-07 15:00:00,1.08838,1.08978,1.08764,1.0886,1,BUY
2020-04-07 16:00:00,1.0886,1.091,1.08831,1.08963,1,BUY
2020-04-07 17:00:00,1.08964,1.09048,1.08892,1.09036,1,BUY
2020-04-07 18:00:00,1.09034,1.09099,1.09015,1.09026,1,BUY
2020-04-07 19:00:00,1.09025,1.091,1.09014,1.09048,1,BUY
2020-04-07 20:00:00,1.09046,1.09047,1.08892,1.08918,1,BUY
2020-04-07 21:00:00,1.08918,1.08975,1.08905,1.0892,1,BUY
2020-04-07 22:00:00,1.08916,1.08963,1.08914,1.08922,1,BUY
2020-04-07 23:00:00,1.08924,1.09021,1.08914,1.08936,1,BUY
2020-04-08 00:00:00,1.08934,1.0897,1.08671,1.08678,1,BUY
2020-04-08 01:00:00,1.0868,1.08792,1.08676,1.08712,1,BUY
2020-04-08 02:00:00,1.0871,1.08762,1.08644,1.08647,1,BUY
2020-04-08 03:00:00,1.08649,1.08676,1.08588,1.08598,0,SELL
2020-04-08 04:00:00,1.086,1.08714,1.08598,1.08676,0,SELL
2020-04-08 05:00:00,1.08674,1.08881,1.08648,1.08817,0,SELL
2020-04-08 06:00:00,1.08815,1.08828,1.08301,1.08572,0,SELL
2020-04-08 07:00:00,1.08574,1.08656,1.08453,1.08608,0,SELL
2020-04-08 08:00:00,1.08606,1.08625,1.08458,1.08531,0,SELL
2020-04-08 09:00:00,1.08534,1.0874,1.08534,1.08635,0,SELL
2020-04-08 10:00:00,1.08636,1.08795,1.08608,1.08716,0,SELL
2020-04-08 11:00:00,1.08715,1.08769,1.08572,1.08685,0,SELL
2020-04-08 12:00:00,1.08684,1.08848,1.08666,1.08728,0,SELL
2020-04-08 13:00:00,1.08727,1.08884,1.08696,1.08806,1,BUY
2020-04-08 14:00:00,1.08808,1.08869,1.08532,1.08634,1,BUY
2020-04-08 15:00:00,1.08636,1.08832,1.08592,1.08641,1,BUY
2020-04-08 16:00:00,1.0864,1.08661,1.0851,1.08637,0,SELL
2020-04-08 17:00:00,1.08636,1.0867,1.08606,1.08656,0,SELL
2020-04-08 18:00:00,1.08658,1.08728,1.0861,1.08621,0,SELL
2020-04-08 19:00:00,1.08622,1.08668,1.08519,1.08532,0,SELL
2020-04-08 20:00:00,1.0853,1.08574,1.08504,1.0857,0,SELL
2020-04-08 21:00:00,1.0857,1.0862,1.0855,1.08569,0,SELL
2020-04-08 22:00:00,1.08574,1.08611,1.08542,1.08591,0,SELL
2020-04-08 23:00:00,1.08592,1.08622,1.08574,1.08601,0,SELL
2020-04-09 00:00:00,1.086,1.08804,1.08583,1.08718,0,SELL
2020-04-09 01:00:00,1.08716,1.08772,1.0856,1.08591,0,SELL
2020-04-09 02:00:00,1.08592,1.08622,1.08536,1.08618,0,SELL
2020-04-09 03:00:00,1.0862,1.08698,1.08568,1.08666,0,SELL
2020-04-09 04:00:00,1.08668,1.08712,1.08625,1.08652,0,SELL
2020-04-09 05:00:00,1.08653,1.08666,1.08549,1.08554,0,SELL
2020-04-09 06:00:00,1.08554,1.08607,1.0841,1.086,0,SELL
2020-04-09 07:00:00,1.08602,1.08823,1.0858,1.08757,0,SELL
2020-04-09 08:00:00,1.08758,1.08786,1.08676,1.08694,0,SELL
2020-04-09 09:00:00,1.08692,1.08878,1.08661,1.08866,1,BUY
2020-04-09 10:00:00,1.08864,1.08895,1.08556,1.086,1,BUY
2020-04-09 11:00:00,1.08602,1.08649,1.08498,1.08581,0,SELL
2020-04-09 12:00:00,1.0858,1.09102,1.08578,1.0904,1,BUY
2020-04-09 13:00:00,1.09042,1.09422,1.0895,1.09312,1,BUY
2020-04-09 14:00:00,1.09314,1.09456,1.0915,1.0937,1,BUY
2020-04-09 15:00:00,1.09368,1.09454,1.09255,1.09303,1,BUY
2020-04-09 16:00:00,1.09304,1.09389,1.0923,1.0936,1,BUY
2020-04-09 17:00:00,1.09361,1.09518,1.09306,1.09448,1,BUY
2020-04-09 18:00:00,1.0945,1.09465,1.09202,1.09222,1,BUY
2020-04-09 19:00:00,1.09223,1.09369,1.09208,1.09361,1,BUY
2020-04-09 20:00:00,1.0936,1.09397,1.09236,1.09293,1,BUY
2020-04-09 21:00:00,1.09293,1.09331,1.09221,1.09287,1,BUY
2020-04-09 22:00:00,1.09281,1.09303,1.09242,1.09286,1,BUY
2020-04-09 23:00:00,1.0929,1.0936,1.0921,1.0923,1,BUY
2020-04-10 00:00:00,1.09226,1.09264,1.09198,1.09222,1,BUY
2020-04-10 01:00:00,1.09224,1.09286,1.09204,1.09286,1,BUY
2020-04-10 02:00:00,1.09282,1.09364,1.09262,1.09349,1,BUY
2020-04-10 03:00:00,1.09341,1.09446,1.0933,1.09429,1,BUY
2020-04-10 04:00:00,1.09426,1.09428,1.0937,1.09392,1,BUY
2020-04-10 05:00:00,1.0938,1.09428,1.09286,1.0941,1,BUY
2020-04-10 06:00:00,1.09406,1.09497,1.09392,1.09476,1,BUY
2020-04-10 07:00:00,1.09478,1.09524,1.09348,1.09374,1,BUY
2020-04-10 08:00:00,1.09376,1.09473,1.09374,1.09426,1,BUY
2020-04-10 09:00:00,1.09428,1.09481,1.09418,1.09446,1,BUY
2020-04-10 10:00:00,1.0945,1.09466,1.09399,1.09416,1,BUY
2020-04-10 11:00:00,1.09413,1.09419,1.09362,1.09368,1,BUY
2020-04-10 12:00:00,1.0937,1.0945,1.0937,1.09436,1,BUY
2020-04-10 13:00:00,1.09434,1.09496,1.09416,1.09459,1,BUY
2020-04-10 14:00:00,1.09454,1.09516,1.0945,1.09514,1,BUY
2020-04-10 15:00:00,1.09512,1.09516,1.0944,1.09486,1,BUY
2020-04-10 16:00:00,1.09482,1.0953,1.0947,1.09492,1,BUY
2020-04-10 17:00:00,1.09488,1.09489,1.09332,1.09332,1,BUY
2020-04-10 18:00:00,1.09336,1.09376,1.09331,1.0935,1,BUY
2020-04-10 19:00:00,1.09354,1.09396,1.09332,1.09372,1,BUY
2020-04-10 20:00:00,1.09369,1.09408,1.09315,1.09357,1,BUY
2020-04-12 21:00:00,1.0949,1.09492,1.09359,1.09418,1,BUY
2020-04-12 22:00:00,1.09422,1.09422,1.09327,1.09368,1,BUY
2020-04-12 23:00:00,1.09367,1.0937,1.09304,1.09316,1,BUY
2020-04-13 00:00:00,1.09314,1.09382,1.09284,1.093,1,BUY
2020-04-13 01:00:00,1.09302,1.09423,1.09274,1.09315,1,BUY
2020-04-13 02:00:00,1.09313,1.09313,1.0925,1.09292,1,BUY
2020-04-13 03:00:00,1.0929,1.09353,1.09258,1.09336,1,BUY
2020-04-13 04:00:00,1.09337,1.09388,1.09337,1.09368,1,BUY
2020-04-13 05:00:00,1.09366,1.09406,1.09332,1.09338,1,BUY
2020-04-13 06:00:00,1.09338,1.09664,1.09337,1.09622,1,BUY
2020-04-13 07:00:00,1.0962,1.09679,1.09442,1.09467,1,BUY
2020-04-13 08:00:00,1.09469,1.0947,1.09274,1.09314,1,BUY
2020-04-13 09:00:00,1.09312,1.0939,1.09304,1.09384,1,BUY
2020-04-13 10:00:00,1.09386,1.09388,1.09034,1.09143,1,BUY
2020-04-13 11:00:00,1.09142,1.09313,1.09094,1.09302,1,BUY
2020-04-13 12:00:00,1.09302,1.09318,1.09172,1.09226,1,BUY
2020-04-13 13:00:00,1.09227,1.09234,1.09051,1.09108,0,SELL
2020-04-13 14:00:00,1.09106,1.09182,1.08967,1.09003,0,SELL
2020-04-13 15:00:00,1.09002,1.09084,1.08926,1.09056,0,SELL
2020-04-13 16:00:00,1.09055,1.09188,1.09041,1.0917,0,SELL
2020-04-13 17:00:00,1.09169,1.09242,1.09058,1.09201,0,SELL
2020-04-13 18:00:00,1.09199,1.09238,1.09168,1.09221,0,SELL
2020-04-13 19:00:00,1.09223,1.0924,1.09127,1.09172,0,SELL
2020-04-13 20:00:00,1.09173,1.09175,1.0907,1.09111,0,SELL
2020-04-13 21:00:00,1.09111,1.09135,1.09061,1.09066,0,SELL
2020-04-13 22:00:00,1.0907,1.0916,1.09066,1.0915,0,SELL
2020-04-13 23:00:00,1.09152,1.09262,1.09148,1.09199,0,SELL
2020-04-14 00:00:00,1.09198,1.09278,1.09166,1.09233,0,SELL
2020-04-14 01:00:00,1.09232,1.09387,1.0917,1.09372,0,SELL
2020-04-14 02:00:00,1.09374,1.0948,1.09366,1.09473,1,BUY
2020-04-14 03:00:00,1.09472,1.09488,1.09428,1.0947,1,BUY
2020-04-14 04:00:00,1.0947,1.09489,1.09412,1.09438,1,BUY
2020-04-14 05:00:00,1.0944,1.09474,1.09374,1.0939,1,BUY
2020-04-14 06:00:00,1.0939,1.0943,1.09243,1.09289,1,BUY
2020-04-14 07:00:00,1.09288,1.09376,1.09247,1.09318,1,BUY
2020-04-14 08:00:00,1.09316,1.0933,1.0915,1.09229,1,BUY
2020-04-14 09:00:00,1.0923,1.09576,1.092,1.09463,1,BUY
2020-04-14 10:00:00,1.09462,1.09508,1.09377,1.09436,1,BUY
2020-04-14 11:00:00,1.09438,1.09659,1.09414,1.09638,1,BUY
2020-04-14 12:00:00,1.0964,1.0976,1.09565,1.0971,1,BUY
2020-04-14 13:00:00,1.09712,1.09712,1.09551,1.09606,1,BUY
2020-04-14 14:00:00,1.09604,1.09842,1.09602,1.09697,1,BUY
2020-04-14 15:00:00,1.09698,1.09704,1.0955,1.09702,1,BUY
2020-04-14 16:00:00,1.09703,1.09734,1.09614,1.0965,1,BUY
2020-04-14 17:00:00,1.09648,1.0984,1.09642,1.09836,1,BUY
2020-04-14 18:00:00,1.09834,1.09846,1.09706,1.0981,1,BUY
2020-04-14 19:00:00,1.09809,1.09872,1.09786,1.09858,1,BUY
2020-04-14 20:00:00,1.0986,1.09868,1.09796,1.0981,1,BUY
2020-04-14 21:00:00,1.0981,1.09911,1.0979,1.09822,1,BUY
2020-04-14 22:00:00,1.09826,1.09896,1.09817,1.09835,1,BUY
2020-04-14 23:00:00,1.09838,1.09882,1.09833,1.09833,1,BUY
2020-04-15 00:00:00,1.09832,1.09874,1.09806,1.0986,1,BUY
2020-04-15 01:00:00,1.09862,1.09869,1.09807,1.09864,1,BUY
2020-04-15 02:00:00,1.09866,1.09873,1.09803,1.09812,1,BUY
2020-04-15 03:00:00,1.09814,1.09821,1.09744,1.09776,1,BUY
2020-04-15 04:00:00,1.09778,1.09792,1.09734,1.09754,1,BUY
2020-04-15 05:00:00,1.09753,1.09764,1.0963,1.09635,1,BUY
2020-04-15 06:00:00,1.09634,1.09686,1.0957,1.09584,1,BUY
2020-04-15 07:00:00,1.09586,1.09678,1.09288,1.09298,1,BUY
2020-04-15 08:00:00,1.093,1.09398,1.09206,1.09325,0,SELL
2020-04-15 09:00:00,1.09324,1.0939,1.09262,1.09343,0,SELL
2020-04-15 10:00:00,1.09345,1.09362,1.09032,1.09078,0,SELL
2020-04-15 11:00:00,1.0908,1.09194,1.09041,1.0914,0,SELL
2020-04-15 12:00:00,1.09142,1.09158,1.08565,1.08606,0,SELL
2020-04-15 13:00:00,1.08604,1.08798,1.08592,1.087,0,SELL
2020-04-15 14:00:00,1.08699,1.09088,1.08676,1.09046,0,SELL
2020-04-15 15:00:00,1.09048,1.09194,1.09,1.09082,0,SELL
2020-04-15 16:00:00,1.0908,1.09306,1.09023,1.09168,0,SELL
2020-04-15 17:00:00,1.09166,1.0925,1.09116,1.09178,0,SELL
2020-04-15 18:00:00,1.0918,1.0939,1.09162,1.09218,0,SELL
2020-04-15 19:00:00,1.09219,1.09238,1.09106,1.09138,0,SELL
2020-04-15 20:00:00,1.09137,1.09179,1.09093,1.09106,0,SELL
2020-04-15 21:00:00,1.09106,1.09106,1.09078,1.09087,0,SELL
2020-04-15 22:00:00,1.0909,1.09112,1.09014,1.0902,0,SELL
2020-04-15 23:00:00,1.09018,1.09062,1.09,1.09038,0,SELL
2020-04-16 00:00:00,1.09039,1.09075,1.0882,1.0886,0,SELL
2020-04-16 01:00:00,1.08862,1.08924,1.08753,1.08754,0,SELL
2020-04-16 02:00:00,1.08756,1.08868,1.08756,1.08838,0,SELL
2020-04-16 03:00:00,1.0884,1.08841,1.0873,1.08738,0,SELL
2020-04-16 04:00:00,1.08737,1.08794,1.08647,1.08793,0,SELL
2020-04-16 05:00:00,1.08794,1.08881,1.08738,1.08847,0,SELL
2020-04-16 06:00:00,1.08846,1.0905,1.08794,1.08848,0,SELL
2020-04-16 07:00:00,1.08847,1.08936,1.08646,1.0873,0,SELL
2020-04-16 08:00:00,1.08729,1.08889,1.08683,1.08878,0,SELL
2020-04-16 09:00:00,1.08876,1.08888,1.08582,1.08688,0,SELL
2020-04-16 10:00:00,1.08687,1.08864,1.08532,1.08796,0,SELL
2020-04-16 11:00:00,1.08795,1.08858,1.08702,1.0882,0,SELL
2020-04-16 12:00:00,1.08822,1.0901,1.08808,1.08895,0,SELL
2020-04-16 13:00:00,1.08894,1.08949,1.0872,1.08788,0,SELL
2020-04-16 14:00:00,1.08787,1.08888,1.08474,1.08508,0,SELL
2020-04-16 15:00:00,1.0851,1.08532,1.08282,1.08408,0,SELL
2020-04-16 16:00:00,1.08408,1.08498,1.08168,1.08336,0,SELL
2020-04-16 17:00:00,1.08334,1.08494,1.08317,1.08411,0,SELL
2020-04-16 18:00:00,1.08412,1.08514,1.08404,1.08452,0,SELL
2020-04-16 19:00:00,1.0845,1.08504,1.08402,1.08462,0,SELL
2020-04-16 20:00:00,1.0846,1.08468,1.08303,1.08395,0,SELL
2020-04-16 21:00:00,1.08395,1.08655,1.08361,1.08624,0,SELL
2020-04-16 22:00:00,1.0862,1.0862,1.08518,1.08608,0,SELL
2020-04-16 23:00:00,1.0861,1.08674,1.0857,1.08588,0,SELL
2020-04-17 00:00:00,1.08589,1.08671,1.08542,1.08628,0,SELL
2020-04-17 01:00:00,1.08626,1.08788,1.08618,1.08733,0,SELL
2020-04-17 02:00:00,1.08732,1.08766,1.08645,1.08729,0,SELL
2020-04-17 03:00:00,1.0873,1.0874,1.08664,1.08668,0,SELL
2020-04-17 04:00:00,1.08666,1.08745,1.0864,1.08708,0,SELL
2020-04-17 05:00:00,1.08706,1.08727,1.08638,1.08658,0,SELL
2020-04-17 06:00:00,1.08656,1.08668,1.08454,1.08541,0,SELL
2020-04-17 07:00:00,1.0854,1.08592,1.082,1.08288,0,SELL
2020-04-17 08:00:00,1.0829,1.08364,1.08172,1.08292,0,SELL
2020-04-17 09:00:00,1.0829,1.08308,1.08154,1.08198,0,SELL
2020-04-17 10:00:00,1.08196,1.08366,1.0812,1.0836,0,SELL
2020-04-17 11:00:00,1.08358,1.08506,1.0834,1.08484,0,SELL
2020-04-17 12:00:00,1.08482,1.08736,1.0844,1.08644,0,SELL
2020-04-17 13:00:00,1.08646,1.08884,1.08604,1.08862,0,SELL
2020-04-17 14:00:00,1.0886,1.08925,1.08717,1.08894,0,SELL
2020-04-17 15:00:00,1.08892,1.08902,1.08737,1.08831,0,SELL
2020-04-17 16:00:00,1.08832,1.08842,1.08594,1.08673,0,SELL
2020-04-17 17:00:00,1.08672,1.0885,1.0867,1.08762,0,SELL
2020-04-17 18:00:00,1.0876,1.08772,1.0866,1.08684,0,SELL
2020-04-17 19:00:00,1.08685,1.08739,1.08643,1.0869,0,SELL
2020-04-17 20:00:00,1.08691,1.08768,1.08646,1.08739,0,SELL
2020-04-19 21:00:00,1.0871,1.08788,1.08669,1.08759,0,SELL
2020-04-19 22:00:00,1.08755,1.08755,1.0865,1.0868,0,SELL
2020-04-19 23:00:00,1.08678,1.0871,1.08636,1.08639,0,SELL
2020-04-20 00:00:00,1.08638,1.08685,1.08564,1.08606,0,SELL
2020-04-20 01:00:00,1.08608,1.08646,1.0858,1.08644,0,SELL
2020-04-20 02:00:00,1.08646,1.08717,1.0862,1.08622,0,SELL
2020-04-20 03:00:00,1.0862,1.08652,1.08592,1.0861,0,SELL
2020-04-20 04:00:00,1.08612,1.08724,1.08612,1.08711,0,SELL
2020-04-20 05:00:00,1.08713,1.08714,1.08528,1.08558,0,SELL
2020-04-20 06:00:00,1.08556,1.08573,1.08412,1.08558,0,SELL
2020-04-20 07:00:00,1.08557,1.08691,1.08516,1.08684,0,SELL
2020-04-20 08:00:00,1.08682,1.08798,1.08596,1.0879,0,SELL
2020-04-20 09:00:00,1.08792,1.08968,1.08781,1.08824,0,SELL
2020-04-20 10:00:00,1.08826,1.08828,1.08576,1.08637,0,SELL
2020-04-20 11:00:00,1.08638,1.08668,1.08514,1.08563,0,SELL
2020-04-20 12:00:00,1.08562,1.08682,1.08499,1.08627,0,SELL
2020-04-20 13:00:00,1.08628,1.08709,1.085,1.08646,0,SELL
2020-04-20 14:00:00,1.08644,1.08873,1.08616,1.0881,0,SELL
2020-04-20 15:00:00,1.08811,1.08846,1.0869,1.08726,0,SELL
2020-04-20 16:00:00,1.08725,1.08842,1.08696,1.08703,0,SELL
2020-04-20 17:00:00,1.08704,1.08732,1.08628,1.08686,0,SELL
2020-04-20 18:00:00,1.08688,1.08712,1.0858,1.08612,0,SELL
2020-04-20 19:00:00,1.08612,1.0867,1.08568,1.0857,0,SELL
2020-04-20 20:00:00,1.08568,1.08655,1.08553,1.0863,0,SELL
2020-04-20 21:00:00,1.0863,1.08708,1.08612,1.08688,0,SELL
2020-04-20 22:00:00,1.08689,1.08689,1.08624,1.08644,0,SELL
2020-04-20 23:00:00,1.08643,1.08656,1.08607,1.08639,0,SELL
2020-04-21 00:00:00,1.08638,1.08642,1.08536,1.08561,0,SELL
2020-04-21 01:00:00,1.08563,1.08594,1.08456,1.08461,0,SELL
2020-04-21 02:00:00,1.0846,1.08484,1.08259,1.0831,0,SELL
2020-04-21 03:00:00,1.08309,1.08384,1.08298,1.08376,0,SELL
2020-04-21 04:00:00,1.08375,1.0839,1.083,1.08331,0,SELL
2020-04-21 05:00:00,1.0833,1.08422,1.08286,1.08414,0,SELL
2020-04-21 06:00:00,1.08413,1.0846,1.0836,1.08392,0,SELL
2020-04-21 07:00:00,1.08394,1.08438,1.08268,1.08307,0,SELL
2020-04-21 08:00:00,1.08306,1.08472,1.08202,1.08373,0,SELL
2020-04-21 09:00:00,1.08376,1.08534,1.08305,1.08327,0,SELL
2020-04-21 10:00:00,1.08326,1.0839,1.0823,1.08324,0,SELL
2020-04-21 11:00:00,1.08326,1.08384,1.08254,1.08324,0,SELL
2020-04-21 12:00:00,1.08325,1.0844,1.08246,1.08291,0,SELL
2020-04-21 13:00:00,1.08292,1.08746,1.08165,1.08705,0,SELL
2020-04-21 14:00:00,1.08707,1.08804,1.08436,1.08594,0,SELL
2020-04-21 15:00:00,1.08592,1.08732,1.08535,1.08538,0,SELL
2020-04-21 16:00:00,1.0854,1.08616,1.08437,1.08444,0,SELL
2020-04-21 17:00:00,1.08442,1.08504,1.08418,1.08448,0,SELL
2020-04-21 18:00:00,1.08447,1.08569,1.08418,1.08528,0,SELL
2020-04-21 19:00:00,1.08529,1.0866,1.08505,1.08593,0,SELL
2020-04-21 20:00:00,1.08594,1.08628,1.0856,1.08578,0,SELL
2020-04-21 21:00:00,1.08578,1.08626,1.08575,1.08588,0,SELL
2020-04-21 22:00:00,1.0858,1.08589,1.08528,1.0854,0,SELL
2020-04-21 23:00:00,1.08542,1.08574,1.08527,1.08566,0,SELL
2020-04-22 00:00:00,1.08567,1.08606,1.08494,1.08552,0,SELL
2020-04-22 01:00:00,1.08554,1.08609,1.08478,1.08492,0,SELL
2020-04-22 02:00:00,1.0849,1.08582,1.08468,1.08524,0,SELL
2020-04-22 03:00:00,1.08523,1.08536,1.08484,1.08508,0,SELL
2020-04-22 04:00:00,1.08507,1.08516,1.08452,1.08464,0,SELL
2020-04-22 05:00:00,1.08462,1.08566,1.08454,1.08556,0,SELL
2020-04-22 06:00:00,1.08556,1.08696,1.08511,1.0859,0,SELL
2020-04-22 07:00:00,1.08589,1.08737,1.08532,1.08558,0,SELL
2020-04-22 08:00:00,1.08557,1.08653,1.08515,1.08598,0,SELL
2020-04-22 09:00:00,1.08599,1.08697,1.08591,1.086,0,SELL
2020-04-22 10:00:00,1.08601,1.08722,1.08575,1.08706,0,SELL
2020-04-22 11:00:00,1.08708,1.08854,1.08672,1.08764,1,BUY
2020-04-22 12:00:00,1.08766,1.08774,1.08622,1.08687,1,BUY
2020-04-22 13:00:00,1.08686,1.08718,1.08504,1.08516,1,BUY
2020-04-22 14:00:00,1.08518,1.08558,1.08256,1.08294,0,SELL
2020-04-22 15:00:00,1.08294,1.08344,1.08206,1.08292,0,SELL
2020-04-22 16:00:00,1.08291,1.08292,1.081,1.08158,0,SELL
2020-04-22 17:00:00,1.08156,1.08172,1.08032,1.08141,0,SELL
2020-04-22 18:00:00,1.08142,1.08258,1.08126,1.08198,0,SELL
2020-04-22 19:00:00,1.08199,1.08238,1.08133,1.08182,0,SELL
2020-04-22 20:00:00,1.0818,1.0824,1.08148,1.08236,0,SELL
2020-04-22 21:00:00,1.0823,1.08238,1.082,1.08238,0,SELL
2020-04-22 22:00:00,1.08235,1.08242,1.0821,1.08233,0,SELL
2020-04-22 23:00:00,1.08234,1.08234,1.08058,1.08063,0,SELL
2020-04-23 00:00:00,1.08064,1.08142,1.08048,1.08113,0,SELL
2020-04-23 01:00:00,1.08114,1.0822,1.08112,1.08182,0,SELL
2020-04-23 02:00:00,1.0818,1.0818,1.08084,1.08115,0,SELL
2020-04-23 03:00:00,1.08116,1.0812,1.0808,1.08094,0,SELL
2020-04-23 04:00:00,1.08092,1.08166,1.08089,1.08156,0,SELL
2020-04-23 05:00:00,1.08158,1.08342,1.08158,1.08295,0,SELL
2020-04-23 06:00:00,1.08296,1.08344,1.08115,1.08167,0,SELL
2020-04-23 07:00:00,1.08166,1.08197,1.07844,1.07965,0,SELL
2020-04-23 08:00:00,1.07962,1.0803,1.07903,1.07962,0,SELL
2020-04-23 09:00:00,1.0796,1.07995,1.0769,1.07736,0,SELL
2020-04-23 10:00:00,1.07735,1.0778,1.07562,1.07756,0,SELL
2020-04-23 11:00:00,1.07754,1.07924,1.07636,1.07662,0,SELL
2020-04-23 12:00:00,1.07663,1.07947,1.07654,1.07884,0,SELL
2020-04-23 13:00:00,1.07882,1.08036,1.07809,1.07942,0,SELL
2020-04-23 14:00:00,1.07944,1.08468,1.07915,1.08278,0,SELL
2020-04-23 15:00:00,1.0828,1.08376,1.08082,1.08138,0,SELL
2020-04-23 16:00:00,1.08138,1.08189,1.08086,1.08138,0,SELL
2020-04-23 17:00:00,1.08138,1.08144,1.07646,1.07652,0,SELL
2020-04-23 18:00:00,1.07651,1.07874,1.0762,1.07855,0,SELL
2020-04-23 19:00:00,1.07854,1.07888,1.07794,1.07822,0,SELL
2020-04-23 20:00:00,1.07824,1.07828,1.0765,1.07777,0,SELL
2020-04-23 21:00:00,1.0777,1.07845,1.07748,1.07791,0,SELL
2020-04-23 22:00:00,1.07786,1.07804,1.0777,1.078,0,SELL
2020-04-23 23:00:00,1.07801,1.07802,1.07738,1.07745,0,SELL
2020-04-24 00:00:00,1.07746,1.07793,1.07614,1.07664,0,SELL
2020-04-24 01:00:00,1.07662,1.07697,1.07633,1.07666,0,SELL
2020-04-24 02:00:00,1.07667,1.07746,1.07661,1.07714,0,SELL
2020-04-24 03:00:00,1.07712,1.07716,1.07666,1.07713,0,SELL
2020-04-24 04:00:00,1.07712,1.07742,1.0769,1.07716,0,SELL
2020-04-24 05:00:00,1.07714,1.07715,1.07608,1.07632,0,SELL
2020-04-24 06:00:00,1.07634,1.07664,1.07376,1.07383,0,SELL
2020-04-24 07:00:00,1.07384,1.07516,1.07272,1.07406,0,SELL
2020-04-24 08:00:00,1.07408,1.07592,1.0733,1.0756,0,SELL
2020-04-24 09:00:00,1.07562,1.07682,1.07497,1.07655,0,SELL
2020-04-24 10:00:00,1.07654,1.07984,1.0762,1.07853,0,SELL
2020-04-24 11:00:00,1.07854,1.08057,1.07772,1.07932,0,SELL
2020-04-24 12:00:00,1.07932,1.08102,1.07904,1.08032,0,SELL
2020-04-24 13:00:00,1.0803,1.0808,1.07846,1.07968,0,SELL
2020-04-24 14:00:00,1.07966,1.08198,1.07895,1.08138,0,SELL
2020-04-24 15:00:00,1.08136,1.08141,1.0794,1.07971,1,BUY
2020-04-24 16:00:00,1.07972,1.08024,1.07866,1.07883,1,BUY
2020-04-24 17:00:00,1.07882,1.07952,1.07848,1.07942,0,SELL
2020-04-24 18:00:00,1.07942,1.0801,1.07908,1.07978,0,SELL
2020-04-24 19:00:00,1.07977,1.08132,1.07968,1.08112,0,SELL
2020-04-24 20:00:00,1.0811,1.08298,1.08081,1.08232,0,SELL
2020-04-26 21:00:00,1.08228,1.08251,1.08204,1.08226,1,BUY
2020-04-26 22:00:00,1.08222,1.08227,1.08146,1.08172,1,BUY
2020-04-26 23:00:00,1.0817,1.08213,1.08156,1.08208,1,BUY
2020-04-27 00:00:00,1.08209,1.08212,1.08114,1.08182,1,BUY
2020-04-27 01:00:00,1.08183,1.08322,1.08174,1.08255,1,BUY
2020-04-27 02:00:00,1.08256,1.08286,1.08206,1.08228,1,BUY
2020-04-27 03:00:00,1.08229,1.08332,1.08198,1.0832,1,BUY
2020-04-27 04:00:00,1.08319,1.08434,1.08302,1.08385,1,BUY
2020-04-27 05:00:00,1.08384,1.08539,1.08384,1.08468,1,BUY
2020-04-27 06:00:00,1.0847,1.08592,1.0846,1.08462,1,BUY
2020-04-27 07:00:00,1.08462,1.08482,1.0833,1.08419,1,BUY
2020-04-27 08:00:00,1.0842,1.08504,1.08358,1.08498,1,BUY
2020-04-27 09:00:00,1.08496,1.08521,1.08395,1.08466,1,BUY
2020-04-27 10:00:00,1.08468,1.08604,1.08462,1.0852,1,BUY
2020-04-27 11:00:00,1.08521,1.08553,1.0834,1.0855,1,BUY
2020-04-27 12:00:00,1.08548,1.08586,1.08438,1.08512,1,BUY
2020-04-27 13:00:00,1.08512,1.08575,1.08439,1.08473,1,BUY
2020-04-27 14:00:00,1.08472,1.08474,1.08276,1.08406,1,BUY
2020-04-27 15:00:00,1.08404,1.0843,1.0828,1.08286,1,BUY
2020-04-27 16:00:00,1.08288,1.0829,1.08165,1.08214,1,BUY
2020-04-27 17:00:00,1.08213,1.08314,1.08207,1.08294,1,BUY
2020-04-27 18:00:00,1.08292,1.08334,1.08266,1.08322,1,BUY
2020-04-27 19:00:00,1.08324,1.08344,1.08277,1.08292,0,SELL
2020-04-27 20:00:00,1.08291,1.08306,1.08246,1.08288,0,SELL
2020-04-27 21:00:00,1.08288,1.08318,1.08238,1.08305,0,SELL
2020-04-27 22:00:00,1.08301,1.08302,1.08245,1.08288,0,SELL
2020-04-27 23:00:00,1.0829,1.08302,1.08236,1.08246,0,SELL
2020-04-28 00:00:00,1.08244,1.08362,1.08228,1.0833,0,SELL
2020-04-28 01:00:00,1.08328,1.08345,1.08236,1.0825,0,SELL
2020-04-28 02:00:00,1.08248,1.08282,1.08239,1.08276,0,SELL
2020-04-28 03:00:00,1.08275,1.08276,1.08237,1.08244,0,SELL
2020-04-28 04:00:00,1.08243,1.08243,1.0817,1.08219,0,SELL
2020-04-28 05:00:00,1.08218,1.08275,1.0819,1.08252,0,SELL
2020-04-28 06:00:00,1.08254,1.08256,1.08096,1.08127,0,SELL
2020-04-28 07:00:00,1.08128,1.08409,1.08101,1.08392,0,SELL
2020-04-28 08:00:00,1.08394,1.08584,1.08371,1.08502,0,SELL
2020-04-28 09:00:00,1.085,1.08856,1.0844,1.0876,1,BUY
2020-04-28 10:00:00,1.08758,1.08844,1.08688,1.08824,1,BUY
2020-04-28 11:00:00,1.08826,1.08886,1.08786,1.08863,1,BUY
2020-04-28 12:00:00,1.08864,1.08882,1.08698,1.08703,1,BUY
2020-04-28 13:00:00,1.08702,1.08748,1.08398,1.08438,1,BUY
2020-04-28 14:00:00,1.0844,1.0858,1.08302,1.08324,1,BUY
2020-04-28 15:00:00,1.08326,1.08465,1.0825,1.08364,1,BUY
2020-04-28 16:00:00,1.08362,1.08386,1.08252,1.08318,1,BUY
2020-04-28 17:00:00,1.08319,1.08372,1.0827,1.08358,0,SELL
2020-04-28 18:00:00,1.08356,1.08401,1.08331,1.08356,0,SELL
2020-04-28 19:00:00,1.08354,1.08384,1.08306,1.08328,0,SELL
2020-04-28 20:00:00,1.08329,1.08342,1.08178,1.08201,0,SELL
2020-04-28 21:00:00,1.08208,1.08226,1.08189,1.08212,0,SELL
2020-04-28 22:00:00,1.08216,1.08268,1.08204,1.08254,0,SELL
2020-04-28 23:00:00,1.08253,1.08331,1.08242,1.08326,0,SELL
2020-04-29 00:00:00,1.08324,1.08422,1.0831,1.08416,0,SELL
2020-04-29 01:00:00,1.08414,1.08546,1.08394,1.08463,0,SELL
2020-04-29 02:00:00,1.08464,1.08535,1.08446,1.08511,1,BUY
2020-04-29 03:00:00,1.08512,1.08512,1.08412,1.08468,1,BUY
2020-04-29 04:00:00,1.08469,1.08504,1.08438,1.085,1,BUY
2020-04-29 05:00:00,1.08502,1.08568,1.08484,1.08556,1,BUY
2020-04-29 06:00:00,1.08557,1.08559,1.08395,1.08513,1,BUY
2020-04-29 07:00:00,1.08514,1.08718,1.08454,1.08703,1,BUY
2020-04-29 08:00:00,1.08702,1.08742,1.0863,1.08662,1,BUY
2020-04-29 09:00:00,1.08663,1.08728,1.08548,1.08558,1,BUY
2020-04-29 10:00:00,1.08558,1.08595,1.08466,1.08508,1,BUY
2020-04-29 11:00:00,1.08507,1.08545,1.08412,1.08424,1,BUY
2020-04-29 12:00:00,1.08426,1.08574,1.08396,1.08572,1,BUY
2020-04-29 13:00:00,1.08574,1.08682,1.0855,1.08641,1,BUY
2020-04-29 14:00:00,1.08642,1.08666,1.08428,1.08518,1,BUY
2020-04-29 15:00:00,1.0852,1.08582,1.08452,1.08526,1,BUY
2020-04-29 16:00:00,1.08527,1.0857,1.08474,1.08478,1,BUY
2020-04-29 17:00:00,1.08476,1.08678,1.08469,1.08644,1,BUY
2020-04-29 18:00:00,1.0864,1.08858,1.08632,1.0872,1,BUY
2020-04-29 19:00:00,1.08718,1.0883,1.08667,1.08754,1,BUY
2020-04-29 20:00:00,1.08752,1.08796,1.08699,1.08758,1,BUY
2020-04-29 21:00:00,1.08758,1.08774,1.0874,1.0874,1,BUY
2020-04-29 22:00:00,1.08742,1.08769,1.0874,1.08752,1,BUY
2020-04-29 23:00:00,1.08754,1.08786,1.08735,1.08774,1,BUY
2020-04-30 00:00:00,1.08772,1.08772,1.08516,1.08592,1,BUY
2020-04-30 01:00:00,1.0859,1.08678,1.0856,1.08676,1,BUY
2020-04-30 02:00:00,1.08675,1.08716,1.0862,1.08622,1,BUY
2020-04-30 03:00:00,1.08621,1.08645,1.08595,1.08631,1,BUY
2020-04-30 04:00:00,1.0863,1.0863,1.08546,1.08598,1,BUY
2020-04-30 05:00:00,1.086,1.08686,1.08576,1.08644,1,BUY
2020-04-30 06:00:00,1.08642,1.08835,1.08536,1.08814,1,BUY
2020-04-30 07:00:00,1.08812,1.08914,1.08682,1.08838,1,BUY
2020-04-30 08:00:00,1.0884,1.08888,1.08702,1.08859,1,BUY
2020-04-30 09:00:00,1.08857,1.08884,1.08592,1.08618,1,BUY
2020-04-30 10:00:00,1.0862,1.0882,1.08618,1.08756,1,BUY
2020-04-30 11:00:00,1.08758,1.0886,1.08642,1.08679,1,BUY
2020-04-30 12:00:00,1.08678,1.08812,1.08622,1.08761,1,BUY
2020-04-30 13:00:00,1.08762,1.08767,1.0833,1.0859,1,BUY
2020-04-30 14:00:00,1.08592,1.09616,1.0849,1.09536,1,BUY
2020-04-30 15:00:00,1.09538,1.09725,1.0929,1.09334,1,BUY
2020-04-30 16:00:00,1.09335,1.09386,1.09207,1.09373,1,BUY
2020-04-30 17:00:00,1.09372,1.09522,1.0936,1.09474,1,BUY
2020-04-30 18:00:00,1.09472,1.09575,1.09432,1.09521,1,BUY
2020-04-30 19:00:00,1.0952,1.09637,1.09514,1.09563,1,BUY
2020-04-30 20:00:00,1.09564,1.0959,1.09515,1.0952,1,BUY
2020-04-30 21:00:00,1.09548,1.09554,1.09494,1.09512,1,BUY
2020-04-30 22:00:00,1.09509,1.09522,1.09422,1.09432,1,BUY
2020-04-30 23:00:00,1.09433,1.09476,1.09411,1.0945,1,BUY
2020-05-01 00:00:00,1.09448,1.09556,1.09346,1.09459,1,BUY
2020-05-01 01:00:00,1.09461,1.09468,1.09368,1.09422,1,BUY
2020-05-01 02:00:00,1.0942,1.09464,1.09382,1.09448,1,BUY
2020-05-01 03:00:00,1.09446,1.09463,1.09408,1.09452,1,BUY
2020-05-01 04:00:00,1.0945,1.09498,1.09444,1.09494,1,BUY
2020-05-01 05:00:00,1.09492,1.09555,1.09442,1.09522,1,BUY
2020-05-01 06:00:00,1.09521,1.09646,1.09521,1.09602,1,BUY
2020-05-01 07:00:00,1.096,1.09698,1.0949,1.09647,1,BUY
2020-05-01 08:00:00,1.09646,1.09795,1.09588,1.09762,1,BUY
2020-05-01 09:00:00,1.09764,1.09874,1.0974,1.09818,1,BUY
2020-05-01 10:00:00,1.0982,1.09901,1.09762,1.09816,1,BUY
2020-05-01 11:00:00,1.09814,1.09838,1.0971,1.09732,1,BUY
2020-05-01 12:00:00,1.09732,1.09866,1.09716,1.09807,1,BUY
2020-05-01 13:00:00,1.09808,1.09849,1.09738,1.09754,1,BUY
2020-05-01 14:00:00,1.09758,1.10192,1.09721,1.10077,1,BUY
2020-05-01 15:00:00,1.10078,1.10164,1.0995,1.09978,1,BUY
2020-05-01 16:00:00,1.09979,1.09998,1.0985,1.09874,1,BUY
2020-05-01 17:00:00,1.09876,1.09889,1.09786,1.09818,1,BUY
2020-05-01 18:00:00,1.09819,1.0982,1.09758,1.09767,1,BUY
2020-05-01 19:00:00,1.09765,1.09817,1.09748,1.09794,1,BUY
2020-05-01 20:00:00,1.09792,1.09832,1.09732,1.09794,1,BUY
2020-05-03 21:00:00,1.09715,1.09749,1.09683,1.09696,1,BUY
2020-05-03 22:00:00,1.097,1.09746,1.09532,1.09565,1,BUY
2020-05-03 23:00:00,1.09567,1.09628,1.09539,1.0961,1,BUY
2020-05-04 00:00:00,1.09608,1.09608,1.09464,1.09472,1,BUY
2020-05-04 01:00:00,1.09474,1.09554,1.0947,1.09502,1,BUY
2020-05-04 02:00:00,1.09501,1.09522,1.09436,1.09444,1,BUY
2020-05-04 03:00:00,1.09446,1.09472,1.09408,1.09426,1,BUY
2020-05-04 04:00:00,1.09424,1.09428,1.09351,1.09364,0,SELL
2020-05-04 05:00:00,1.09363,1.09404,1.09272,1.09287,0,SELL
2020-05-04 06:00:00,1.09287,1.09474,1.09251,1.09414,0,SELL
2020-05-04 07:00:00,1.09412,1.09457,1.09258,1.09366,0,SELL
2020-05-04 08:00:00,1.09367,1.09491,1.09236,1.09449,0,SELL
2020-05-04 09:00:00,1.0945,1.09454,1.0927,1.09392,0,SELL
2020-05-04 10:00:00,1.09394,1.09449,1.09308,1.09316,0,SELL
2020-05-04 11:00:00,1.09316,1.09415,1.09252,1.09394,0,SELL
2020-05-04 12:00:00,1.09396,1.09437,1.09308,1.09348,0,SELL
2020-05-04 13:00:00,1.09347,1.0938,1.09218,1.09268,0,SELL
2020-05-04 14:00:00,1.09266,1.09356,1.09038,1.09163,0,SELL
2020-05-04 15:00:00,1.09162,1.09178,1.09004,1.09105,0,SELL
2020-05-04 16:00:00,1.09106,1.09112,1.08958,1.09004,0,SELL
2020-05-04 17:00:00,1.09004,1.09065,1.08969,1.09021,0,SELL
2020-05-04 18:00:00,1.09022,1.09091,1.08998,1.0907,0,SELL
2020-05-04 19:00:00,1.09068,1.09097,1.08958,1.08976,0,SELL
2020-05-04 20:00:00,1.08978,1.09065,1.08961,1.09054,0,SELL
2020-05-04 21:00:00,1.09089,1.09089,1.09021,1.09021,0,SELL
2020-05-04 22:00:00,1.09016,1.09049,1.09006,1.09041,0,SELL
2020-05-04 23:00:00,1.09042,1.09062,1.09022,1.09033,0,SELL
2020-05-05 00:00:00,1.09034,1.09133,1.09033,1.09106,0,SELL
2020-05-05 01:00:00,1.09108,1.09159,1.09086,1.09091,0,SELL
2020-05-05 02:00:00,1.09092,1.09152,1.09074,1.09076,0,SELL
2020-05-05 03:00:00,1.09078,1.09095,1.09018,1.09039,0,SELL
2020-05-05 04:00:00,1.0904,1.09078,1.08997,1.09069,0,SELL
2020-05-05 05:00:00,1.09071,1.09106,1.09054,1.09078,0,SELL
2020-05-05 06:00:00,1.09078,1.0915,1.0901,1.09032,0,SELL
2020-05-05 07:00:00,1.0903,1.09044,1.08851,1.08988,0,SELL
2020-05-05 08:00:00,1.08987,1.09258,1.08418,1.08458,0,SELL
2020-05-05 09:00:00,1.08459,1.08524,1.08261,1.08503,0,SELL
2020-05-05 10:00:00,1.08502,1.08566,1.08329,1.0838,0,SELL
2020-05-05 11:00:00,1.08378,1.08444,1.08305,1.0832,0,SELL
2020-05-05 12:00:00,1.08318,1.08558,1.08307,1.08418,0,SELL
2020-05-05 13:00:00,1.08416,1.08874,1.08412,1.08789,0,SELL
2020-05-05 14:00:00,1.08783,1.08842,1.0839,1.08404,0,SELL
2020-05-05 15:00:00,1.08403,1.08483,1.08366,1.08438,0,SELL
2020-05-05 16:00:00,1.08436,1.08466,1.08343,1.084,0,SELL
2020-05-05 17:00:00,1.08402,1.08448,1.08363,1.08446,0,SELL
2020-05-05 18:00:00,1.08444,1.0858,1.0843,1.08522,0,SELL
2020-05-05 19:00:00,1.0852,1.0853,1.08438,1.08466,0,SELL
2020-05-05 20:00:00,1.08464,1.08478,1.08344,1.08376,0,SELL
2020-05-05 21:00:00,1.08435,1.0846,1.08416,1.08416,0,SELL
2020-05-05 22:00:00,1.08413,1.08435,1.08348,1.08405,0,SELL
2020-05-05 23:00:00,1.08406,1.0841,1.08354,1.08388,0,SELL
2020-05-06 00:00:00,1.08389,1.0844,1.08348,1.08372,0,SELL
2020-05-06 01:00:00,1.08372,1.08409,1.08324,1.08385,0,SELL
2020-05-06 02:00:00,1.08386,1.08424,1.08352,1.08402,0,SELL
2020-05-06 03:00:00,1.08401,1.08409,1.08323,1.08348,0,SELL
2020-05-06 04:00:00,1.08349,1.08408,1.08337,1.08408,0,SELL
2020-05-06 05:00:00,1.08408,1.08413,1.08332,1.08383,0,SELL
2020-05-06 06:00:00,1.08384,1.08392,1.08164,1.08329,0,SELL
2020-05-06 07:00:00,1.08331,1.08365,1.08208,1.08235,0,SELL
2020-05-06 08:00:00,1.08233,1.08248,1.07916,1.08024,0,SELL
2020-05-06 09:00:00,1.08026,1.08034,1.0783,1.07866,0,SELL
2020-05-06 10:00:00,1.07867,1.08068,1.0782,1.0803,0,SELL
2020-05-06 11:00:00,1.08028,1.08158,1.08008,1.08127,0,SELL
2020-05-06 12:00:00,1.08126,1.08198,1.08024,1.08126,0,SELL
2020-05-06 13:00:00,1.08128,1.08268,1.08062,1.08122,0,SELL
2020-05-06 14:00:00,1.08123,1.08156,1.07902,1.07969,0,SELL
2020-05-06 15:00:00,1.0797,1.0808,1.07967,1.08059,0,SELL
2020-05-06 16:00:00,1.08058,1.0817,1.08058,1.08076,0,SELL
2020-05-06 17:00:00,1.08076,1.08132,1.08051,1.0809,0,SELL
2020-05-06 18:00:00,1.08091,1.08114,1.08033,1.08033,0,SELL
2020-05-06 19:00:00,1.08034,1.08058,1.07937,1.07938,0,SELL
2020-05-06 20:00:00,1.07939,1.0797,1.07908,1.07956,0,SELL
2020-05-06 21:00:00,1.07942,1.0798,1.07926,1.07969,0,SELL
2020-05-06 22:00:00,1.07965,1.08004,1.07946,1.07984,0,SELL
2020-05-06 23:00:00,1.07986,1.08002,1.07922,1.07982,0,SELL
2020-05-07 00:00:00,1.07984,1.08024,1.07922,1.0794,0,SELL
2020-05-07 01:00:00,1.07941,1.0801,1.07934,1.08004,0,SELL
2020-05-07 02:00:00,1.08005,1.08028,1.07981,1.08002,0,SELL
2020-05-07 03:00:00,1.08001,1.08046,1.07997,1.08007,0,SELL
2020-05-07 04:00:00,1.08008,1.08024,1.07973,1.07991,0,SELL
2020-05-07 05:00:00,1.0799,1.07993,1.07896,1.07924,0,SELL
2020-05-07 06:00:00,1.07926,1.08057,1.07862,1.07924,0,SELL
2020-05-07 07:00:00,1.07922,1.08164,1.07894,1.0799,0,SELL
2020-05-07 08:00:00,1.07992,1.0804,1.07882,1.0793,0,SELL
2020-05-07 09:00:00,1.07932,1.08003,1.07784,1.07988,0,SELL
2020-05-07 10:00:00,1.07989,1.08014,1.07798,1.0792,0,SELL
2020-05-07 11:00:00,1.0792,1.07949,1.07851,1.07907,0,SELL
2020-05-07 12:00:00,1.07908,1.07996,1.07766,1.07945,0,SELL
2020-05-07 13:00:00,1.07944,1.07967,1.07777,1.07784,0,SELL
2020-05-07 14:00:00,1.07785,1.07931,1.07667,1.0777,0,SELL
2020-05-07 15:00:00,1.07771,1.08156,1.07763,1.08141,0,SELL
2020-05-07 16:00:00,1.08142,1.08186,1.08026,1.08127,0,SELL
2020-05-07 17:00:00,1.08125,1.08339,1.08123,1.08308,0,SELL
2020-05-07 18:00:00,1.0831,1.08335,1.08226,1.0826,0,SELL
2020-05-07 19:00:00,1.08261,1.08326,1.08228,1.08294,0,SELL
2020-05-07 20:00:00,1.08296,1.08342,1.08281,1.08324,1,BUY
2020-05-07 21:00:00,1.08324,1.0839,1.08233,1.08323,1,BUY
2020-05-07 22:00:00,1.0832,1.0841,1.0831,1.0838,1,BUY
2020-05-07 23:00:00,1.08381,1.08402,1.08322,1.08362,1,BUY
2020-05-08 00:00:00,1.0836,1.08498,1.08336,1.0848,1,BUY
2020-05-08 01:00:00,1.08481,1.08528,1.08426,1.08503,1,BUY
2020-05-08 02:00:00,1.08504,1.08548,1.08452,1.08493,1,BUY
2020-05-08 03:00:00,1.08492,1.08514,1.08449,1.08474,1,BUY
2020-05-08 04:00:00,1.08473,1.08479,1.08417,1.0843,1,BUY
2020-05-08 05:00:00,1.08432,1.0846,1.084,1.08414,1,BUY
2020-05-08 06:00:00,1.08413,1.08446,1.08334,1.08337,1,BUY
2020-05-08 07:00:00,1.08336,1.08378,1.08242,1.08246,1,BUY
2020-05-08 08:00:00,1.08246,1.08351,1.08195,1.08345,0,SELL
2020-05-08 09:00:00,1.08346,1.0843,1.08334,1.08418,0,SELL
2020-05-08 10:00:00,1.08416,1.0847,1.08382,1.08432,0,SELL
2020-05-08 11:00:00,1.08431,1.08452,1.0836,1.08408,0,SELL
2020-05-08 12:00:00,1.08408,1.08526,1.08253,1.08362,0,SELL
2020-05-08 13:00:00,1.08363,1.08382,1.08218,1.08259,0,SELL
2020-05-08 14:00:00,1.08258,1.08755,1.08151,1.08722,1,BUY
2020-05-08 15:00:00,1.08721,1.08748,1.08498,1.08538,1,BUY
2020-05-08 16:00:00,1.08537,1.0854,1.08406,1.08468,1,BUY
2020-05-08 17:00:00,1.08466,1.08523,1.08418,1.085,1,BUY
2020-05-08 18:00:00,1.08501,1.08536,1.08416,1.08418,1,BUY
2020-05-08 19:00:00,1.08416,1.08432,1.08328,1.0837,1,BUY
2020-05-08 20:00:00,1.08369,1.08416,1.08347,1.08384,1,BUY
2020-05-10 21:00:00,1.08323,1.08368,1.08252,1.08328,0,SELL
2020-05-10 22:00:00,1.0833,1.08378,1.08262,1.08348,0,SELL
2020-05-10 23:00:00,1.08346,1.08398,1.0829,1.08378,0,SELL
2020-05-11 00:00:00,1.08377,1.08461,1.08342,1.08455,0,SELL
2020-05-11 01:00:00,1.08454,1.08506,1.08414,1.08502,0,SELL
2020-05-11 02:00:00,1.08504,1.08504,1.08454,1.0848,0,SELL
2020-05-11 03:00:00,1.08478,1.08484,1.08448,1.08474,1,BUY
2020-05-11 04:00:00,1.08476,1.08498,1.08466,1.08468,1,BUY
2020-05-11 05:00:00,1.08466,1.08474,1.08405,1.08414,1,BUY
2020-05-11 06:00:00,1.08413,1.08473,1.08365,1.08422,1,BUY
2020-05-11 07:00:00,1.08421,1.0845,1.08265,1.08342,1,BUY
2020-05-11 08:00:00,1.08344,1.08369,1.08086,1.08179,0,SELL
2020-05-11 09:00:00,1.08178,1.08279,1.08103,1.08248,0,SELL
2020-05-11 10:00:00,1.08246,1.083,1.08152,1.0819,0,SELL
2020-05-11 11:00:00,1.08192,1.08227,1.08128,1.08144,0,SELL
2020-05-11 12:00:00,1.08144,1.08258,1.08144,1.08204,0,SELL
2020-05-11 13:00:00,1.08202,1.0844,1.08202,1.0833,0,SELL
2020-05-11 14:00:00,1.08332,1.08366,1.08137,1.08246,0,SELL
2020-05-11 15:00:00,1.08244,1.08268,1.08028,1.08173,0,SELL
2020-05-11 16:00:00,1.08175,1.08175,1.0807,1.08082,0,SELL
2020-05-11 17:00:00,1.08081,1.08124,1.08068,1.08112,0,SELL
2020-05-11 18:00:00,1.0811,1.08114,1.08036,1.08094,0,SELL
2020-05-11 19:00:00,1.08094,1.08175,1.0808,1.08147,0,SELL
2020-05-11 20:00:00,1.08148,1.08166,1.08008,1.0807,0,SELL
2020-05-11 21:00:00,1.08064,1.08074,1.0806,1.0807,0,SELL
2020-05-11 22:00:00,1.08074,1.08106,1.08066,1.08098,0,SELL
2020-05-11 23:00:00,1.08097,1.08108,1.08076,1.08094,0,SELL
2020-05-12 00:00:00,1.08092,1.08104,1.07845,1.07926,0,SELL
2020-05-12 01:00:00,1.07927,1.07958,1.07879,1.07949,0,SELL
2020-05-12 02:00:00,1.07948,1.08008,1.0793,1.08002,0,SELL
2020-05-12 03:00:00,1.08004,1.08073,1.07985,1.08069,0,SELL
2020-05-12 04:00:00,1.08068,1.0809,1.08005,1.08047,0,SELL
2020-05-12 05:00:00,1.08046,1.08173,1.08004,1.08098,0,SELL
2020-05-12 06:00:00,1.08097,1.08247,1.08036,1.08207,0,SELL
2020-05-12 07:00:00,1.08206,1.08278,1.08063,1.0816,0,SELL
2020-05-12 08:00:00,1.08162,1.0827,1.08147,1.08202,0,SELL
2020-05-12 09:00:00,1.08201,1.08246,1.08126,1.08197,0,SELL
2020-05-12 10:00:00,1.08196,1.08367,1.0816,1.08349,0,SELL
2020-05-12 11:00:00,1.0835,1.08488,1.08336,1.08488,1,BUY
2020-05-12 12:00:00,1.08489,1.08644,1.08406,1.08595,1,BUY
2020-05-12 13:00:00,1.08594,1.08852,1.08572,1.08776,1,BUY
2020-05-12 14:00:00,1.08778,1.0879,1.08615,1.08748,1,BUY
2020-05-12 15:00:00,1.08746,1.08778,1.08622,1.08628,1,BUY
2020-05-12 16:00:00,1.0863,1.08664,1.0848,1.08508,1,BUY
2020-05-12 17:00:00,1.08509,1.08582,1.08473,1.08522,1,BUY
2020-05-12 18:00:00,1.0852,1.08583,1.08505,1.08534,1,BUY
2020-05-12 19:00:00,1.08534,1.08564,1.08484,1.08504,1,BUY
2020-05-12 20:00:00,1.08504,1.08518,1.08469,1.08474,1,BUY
2020-05-12 21:00:00,1.08479,1.08482,1.08466,1.08468,1,BUY
2020-05-12 22:00:00,1.0847,1.0852,1.0847,1.08518,1,BUY
2020-05-12 23:00:00,1.08516,1.08516,1.08454,1.08454,1,BUY
2020-05-13 00:00:00,1.08452,1.08574,1.08447,1.08551,1,BUY
2020-05-13 01:00:00,1.08553,1.08568,1.08513,1.08547,1,BUY
2020-05-13 02:00:00,1.08545,1.08562,1.08473,1.08508,1,BUY
2020-05-13 03:00:00,1.08507,1.08524,1.08476,1.0851,1,BUY
2020-05-13 04:00:00,1.08508,1.08508,1.08438,1.08494,1,BUY
2020-05-13 05:00:00,1.08493,1.08542,1.08449,1.08496,1,BUY
2020-05-13 06:00:00,1.08497,1.08558,1.08438,1.0845,1,BUY
2020-05-13 07:00:00,1.08448,1.08506,1.08306,1.08384,1,BUY
2020-05-13 08:00:00,1.08382,1.08458,1.08354,1.08425,1,BUY
2020-05-13 09:00:00,1.08424,1.08476,1.0835,1.08428,0,SELL
2020-05-13 10:00:00,1.08426,1.08658,1.08406,1.08652,1,BUY
2020-05-13 11:00:00,1.08654,1.08786,1.08604,1.08766,1,BUY
2020-05-13 12:00:00,1.08768,1.08812,1.08713,1.08793,1,BUY
2020-05-13 13:00:00,1.08792,1.08965,1.08534,1.08614,1,BUY
2020-05-13 14:00:00,1.08616,1.08651,1.08372,1.08384,1,BUY
2020-05-13 15:00:00,1.08385,1.08465,1.08304,1.08363,1,BUY
2020-05-13 16:00:00,1.08361,1.08391,1.08197,1.08222,1,BUY
2020-05-13 17:00:00,1.0822,1.08223,1.08124,1.08177,0,SELL
2020-05-13 18:00:00,1.08176,1.0824,1.08151,1.08154,0,SELL
2020-05-13 19:00:00,1.08152,1.08206,1.08116,1.0815,0,SELL
2020-05-13 20:00:00,1.08148,1.08192,1.08138,1.08186,0,SELL
2020-05-13 21:00:00,1.08186,1.08214,1.08174,1.08214,0,SELL
2020-05-13 22:00:00,1.08209,1.08212,1.08157,1.08183,0,SELL
2020-05-13 23:00:00,1.08182,1.0822,1.08167,1.08212,0,SELL
2020-05-14 00:00:00,1.08212,1.0824,1.08172,1.08216,0,SELL
2020-05-14 01:00:00,1.08215,1.08218,1.08088,1.08095,0,SELL
2020-05-14 02:00:00,1.08094,1.08152,1.08091,1.0815,0,SELL
2020-05-14 03:00:00,1.0815,1.08154,1.08072,1.0809,0,SELL
2020-05-14 04:00:00,1.08092,1.08102,1.08052,1.08094,0,SELL
2020-05-14 05:00:00,1.08093,1.08112,1.08044,1.08075,0,SELL
2020-05-14 06:00:00,1.08074,1.08132,1.08015,1.08078,0,SELL
2020-05-14 07:00:00,1.08079,1.08138,1.07963,1.08046,0,SELL
2020-05-14 08:00:00,1.08046,1.08206,1.08022,1.08101,0,SELL
2020-05-14 09:00:00,1.08102,1.0813,1.08064,1.08086,0,SELL
2020-05-14 10:00:00,1.08088,1.08092,1.07835,1.07916,0,SELL
2020-05-14 11:00:00,1.07918,1.07947,1.07753,1.07894,0,SELL
2020-05-14 12:00:00,1.07892,1.07952,1.0775,1.0789,0,SELL
2020-05-14 13:00:00,1.07888,1.08012,1.0784,1.07906,0,SELL
2020-05-14 14:00:00,1.07904,1.08164,1.0789,1.08114,0,SELL
2020-05-14 15:00:00,1.08116,1.08152,1.07884,1.07986,0,SELL
2020-05-14 16:00:00,1.07988,1.08046,1.07812,1.07825,0,SELL
2020-05-14 17:00:00,1.07826,1.07908,1.07802,1.07824,0,SELL
2020-05-14 18:00:00,1.07822,1.07867,1.07803,1.07834,0,SELL
2020-05-14 19:00:00,1.07832,1.08027,1.07818,1.07997,0,SELL
2020-05-14 20:00:00,1.07998,1.08049,1.07974,1.08046,0,SELL
2020-05-14 21:00:00,1.08046,1.08074,1.08042,1.08068,0,SELL
2020-05-14 22:00:00,1.08071,1.08076,1.08018,1.08035,0,SELL
2020-05-14 23:00:00,1.08036,1.08082,1.08031,1.08062,0,SELL
2020-05-15 00:00:00,1.08064,1.08073,1.07995,1.08054,0,SELL
2020-05-15 01:00:00,1.08056,1.08072,1.08014,1.08026,0,SELL
2020-05-15 02:00:00,1.08027,1.08038,1.07986,1.08031,0,SELL
2020-05-15 03:00:00,1.08032,1.08072,1.08024,1.08054,0,SELL
2020-05-15 04:00:00,1.08052,1.0807,1.08037,1.08054,0,SELL
2020-05-15 05:00:00,1.08055,1.08074,1.08032,1.08066,0,SELL
2020-05-15 06:00:00,1.08064,1.08101,1.07956,1.07992,0,SELL
2020-05-15 07:00:00,1.0799,1.0819,1.07932,1.08162,0,SELL
2020-05-15 08:00:00,1.0816,1.08196,1.08058,1.08112,0,SELL
2020-05-15 09:00:00,1.08111,1.08172,1.0807,1.08128,0,SELL
2020-05-15 10:00:00,1.0813,1.0819,1.08063,1.08104,0,SELL
2020-05-15 11:00:00,1.08102,1.08164,1.07971,1.08002,0,SELL
2020-05-15 12:00:00,1.08,1.084,1.0789,1.08297,0,SELL
2020-05-15 13:00:00,1.08296,1.0851,1.08226,1.08382,0,SELL
2020-05-15 14:00:00,1.08384,1.08392,1.08144,1.08193,1,BUY
2020-05-15 15:00:00,1.08194,1.08256,1.0811,1.08156,1,BUY
2020-05-15 16:00:00,1.08154,1.08222,1.08038,1.0807,1,BUY
2020-05-15 17:00:00,1.0807,1.08132,1.08046,1.08109,0,SELL
2020-05-15 18:00:00,1.08108,1.08174,1.08086,1.08142,0,SELL
2020-05-15 19:00:00,1.08142,1.08188,1.08121,1.08172,0,SELL
2020-05-15 20:00:00,1.08172,1.08214,1.08126,1.08197,0,SELL
2020-05-17 21:00:00,1.08132,1.08215,1.08079,1.0816,0,SELL
2020-05-17 22:00:00,1.08165,1.08235,1.0816,1.08212,0,SELL
2020-05-17 23:00:00,1.08213,1.08232,1.0818,1.08186,0,SELL
2020-05-18 00:00:00,1.08184,1.08233,1.08163,1.08168,0,SELL
2020-05-18 01:00:00,1.0817,1.08237,1.08144,1.08228,0,SELL
2020-05-18 02:00:00,1.08226,1.0827,1.0822,1.08254,0,SELL
2020-05-18 03:00:00,1.08253,1.08265,1.08226,1.08238,1,BUY
2020-05-18 04:00:00,1.0824,1.08248,1.08194,1.08206,1,BUY
2020-05-18 05:00:00,1.08204,1.08211,1.08178,1.08187,1,BUY
2020-05-18 06:00:00,1.08186,1.08285,1.08169,1.08196,0,SELL
2020-05-18 07:00:00,1.08196,1.08252,1.08076,1.08132,0,SELL
2020-05-18 08:00:00,1.08133,1.0817,1.08024,1.08095,0,SELL
2020-05-18 09:00:00,1.08094,1.08097,1.07998,1.08084,0,SELL
2020-05-18 10:00:00,1.08082,1.08168,1.08029,1.08117,0,SELL
2020-05-18 11:00:00,1.08118,1.08228,1.08092,1.08201,0,SELL
2020-05-18 12:00:00,1.082,1.08439,1.08197,1.08378,0,SELL
2020-05-18 13:00:00,1.08378,1.08668,1.0837,1.08573,1,BUY
2020-05-18 14:00:00,1.08574,1.08698,1.08508,1.08574,1,BUY
2020-05-18 15:00:00,1.08572,1.09138,1.08534,1.0903,1,BUY
2020-05-18 16:00:00,1.09028,1.09202,1.0899,1.09092,1,BUY
2020-05-18 17:00:00,1.09091,1.09271,1.09052,1.09178,1,BUY
2020-05-18 18:00:00,1.09177,1.09188,1.09103,1.09142,1,BUY
2020-05-18 19:00:00,1.0914,1.09212,1.09128,1.0921,1,BUY
2020-05-18 20:00:00,1.09208,1.09211,1.09144,1.0915,1,BUY
2020-05-18 21:00:00,1.09153,1.09219,1.09122,1.0915,1,BUY
2020-05-18 22:00:00,1.09148,1.09192,1.09135,1.09166,1,BUY
2020-05-18 23:00:00,1.09168,1.09179,1.0913,1.0914,1,BUY
2020-05-19 00:00:00,1.09138,1.0924,1.09134,1.0919,1,BUY
2020-05-19 01:00:00,1.09188,1.092,1.09097,1.09112,1,BUY
2020-05-19 02:00:00,1.09111,1.09117,1.09052,1.09052,1,BUY
2020-05-19 03:00:00,1.09053,1.09098,1.09022,1.09084,1,BUY
2020-05-19 04:00:00,1.09086,1.09136,1.09086,1.09098,1,BUY
2020-05-19 05:00:00,1.09096,1.09159,1.09078,1.09155,1,BUY
2020-05-19 06:00:00,1.09154,1.09429,1.09144,1.09402,1,BUY
2020-05-19 07:00:00,1.09402,1.09454,1.09256,1.09293,1,BUY
2020-05-19 08:00:00,1.09292,1.09536,1.09215,1.09516,1,BUY
2020-05-19 09:00:00,1.09514,1.09564,1.09448,1.09468,1,BUY
2020-05-19 10:00:00,1.09467,1.09762,1.09439,1.09684,1,BUY
2020-05-19 11:00:00,1.09682,1.09688,1.09436,1.09484,1,BUY
2020-05-19 12:00:00,1.09483,1.09531,1.09422,1.09506,1,BUY
2020-05-19 13:00:00,1.09505,1.09508,1.09263,1.09346,1,BUY
2020-05-19 14:00:00,1.09347,1.09496,1.09294,1.0948,1,BUY
2020-05-19 15:00:00,1.09481,1.09488,1.09242,1.09367,1,BUY
2020-05-19 16:00:00,1.09366,1.09378,1.0928,1.09295,1,BUY
2020-05-19 17:00:00,1.09294,1.09408,1.09266,1.09399,1,BUY
2020-05-19 18:00:00,1.09398,1.09542,1.09374,1.09464,1,BUY
2020-05-19 19:00:00,1.09463,1.09476,1.09252,1.09255,1,BUY
2020-05-19 20:00:00,1.09257,1.09274,1.09188,1.09234,1,BUY
2020-05-19 21:00:00,1.09263,1.09271,1.09193,1.0921,1,BUY
2020-05-19 22:00:00,1.09207,1.09252,1.09191,1.09244,1,BUY
2020-05-19 23:00:00,1.09242,1.09276,1.09229,1.09262,1,BUY
2020-05-20 00:00:00,1.09263,1.09396,1.09263,1.09384,1,BUY
2020-05-20 01:00:00,1.09386,1.09449,1.0937,1.09439,1,BUY
2020-05-20 02:00:00,1.09438,1.09452,1.09358,1.09372,1,BUY
2020-05-20 03:00:00,1.09371,1.09469,1.09371,1.09404,1,BUY
2020-05-20 04:00:00,1.09403,1.09422,1.09376,1.09412,1,BUY
2020-05-20 05:00:00,1.09413,1.09458,1.09402,1.09432,1,BUY
2020-05-20 06:00:00,1.09433,1.09492,1.0938,1.09423,1,BUY
2020-05-20 07:00:00,1.09422,1.09602,1.0938,1.09426,1,BUY
2020-05-20 08:00:00,1.09428,1.09474,1.09405,1.09423,1,BUY
2020-05-20 09:00:00,1.09422,1.09562,1.09386,1.09504,1,BUY
2020-05-20 10:00:00,1.09506,1.0954,1.09381,1.09539,1,BUY
2020-05-20 11:00:00,1.09538,1.09654,1.09501,1.09642,1,BUY
2020-05-20 12:00:00,1.09644,1.09668,1.09494,1.09652,1,BUY
2020-05-20 13:00:00,1.09653,1.09838,1.09624,1.0981,1,BUY
2020-05-20 14:00:00,1.09809,1.09991,1.09777,1.09914,1,BUY
2020-05-20 15:00:00,1.09914,1.09959,1.0977,1.09794,1,BUY
2020-05-20 16:00:00,1.09792,1.09808,1.09713,1.09758,1,BUY
2020-05-20 17:00:00,1.0976,1.0989,1.09733,1.09808,1,BUY
2020-05-20 18:00:00,1.09809,1.09923,1.0979,1.09856,1,BUY
2020-05-20 19:00:00,1.09857,1.09876,1.09804,1.09813,1,BUY
2020-05-20 20:00:00,1.09815,1.0982,1.0975,1.0979,1,BUY
2020-05-20 21:00:00,1.09799,1.09814,1.09783,1.09792,1,BUY
2020-05-20 22:00:00,1.09795,1.09814,1.09788,1.09793,1,BUY
2020-05-20 23:00:00,1.09795,1.09808,1.09785,1.09796,1,BUY
2020-05-21 00:00:00,1.09797,1.09797,1.0968,1.09682,1,BUY
2020-05-21 01:00:00,1.09684,1.09688,1.09568,1.09613,1,BUY
2020-05-21 02:00:00,1.09614,1.0964,1.09568,1.09632,1,BUY
2020-05-21 03:00:00,1.09631,1.0964,1.09586,1.09608,1,BUY
2020-05-21 04:00:00,1.09608,1.09642,1.09596,1.09607,1,BUY
2020-05-21 05:00:00,1.09608,1.09614,1.09522,1.0955,1,BUY
2020-05-21 06:00:00,1.09548,1.09674,1.09528,1.09669,1,BUY
2020-05-21 07:00:00,1.0967,1.0979,1.09567,1.09672,1,BUY
2020-05-21 08:00:00,1.0967,1.09734,1.09623,1.09723,1,BUY
2020-05-21 09:00:00,1.09724,1.09762,1.09604,1.09608,1,BUY
2020-05-21 10:00:00,1.0961,1.09925,1.09608,1.09851,1,BUY
2020-05-21 11:00:00,1.09852,1.10033,1.09832,1.09938,1,BUY
2020-05-21 12:00:00,1.0994,1.10085,1.09826,1.09954,1,BUY
2020-05-21 13:00:00,1.09953,1.09953,1.0967,1.09861,1,BUY
2020-05-21 14:00:00,1.0986,1.09892,1.09372,1.09392,1,BUY
2020-05-21 15:00:00,1.09393,1.0959,1.0939,1.09516,1,BUY
2020-05-21 16:00:00,1.09518,1.09588,1.09505,1.0955,1,BUY
2020-05-21 17:00:00,1.09551,1.09688,1.0955,1.09581,1,BUY
2020-05-21 18:00:00,1.09582,1.09596,1.09504,1.09556,0,SELL
2020-05-21 19:00:00,1.09554,1.09618,1.09462,1.09496,0,SELL
2020-05-21 20:00:00,1.09497,1.09505,1.09418,1.09505,0,SELL
2020-05-21 21:00:00,1.09505,1.09521,1.09472,1.09476,0,SELL
2020-05-21 22:00:00,1.09478,1.0953,1.09476,1.09507,0,SELL
2020-05-21 23:00:00,1.09508,1.0952,1.09484,1.09494,0,SELL
2020-05-22 00:00:00,1.09495,1.09538,1.09466,1.09476,0,SELL
2020-05-22 01:00:00,1.09474,1.09514,1.09447,1.09464,0,SELL
2020-05-22 02:00:00,1.09462,1.09464,1.09364,1.09414,0,SELL
2020-05-22 03:00:00,1.09412,1.09432,1.09302,1.09348,0,SELL
2020-05-22 04:00:00,1.09346,1.09346,1.09272,1.09295,0,SELL
2020-05-22 05:00:00,1.09294,1.09298,1.09187,1.09278,0,SELL
2020-05-22 06:00:00,1.09278,1.09322,1.09216,1.09268,0,SELL
2020-05-22 07:00:00,1.09269,1.09288,1.09041,1.09041,0,SELL
2020-05-22 08:00:00,1.09042,1.09125,1.08961,1.08994,0,SELL
2020-05-22 09:00:00,1.08992,1.09074,1.08872,1.08922,0,SELL
2020-05-22 10:00:00,1.08921,1.09061,1.08894,1.09032,0,SELL
2020-05-22 11:00:00,1.0903,1.09134,1.08976,1.09056,0,SELL
2020-05-22 12:00:00,1.09057,1.09088,1.0898,1.08983,0,SELL
2020-05-22 13:00:00,1.08982,1.09048,1.08913,1.08962,0,SELL
2020-05-22 14:00:00,1.08964,1.09036,1.08854,1.08907,0,SELL
2020-05-22 15:00:00,1.08906,1.08996,1.08893,1.08931,0,SELL
2020-05-22 16:00:00,1.08932,1.08946,1.08874,1.08882,0,SELL
2020-05-22 17:00:00,1.0888,1.08948,1.08878,1.08928,0,SELL
2020-05-22 18:00:00,1.08928,1.09006,1.08928,1.08976,0,SELL
2020-05-22 19:00:00,1.08974,1.0906,1.08961,1.09039,0,SELL
2020-05-22 20:00:00,1.0904,1.09048,1.09,1.09024,0,SELL
2020-05-24 21:00:00,1.09012,1.09012,1.0896,1.08965,0,SELL
2020-05-24 22:00:00,1.08968,1.09056,1.08968,1.09044,0,SELL
2020-05-24 23:00:00,1.09042,1.09086,1.09028,1.09081,0,SELL
2020-05-25 00:00:00,1.09082,1.09088,1.0901,1.09018,0,SELL
2020-05-25 01:00:00,1.09016,1.09024,1.08924,1.08943,0,SELL
2020-05-25 02:00:00,1.08942,1.08968,1.08874,1.08877,0,SELL
2020-05-25 03:00:00,1.08878,1.08924,1.08878,1.08896,0,SELL
2020-05-25 04:00:00,1.08897,1.08911,1.08888,1.08907,0,SELL
2020-05-25 05:00:00,1.08908,1.08934,1.08868,1.08884,0,SELL
2020-05-25 06:00:00,1.08882,1.08904,1.08743,1.08784,0,SELL
2020-05-25 07:00:00,1.08786,1.08822,1.08706,1.08764,0,SELL
2020-05-25 08:00:00,1.08762,1.08912,1.08758,1.08892,0,SELL
2020-05-25 09:00:00,1.08893,1.09023,1.08885,1.09018,0,SELL
2020-05-25 10:00:00,1.09016,1.09045,1.08988,1.09004,0,SELL
2020-05-25 11:00:00,1.09006,1.09138,1.0894,1.09134,0,SELL
2020-05-25 12:00:00,1.09134,1.09146,1.09032,1.09043,0,SELL
2020-05-25 13:00:00,1.09042,1.09103,1.08912,1.08954,0,SELL
2020-05-25 14:00:00,1.08953,1.09,1.089,1.08927,0,SELL
2020-05-25 15:00:00,1.08926,1.08994,1.08924,1.08953,0,SELL
2020-05-25 16:00:00,1.08954,1.08972,1.08918,1.08935,0,SELL
2020-05-25 17:00:00,1.08937,1.08983,1.08932,1.0898,0,SELL
2020-05-25 18:00:00,1.08978,1.0899,1.08968,1.08985,0,SELL
2020-05-25 19:00:00,1.08987,1.08998,1.0896,1.08965,0,SELL
2020-05-25 20:00:00,1.08964,1.08976,1.08941,1.08969,0,SELL
2020-05-25 21:00:00,1.08969,1.0897,1.08929,1.08941,0,SELL
2020-05-25 22:00:00,1.08936,1.08953,1.08924,1.0895,0,SELL
2020-05-25 23:00:00,1.08952,1.09017,1.08948,1.09016,0,SELL
2020-05-26 00:00:00,1.09018,1.09106,1.08968,1.091,0,SELL
2020-05-26 01:00:00,1.09101,1.09144,1.09081,1.09125,0,SELL
2020-05-26 02:00:00,1.09127,1.09142,1.09079,1.0912,0,SELL
2020-05-26 03:00:00,1.09119,1.09198,1.09108,1.09183,0,SELL
2020-05-26 04:00:00,1.09182,1.0922,1.09165,1.09194,1,BUY
2020-05-26 05:00:00,1.09192,1.09224,1.09164,1.09224,1,BUY
2020-05-26 06:00:00,1.09225,1.09296,1.09178,1.09186,1,BUY
2020-05-26 07:00:00,1.09184,1.09392,1.09148,1.09354,1,BUY
2020-05-26 08:00:00,1.09352,1.09598,1.09332,1.09574,1,BUY
2020-05-26 09:00:00,1.09576,1.09732,1.09576,1.09631,1,BUY
2020-05-26 10:00:00,1.09632,1.09653,1.09518,1.09538,1,BUY
2020-05-26 11:00:00,1.09537,1.09803,1.09522,1.09784,1,BUY
2020-05-26 12:00:00,1.09786,1.0979,1.09617,1.09709,1,BUY
2020-05-26 13:00:00,1.09708,1.098,1.0964,1.09796,1,BUY
2020-05-26 14:00:00,1.09794,1.09898,1.09726,1.09868,1,BUY
2020-05-26 15:00:00,1.0987,1.09918,1.0969,1.09693,1,BUY
2020-05-26 16:00:00,1.09694,1.09767,1.0968,1.09764,1,BUY
2020-05-26 17:00:00,1.09765,1.09848,1.09706,1.09791,1,BUY
2020-05-26 18:00:00,1.0979,1.09946,1.09787,1.0994,1,BUY
2020-05-26 19:00:00,1.09941,1.09959,1.09787,1.09818,1,BUY
2020-05-26 20:00:00,1.09819,1.09892,1.09812,1.09822,1,BUY
2020-05-26 21:00:00,1.09827,1.09842,1.09754,1.09758,1,BUY
2020-05-26 22:00:00,1.09761,1.09825,1.09761,1.09818,1,BUY
2020-05-26 23:00:00,1.0982,1.09852,1.09786,1.09791,1,BUY
2020-05-27 00:00:00,1.09789,1.09796,1.0968,1.09702,1,BUY
2020-05-27 01:00:00,1.09704,1.09752,1.09671,1.09676,1,BUY
2020-05-27 02:00:00,1.09677,1.09681,1.09552,1.09598,1,BUY
2020-05-27 03:00:00,1.09599,1.09642,1.0959,1.09621,1,BUY
2020-05-27 04:00:00,1.09623,1.0963,1.09536,1.0955,1,BUY
2020-05-27 05:00:00,1.09548,1.09598,1.09522,1.09587,1,BUY
2020-05-27 06:00:00,1.09586,1.09656,1.09511,1.09573,1,BUY
2020-05-27 07:00:00,1.09574,1.09653,1.09522,1.09652,1,BUY
2020-05-27 08:00:00,1.0965,1.09792,1.09558,1.09566,1,BUY
2020-05-27 09:00:00,1.09568,1.10308,1.09338,1.10254,1,BUY
2020-05-27 10:00:00,1.10253,1.1031,1.10086,1.10164,1,BUY
2020-05-27 11:00:00,1.10166,1.10301,1.10132,1.10176,1,BUY
2020-05-27 12:00:00,1.10177,1.10216,1.09771,1.09984,1,BUY
2020-05-27 13:00:00,1.09982,1.101,1.09818,1.09878,1,BUY
2020-05-27 14:00:00,1.09876,1.10167,1.09716,1.09734,1,BUY
2020-05-27 15:00:00,1.09732,1.09816,1.09554,1.09679,1,BUY
2020-05-27 16:00:00,1.0968,1.09851,1.09673,1.0975,1,BUY
2020-05-27 17:00:00,1.09749,1.09919,1.09686,1.09916,1,BUY
2020-05-27 18:00:00,1.09917,1.09934,1.09852,1.099,1,BUY
2020-05-27 19:00:00,1.09898,1.10034,1.09877,1.09975,1,BUY
2020-05-27 20:00:00,1.09976,1.10094,1.09974,1.10091,1,BUY
2020-05-27 21:00:00,1.10058,1.10126,1.10034,1.10064,1,BUY
2020-05-27 22:00:00,1.10067,1.10136,1.10066,1.10134,1,BUY
2020-05-27 23:00:00,1.10132,1.10171,1.10126,1.10168,1,BUY
2020-05-28 00:00:00,1.10166,1.1027,1.10098,1.10232,1,BUY
2020-05-28 01:00:00,1.10234,1.10354,1.1016,1.10266,1,BUY
2020-05-28 02:00:00,1.10265,1.10293,1.10146,1.10184,1,BUY
2020-05-28 03:00:00,1.10185,1.10213,1.10094,1.10116,1,BUY
2020-05-28 04:00:00,1.10114,1.10119,1.10058,1.1008,1,BUY
2020-05-28 05:00:00,1.10082,1.10182,1.10056,1.10125,1,BUY
2020-05-28 06:00:00,1.10123,1.10305,1.10089,1.102,1,BUY
2020-05-28 07:00:00,1.10198,1.10217,1.09963,1.10044,1,BUY
2020-05-28 08:00:00,1.10045,1.10094,1.09917,1.0999,1,BUY
2020-05-28 09:00:00,1.09989,1.10152,1.09923,1.10096,1,BUY
2020-05-28 10:00:00,1.10095,1.10113,1.09962,1.10072,1,BUY
2020-05-28 11:00:00,1.10073,1.102,1.10002,1.10068,1,BUY
2020-05-28 12:00:00,1.10067,1.10296,1.1006,1.10217,1,BUY
2020-05-28 13:00:00,1.10216,1.10405,1.10216,1.10392,1,BUY
2020-05-28 14:00:00,1.10393,1.10598,1.10304,1.10552,1,BUY
2020-05-28 15:00:00,1.10554,1.10688,1.10503,1.10688,1,BUY
2020-05-28 16:00:00,1.10688,1.10828,1.10668,1.10821,1,BUY
2020-05-28 17:00:00,1.10822,1.109,1.1076,1.10814,1,BUY
2020-05-28 18:00:00,1.10816,1.10898,1.10814,1.10888,1,BUY
2020-05-28 19:00:00,1.10886,1.10938,1.1067,1.10714,1,BUY
2020-05-28 20:00:00,1.10713,1.10796,1.10708,1.10773,1,BUY
2020-05-28 21:00:00,1.10773,1.10816,1.10725,1.1079,1,BUY
2020-05-28 22:00:00,1.10792,1.1082,1.10738,1.10743,1,BUY
2020-05-28 23:00:00,1.10742,1.10796,1.10726,1.10782,1,BUY
2020-05-29 00:00:00,1.1078,1.1081,1.10699,1.10766,1,BUY
2020-05-29 01:00:00,1.10768,1.10882,1.10742,1.10871,1,BUY
2020-05-29 02:00:00,1.1087,1.10891,1.10822,1.10884,1,BUY
2020-05-29 03:00:00,1.10885,1.10906,1.10841,1.10896,1,BUY
2020-05-29 04:00:00,1.10898,1.11006,1.10898,1.10997,1,BUY
2020-05-29 05:00:00,1.10998,1.1111,1.10924,1.11007,1,BUY
2020-05-29 06:00:00,1.11008,1.11073,1.10896,1.10996,1,BUY
2020-05-29 07:00:00,1.10994,1.1114,1.10896,1.11052,1,BUY
2020-05-29 08:00:00,1.1105,1.11201,1.1096,1.1117,1,BUY
2020-05-29 09:00:00,1.11172,1.1138,1.11128,1.1133,1,BUY
2020-05-29 10:00:00,1.11328,1.11409,1.11262,1.11306,1,BUY
2020-05-29 11:00:00,1.11305,1.1142,1.11294,1.11354,1,BUY
2020-05-29 12:00:00,1.11355,1.11454,1.11294,1.11298,1,BUY
2020-05-29 13:00:00,1.11299,1.11308,1.11016,1.11196,1,BUY
2020-05-29 14:00:00,1.11198,1.1133,1.11108,1.11252,1,BUY
2020-05-29 15:00:00,1.1125,1.11284,1.10942,1.1107,1,BUY
2020-05-29 16:00:00,1.11068,1.11112,1.10896,1.1098,1,BUY
2020-05-29 17:00:00,1.10978,1.1099,1.1081,1.10913,1,BUY
2020-05-29 18:00:00,1.10914,1.11008,1.10843,1.10996,1,BUY
2020-05-29 19:00:00,1.10998,1.11066,1.1086,1.10999,1,BUY
2020-05-29 20:00:00,1.11,1.11088,1.10976,1.11053,1,BUY
2020-05-31 22:00:00,1.11053,1.11144,1.11025,1.11122,1,BUY
2020-05-31 23:00:00,1.1112,1.11198,1.11117,1.11158,1,BUY
2020-06-01 00:00:00,1.1116,1.11262,1.11126,1.1122,1,BUY
2020-06-01 01:00:00,1.11218,1.11405,1.11164,1.11344,1,BUY
2020-06-01 02:00:00,1.11346,1.11404,1.113,1.11374,1,BUY
2020-06-01 03:00:00,1.11373,1.11384,1.11326,1.11329,1,BUY
2020-06-01 04:00:00,1.1133,1.11382,1.11326,1.11334,1,BUY
2020-06-01 05:00:00,1.11332,1.11426,1.11304,1.11398,1,BUY
2020-06-01 06:00:00,1.11398,1.11508,1.11352,1.11372,1,BUY
2020-06-01 07:00:00,1.1137,1.11542,1.11319,1.1149,1,BUY
2020-06-01 08:00:00,1.11491,1.11491,1.11164,1.11397,1,BUY
2020-06-01 09:00:00,1.11398,1.11412,1.11077,1.11142,1,BUY
2020-06-01 10:00:00,1.1114,1.11165,1.11004,1.1106,1,BUY
2020-06-01 11:00:00,1.11058,1.11204,1.11057,1.11119,1,BUY
2020-06-01 12:00:00,1.11121,1.11209,1.11007,1.111,1,BUY
2020-06-01 13:00:00,1.11099,1.1127,1.11034,1.11256,1,BUY
2020-06-01 14:00:00,1.11257,1.11386,1.11194,1.11372,1,BUY
2020-06-01 15:00:00,1.11372,1.11406,1.1113,1.11228,1,BUY
2020-06-01 16:00:00,1.1123,1.11298,1.11192,1.11298,1,BUY
2020-06-01 17:00:00,1.11296,1.11328,1.11252,1.11294,1,BUY
2020-06-01 18:00:00,1.11295,1.1133,1.11226,1.11326,1,BUY
2020-06-01 19:00:00,1.11324,1.11366,1.11292,1.11353,1,BUY
2020-06-01 20:00:00,1.11352,1.11364,1.1131,1.11345,1,BUY
2020-06-01 21:00:00,1.1136,1.11364,1.11312,1.11321,1,BUY
2020-06-01 22:00:00,1.11324,1.11358,1.1131,1.11326,1,BUY
2020-06-01 23:00:00,1.11324,1.11326,1.11242,1.11254,1,BUY
2020-06-02 00:00:00,1.11256,1.11386,1.11246,1.11319,1,BUY
2020-06-02 01:00:00,1.1132,1.1133,1.11234,1.11259,1,BUY
2020-06-02 02:00:00,1.1126,1.11265,1.1119,1.1124,1,BUY
2020-06-02 03:00:00,1.11242,1.11272,1.11231,1.1127,1,BUY
2020-06-02 04:00:00,1.11268,1.11278,1.11234,1.11258,1,BUY
2020-06-02 05:00:00,1.11259,1.11376,1.11248,1.1134,1,BUY
2020-06-02 06:00:00,1.11341,1.1138,1.11154,1.11187,1,BUY
2020-06-02 07:00:00,1.11188,1.11369,1.11164,1.1128,1,BUY
2020-06-02 08:00:00,1.11278,1.11714,1.11234,1.11702,1,BUY
2020-06-02 09:00:00,1.11704,1.1188,1.11702,1.11802,1,BUY
2020-06-02 10:00:00,1.11804,1.11812,1.11644,1.11686,1,BUY
2020-06-02 11:00:00,1.11687,1.117,1.11548,1.11691,1,BUY
2020-06-02 12:00:00,1.11692,1.11794,1.11571,1.11651,1,BUY
2020-06-02 13:00:00,1.11649,1.1189,1.11634,1.1189,1,BUY
2020-06-02 14:00:00,1.11889,1.11962,1.11754,1.11834,1,BUY
2020-06-02 15:00:00,1.11836,1.1188,1.11642,1.11658,1,BUY
2020-06-02 16:00:00,1.1166,1.11838,1.11636,1.1174,1,BUY
2020-06-02 17:00:00,1.1174,1.11814,1.1164,1.11706,1,BUY
2020-06-02 18:00:00,1.11708,1.11746,1.11652,1.11723,1,BUY
2020-06-02 19:00:00,1.11722,1.11735,1.1161,1.11653,1,BUY
2020-06-02 20:00:00,1.11654,1.11696,1.11633,1.11692,1,BUY
2020-06-02 21:00:00,1.11692,1.11726,1.11688,1.11704,1,BUY
2020-06-02 22:00:00,1.11701,1.11745,1.11669,1.11733,1,BUY
2020-06-02 23:00:00,1.11732,1.11878,1.11692,1.11856,1,BUY
2020-06-03 00:00:00,1.11854,1.12012,1.11798,1.11928,1,BUY
2020-06-03 01:00:00,1.1193,1.12008,1.11858,1.11879,1,BUY
2020-06-03 02:00:00,1.11878,1.11969,1.11828,1.11954,1,BUY
2020-06-03 03:00:00,1.11952,1.12114,1.11938,1.12079,1,BUY
2020-06-03 04:00:00,1.12078,1.12093,1.12022,1.12033,1,BUY
2020-06-03 05:00:00,1.12032,1.12122,1.11996,1.1204,1,BUY
2020-06-03 06:00:00,1.12042,1.12138,1.12032,1.1209,1,BUY
2020-06-03 07:00:00,1.12089,1.12278,1.1206,1.12164,1,BUY
2020-06-03 08:00:00,1.12166,1.12183,1.11912,1.12108,1,BUY
2020-06-03 09:00:00,1.12107,1.1227,1.12104,1.12174,1,BUY
2020-06-03 10:00:00,1.12174,1.12179,1.11998,1.12001,1,BUY
2020-06-03 11:00:00,1.11999,1.12062,1.1184,1.11944,1,BUY
2020-06-03 12:00:00,1.11942,1.121,1.11863,1.11916,1,BUY
2020-06-03 13:00:00,1.11914,1.12186,1.11866,1.12152,1,BUY
2020-06-03 14:00:00,1.1215,1.12366,1.12127,1.12168,1,BUY
2020-06-03 15:00:00,1.12168,1.12515,1.12158,1.12462,1,BUY
2020-06-03 16:00:00,1.12462,1.12494,1.1234,1.12366,1,BUY
2020-06-03 17:00:00,1.12368,1.12402,1.12323,1.12402,1,BUY
2020-06-03 18:00:00,1.124,1.1243,1.12332,1.1238,1,BUY
2020-06-03 19:00:00,1.12381,1.1258,1.12356,1.1242,1,BUY
2020-06-03 20:00:00,1.12422,1.1244,1.1232,1.12332,1,BUY
2020-06-03 21:00:00,1.1234,1.1238,1.12334,1.12356,1,BUY
2020-06-03 22:00:00,1.12353,1.12364,1.12298,1.12324,1,BUY
2020-06-03 23:00:00,1.12325,1.12367,1.12307,1.12352,1,BUY
2020-06-04 00:00:00,1.12353,1.12354,1.12137,1.12222,1,BUY
2020-06-04 01:00:00,1.12224,1.12247,1.1216,1.122,1,BUY
2020-06-04 02:00:00,1.12202,1.12223,1.12143,1.12144,1,BUY
2020-06-04 03:00:00,1.12143,1.12188,1.12123,1.12164,1,BUY
2020-06-04 04:00:00,1.12166,1.12184,1.12112,1.12156,1,BUY
2020-06-04 05:00:00,1.12158,1.12201,1.12136,1.12147,1,BUY
2020-06-04 06:00:00,1.12148,1.12214,1.12004,1.12118,1,BUY
2020-06-04 07:00:00,1.12118,1.12127,1.11986,1.12017,1,BUY
2020-06-04 08:00:00,1.12016,1.12097,1.11946,1.12068,1,BUY
2020-06-04 09:00:00,1.12066,1.12066,1.11955,1.11996,1,BUY
2020-06-04 10:00:00,1.11998,1.12109,1.1198,1.12049,1,BUY
2020-06-04 11:00:00,1.12048,1.12722,1.11954,1.12672,1,BUY
2020-06-04 12:00:00,1.1267,1.12711,1.12168,1.12376,1,BUY
2020-06-04 13:00:00,1.12374,1.1274,1.12265,1.12685,1,BUY
2020-06-04 14:00:00,1.12684,1.13508,1.12665,1.13435,1,BUY
2020-06-04 15:00:00,1.13436,1.13626,1.13125,1.13217,1,BUY
2020-06-04 16:00:00,1.13215,1.13322,1.1318,1.1329,1,BUY
2020-06-04 17:00:00,1.13292,1.13461,1.13281,1.13442,1,BUY
2020-06-04 18:00:00,1.13444,1.1362,1.13442,1.13483,1,BUY
2020-06-04 19:00:00,1.13482,1.13512,1.13296,1.13303,1,BUY
2020-06-04 20:00:00,1.13304,1.13366,1.13262,1.13364,1,BUY
2020-06-04 21:00:00,1.13378,1.13394,1.13352,1.13364,1,BUY
2020-06-04 22:00:00,1.13366,1.13426,1.13358,1.13384,1,BUY
2020-06-04 23:00:00,1.13386,1.13446,1.13355,1.13356,1,BUY
2020-06-05 00:00:00,1.13358,1.13444,1.13312,1.13326,1,BUY
2020-06-05 01:00:00,1.13328,1.13386,1.1328,1.13289,1,BUY
2020-06-05 02:00:00,1.1329,1.13337,1.13258,1.1332,1,BUY
2020-06-05 03:00:00,1.13319,1.13404,1.13316,1.1339,1,BUY
2020-06-05 04:00:00,1.1339,1.13552,1.13382,1.13465,1,BUY
2020-06-05 05:00:00,1.13466,1.13744,1.13435,1.13692,1,BUY
2020-06-05 06:00:00,1.13694,1.13839,1.13637,1.13734,1,BUY
2020-06-05 07:00:00,1.13733,1.13812,1.13452,1.13488,1,BUY
2020-06-05 08:00:00,1.13487,1.13559,1.13264,1.13324,1,BUY
2020-06-05 09:00:00,1.13324,1.13372,1.13172,1.13354,1,BUY
2020-06-05 10:00:00,1.13352,1.13356,1.13174,1.13285,1,BUY
2020-06-05 11:00:00,1.13286,1.13381,1.13264,1.13356,1,BUY
2020-06-05 12:00:00,1.13358,1.13436,1.12824,1.12955,1,BUY
2020-06-05 13:00:00,1.12954,1.13241,1.12852,1.1297,1,BUY
2020-06-05 14:00:00,1.12968,1.13228,1.12828,1.13121,1,BUY
2020-06-05 15:00:00,1.1312,1.13194,1.12922,1.12958,1,BUY
2020-06-05 16:00:00,1.12956,1.12984,1.12852,1.12905,1,BUY
2020-06-05 17:00:00,1.12906,1.12919,1.12789,1.12914,1,BUY
2020-06-05 18:00:00,1.12915,1.12996,1.1289,1.12938,0,SELL
2020-06-05 19:00:00,1.1294,1.12998,1.12904,1.12916,0,SELL
2020-06-05 20:00:00,1.12918,1.12921,1.12784,1.12916,0,SELL
2020-06-07 21:00:00,1.12982,1.1307,1.12948,1.12964,0,SELL
2020-06-07 22:00:00,1.12968,1.1305,1.12934,1.13018,1,BUY
2020-06-07 23:00:00,1.13016,1.132,1.13004,1.1316,1,BUY
2020-06-08 00:00:00,1.13158,1.13158,1.12968,1.12976,1,BUY
2020-06-08 01:00:00,1.12978,1.12996,1.12848,1.12933,1,BUY
2020-06-08 02:00:00,1.12931,1.12964,1.12888,1.12894,1,BUY
2020-06-08 03:00:00,1.12896,1.12959,1.12894,1.12897,1,BUY
2020-06-08 04:00:00,1.12896,1.12916,1.12867,1.12888,1,BUY
2020-06-08 05:00:00,1.12887,1.12942,1.12826,1.12916,1,BUY
2020-06-08 06:00:00,1.12917,1.12968,1.12811,1.12944,0,SELL
2020-06-08 07:00:00,1.12944,1.13082,1.12834,1.13002,0,SELL
2020-06-08 08:00:00,1.13001,1.13159,1.12964,1.13003,1,BUY
2020-06-08 09:00:00,1.13002,1.13066,1.12886,1.1297,1,BUY
2020-06-08 10:00:00,1.12968,1.12974,1.127,1.12712,0,SELL
2020-06-08 11:00:00,1.12714,1.12788,1.12683,1.12764,0,SELL
2020-06-08 12:00:00,1.12764,1.1303,1.12758,1.1294,0,SELL
2020-06-08 13:00:00,1.1294,1.13187,1.12929,1.13097,0,SELL
2020-06-08 14:00:00,1.13096,1.13132,1.12908,1.13009,0,SELL
2020-06-08 15:00:00,1.1301,1.13114,1.12852,1.12886,0,SELL
2020-06-08 16:00:00,1.12888,1.13018,1.12854,1.12913,0,SELL
2020-06-08 17:00:00,1.12912,1.13016,1.12892,1.13014,1,BUY
2020-06-08 18:00:00,1.13015,1.13087,1.13,1.13038,1,BUY
2020-06-08 19:00:00,1.1304,1.13046,1.1297,1.12972,1,BUY
2020-06-08 20:00:00,1.12971,1.12974,1.1291,1.12942,1,BUY
2020-06-08 21:00:00,1.12927,1.12928,1.12899,1.12916,1,BUY
2020-06-08 22:00:00,1.12918,1.1296,1.12914,1.12946,1,BUY
2020-06-08 23:00:00,1.12948,1.13055,1.12942,1.13044,1,BUY
2020-06-09 00:00:00,1.13042,1.13153,1.12994,1.13044,1,BUY
2020-06-09 01:00:00,1.13042,1.13045,1.12851,1.12923,1,BUY
2020-06-09 02:00:00,1.12925,1.1293,1.12839,1.12876,0,SELL
2020-06-09 03:00:00,1.12874,1.12918,1.1285,1.12875,0,SELL
2020-06-09 04:00:00,1.12876,1.12894,1.12841,1.12856,0,SELL
2020-06-09 05:00:00,1.12857,1.1296,1.12849,1.12917,0,SELL
2020-06-09 06:00:00,1.12917,1.12962,1.12658,1.1268,0,SELL
2020-06-09 07:00:00,1.12682,1.12763,1.12552,1.1267,0,SELL
2020-06-09 08:00:00,1.12669,1.12706,1.1241,1.12616,0,SELL
2020-06-09 09:00:00,1.12618,1.1274,1.12554,1.1267,0,SELL
2020-06-09 10:00:00,1.12672,1.12834,1.12614,1.1282,0,SELL
2020-06-09 11:00:00,1.12818,1.12846,1.12688,1.1282,0,SELL
2020-06-09 12:00:00,1.12822,1.13026,1.12797,1.12996,0,SELL
2020-06-09 13:00:00,1.12995,1.13577,1.12968,1.13489,0,SELL
2020-06-09 14:00:00,1.1349,1.13566,1.13331,1.1354,1,BUY
2020-06-09 15:00:00,1.1354,1.13638,1.13394,1.13474,1,BUY
2020-06-09 16:00:00,1.13476,1.13542,1.13426,1.13428,1,BUY
2020-06-09 17:00:00,1.13427,1.1348,1.13326,1.13456,1,BUY
2020-06-09 18:00:00,1.13454,1.13483,1.13411,1.13451,1,BUY
2020-06-09 19:00:00,1.1345,1.13452,1.13362,1.13367,1,BUY
2020-06-09 20:00:00,1.13368,1.13386,1.13312,1.13384,1,BUY
2020-06-09 21:00:00,1.13399,1.13411,1.13351,1.13376,1,BUY
2020-06-09 22:00:00,1.1338,1.13403,1.13356,1.13392,1,BUY
2020-06-09 23:00:00,1.13393,1.13413,1.13316,1.1332,1,BUY
2020-06-10 00:00:00,1.13322,1.13448,1.13322,1.13394,1,BUY
2020-06-10 01:00:00,1.13396,1.13464,1.1338,1.13387,1,BUY
2020-06-10 02:00:00,1.13385,1.13448,1.13378,1.13434,1,BUY
2020-06-10 03:00:00,1.13435,1.1346,1.13405,1.13426,1,BUY
2020-06-10 04:00:00,1.13428,1.1346,1.1341,1.13428,1,BUY
2020-06-10 05:00:00,1.13429,1.13699,1.13419,1.13626,1,BUY
2020-06-10 06:00:00,1.13624,1.13692,1.13504,1.13512,1,BUY
2020-06-10 07:00:00,1.13512,1.13623,1.13434,1.13599,1,BUY
2020-06-10 08:00:00,1.13598,1.13758,1.13586,1.1369,1,BUY
2020-06-10 09:00:00,1.13692,1.13718,1.13551,1.13592,1,BUY
2020-06-10 10:00:00,1.13594,1.13732,1.13484,1.13652,1,BUY
2020-06-10 11:00:00,1.1365,1.13895,1.13638,1.13858,1,BUY
2020-06-10 12:00:00,1.13858,1.1389,1.1364,1.13802,1,BUY
2020-06-10 13:00:00,1.13801,1.13856,1.13599,1.13657,1,BUY
2020-06-10 14:00:00,1.13656,1.13782,1.13451,1.13503,1,BUY
2020-06-10 15:00:00,1.13504,1.13598,1.13423,1.13542,1,BUY
2020-06-10 16:00:00,1.13542,1.136,1.13454,1.13512,1,BUY
2020-06-10 17:00:00,1.13514,1.13702,1.13496,1.13685,1,BUY
2020-06-10 18:00:00,1.13682,1.14224,1.13218,1.13913,1,BUY
2020-06-10 19:00:00,1.13915,1.14158,1.13616,1.13894,1,BUY
2020-06-10 20:00:00,1.13895,1.13906,1.13646,1.13751,1,BUY
2020-06-10 21:00:00,1.13751,1.13765,1.1375,1.13764,1,BUY
2020-06-10 22:00:00,1.13768,1.13813,1.13729,1.13776,1,BUY
2020-06-10 23:00:00,1.13774,1.13826,1.13639,1.1367,1,BUY
2020-06-11 00:00:00,1.13672,1.1389,1.1366,1.13866,1,BUY
2020-06-11 01:00:00,1.13867,1.13953,1.1382,1.13897,1,BUY
2020-06-11 02:00:00,1.13896,1.13942,1.13854,1.13876,1,BUY
2020-06-11 03:00:00,1.13877,1.13891,1.13564,1.13572,1,BUY
2020-06-11 04:00:00,1.13574,1.13586,1.13437,1.13511,1,BUY
2020-06-11 05:00:00,1.13513,1.13524,1.13253,1.13436,1,BUY
2020-06-11 06:00:00,1.13438,1.13624,1.13398,1.13604,1,BUY
2020-06-11 07:00:00,1.13605,1.13732,1.13434,1.13634,0,SELL
2020-06-11 08:00:00,1.13633,1.1391,1.13586,1.13898,1,BUY
2020-06-11 09:00:00,1.13896,1.14017,1.13818,1.13834,1,BUY
2020-06-11 10:00:00,1.13835,1.13854,1.13702,1.13724,1,BUY
2020-06-11 11:00:00,1.13726,1.1375,1.13534,1.13558,1,BUY
2020-06-11 12:00:00,1.13558,1.13586,1.13365,1.13567,1,BUY
2020-06-11 13:00:00,1.13568,1.13788,1.13508,1.13779,1,BUY
2020-06-11 14:00:00,1.1378,1.14036,1.1372,1.13813,1,BUY
2020-06-11 15:00:00,1.13814,1.13984,1.13625,1.13788,1,BUY
2020-06-11 16:00:00,1.13786,1.13837,1.13616,1.13618,1,BUY
2020-06-11 17:00:00,1.13616,1.13616,1.13078,1.13184,1,BUY
2020-06-11 18:00:00,1.13182,1.13259,1.12978,1.1301,0,SELL
2020-06-11 19:00:00,1.13009,1.13146,1.12924,1.12993,0,SELL
2020-06-11 20:00:00,1.12992,1.13031,1.12886,1.12981,0,SELL
2020-06-11 21:00:00,1.12956,1.13024,1.12928,1.12933,0,SELL
2020-06-11 22:00:00,1.12936,1.12988,1.12874,1.12988,0,SELL
2020-06-11 23:00:00,1.12987,1.13,1.12876,1.1288,0,SELL
2020-06-12 00:00:00,1.12881,1.12943,1.12803,1.1283,0,SELL
2020-06-12 01:00:00,1.12828,1.12895,1.12765,1.12884,0,SELL
2020-06-12 02:00:00,1.12886,1.12978,1.12856,1.1289,0,SELL
2020-06-12 03:00:00,1.12888,1.12978,1.12875,1.12938,0,SELL
2020-06-12 04:00:00,1.12939,1.1298,1.12913,1.12972,0,SELL
2020-06-12 05:00:00,1.1297,1.13138,1.12933,1.13111,0,SELL
2020-06-12 06:00:00,1.1311,1.13162,1.1297,1.13044,0,SELL
2020-06-12 07:00:00,1.13043,1.13219,1.12972,1.13218,0,SELL
2020-06-12 08:00:00,1.13216,1.13406,1.13202,1.13248,0,SELL
2020-06-12 09:00:00,1.13248,1.13268,1.13102,1.13219,0,SELL
2020-06-12 10:00:00,1.1322,1.13276,1.12958,1.13027,0,SELL
2020-06-12 11:00:00,1.13028,1.13184,1.12926,1.13094,0,SELL
2020-06-12 12:00:00,1.13094,1.13159,1.12942,1.13053,0,SELL
2020-06-12 13:00:00,1.13054,1.13231,1.12914,1.13018,0,SELL
2020-06-12 14:00:00,1.1302,1.13054,1.1239,1.12464,0,SELL
2020-06-12 15:00:00,1.12463,1.12584,1.12336,1.1252,0,SELL
2020-06-12 16:00:00,1.12518,1.12566,1.1235,1.12364,0,SELL
2020-06-12 17:00:00,1.12366,1.12449,1.12126,1.12241,0,SELL
2020-06-12 18:00:00,1.1224,1.12338,1.12212,1.1231,0,SELL
2020-06-12 19:00:00,1.12312,1.12536,1.1231,1.12531,0,SELL
2020-06-12 20:00:00,1.12532,1.12624,1.12528,1.12554,0,SELL
2020-06-14 21:00:00,1.12344,1.12477,1.12336,1.12422,0,SELL
2020-06-14 22:00:00,1.12426,1.1252,1.12266,1.12472,0,SELL
2020-06-14 23:00:00,1.12474,1.12584,1.12428,1.12518,0,SELL
2020-06-15 00:00:00,1.12519,1.12612,1.1245,1.12462,0,SELL
2020-06-15 01:00:00,1.1246,1.12604,1.12435,1.12595,0,SELL
2020-06-15 02:00:00,1.12596,1.12608,1.12515,1.12531,0,SELL
2020-06-15 03:00:00,1.1253,1.12644,1.12528,1.12636,0,SELL
2020-06-15 04:00:00,1.12638,1.12685,1.12592,1.12607,0,SELL
2020-06-15 05:00:00,1.12608,1.12619,1.1237,1.12414,0,SELL
2020-06-15 06:00:00,1.12412,1.12485,1.12268,1.12312,0,SELL
2020-06-15 07:00:00,1.1231,1.12504,1.12302,1.12443,0,SELL
2020-06-15 08:00:00,1.12444,1.12678,1.12419,1.12666,0,SELL
2020-06-15 09:00:00,1.12665,1.12665,1.1244,1.12493,0,SELL
2020-06-15 10:00:00,1.12494,1.12603,1.1245,1.12462,0,SELL
2020-06-15 11:00:00,1.12463,1.12678,1.12404,1.12578,0,SELL
2020-06-15 12:00:00,1.1258,1.12611,1.12462,1.12478,0,SELL
2020-06-15 13:00:00,1.1248,1.12847,1.12442,1.12777,0,SELL
2020-06-15 14:00:00,1.12775,1.1294,1.12694,1.12739,0,SELL
2020-06-15 15:00:00,1.1274,1.12779,1.12602,1.12698,0,SELL
2020-06-15 16:00:00,1.12696,1.1288,1.12688,1.12854,0,SELL
2020-06-15 17:00:00,1.12852,1.13011,1.12822,1.12986,0,SELL
2020-06-15 18:00:00,1.12988,1.13327,1.12988,1.13146,0,SELL
2020-06-15 19:00:00,1.13148,1.1324,1.13074,1.13144,1,BUY
2020-06-15 20:00:00,1.13142,1.13235,1.13128,1.13228,1,BUY
2020-06-15 21:00:00,1.13246,1.13268,1.13211,1.13257,1,BUY
2020-06-15 22:00:00,1.13254,1.1331,1.13206,1.13296,1,BUY
2020-06-15 23:00:00,1.13294,1.13382,1.1326,1.13377,1,BUY
2020-06-16 00:00:00,1.13378,1.134,1.13304,1.13337,1,BUY
2020-06-16 01:00:00,1.13336,1.13398,1.13275,1.13285,1,BUY
2020-06-16 02:00:00,1.13286,1.13488,1.13284,1.13457,1,BUY
2020-06-16 03:00:00,1.13455,1.1348,1.13378,1.13395,1,BUY
2020-06-16 04:00:00,1.13394,1.13396,1.13324,1.1333,1,BUY
2020-06-16 05:00:00,1.13331,1.13473,1.13324,1.1336,1,BUY
2020-06-16 06:00:00,1.13362,1.13472,1.13279,1.13464,1,BUY
2020-06-16 07:00:00,1.13462,1.13534,1.13208,1.1323,1,BUY
2020-06-16 08:00:00,1.13229,1.13474,1.13152,1.13366,1,BUY
2020-06-16 09:00:00,1.13368,1.13413,1.13221,1.13338,1,BUY
2020-06-16 10:00:00,1.13336,1.13352,1.13104,1.13156,1,BUY
2020-06-16 11:00:00,1.13158,1.13199,1.12948,1.13038,1,BUY
2020-06-16 12:00:00,1.1304,1.13192,1.12948,1.13018,0,SELL
2020-06-16 13:00:00,1.1302,1.1303,1.12662,1.12704,0,SELL
2020-06-16 14:00:00,1.12705,1.12748,1.12318,1.12374,0,SELL
2020-06-16 15:00:00,1.12372,1.12643,1.12276,1.12572,0,SELL
2020-06-16 16:00:00,1.12574,1.12734,1.12548,1.12684,0,SELL
2020-06-16 17:00:00,1.12682,1.12686,1.12581,1.1263,0,SELL
2020-06-16 18:00:00,1.12629,1.12724,1.12598,1.12722,0,SELL
2020-06-16 19:00:00,1.12724,1.12724,1.12567,1.12616,0,SELL
2020-06-16 20:00:00,1.12614,1.12639,1.12572,1.12632,0,SELL
2020-06-16 21:00:00,1.12636,1.12645,1.12554,1.12616,0,SELL
2020-06-16 22:00:00,1.1262,1.12624,1.12535,1.12593,0,SELL
2020-06-16 23:00:00,1.12594,1.12664,1.12592,1.1265,0,SELL
2020-06-17 00:00:00,1.12652,1.12732,1.12558,1.12674,0,SELL
2020-06-17 01:00:00,1.12673,1.1273,1.12605,1.12653,0,SELL
2020-06-17 02:00:00,1.12654,1.12684,1.12548,1.12645,0,SELL
2020-06-17 03:00:00,1.12644,1.1268,1.12616,1.12644,0,SELL
2020-06-17 04:00:00,1.12646,1.12732,1.1263,1.12714,0,SELL
2020-06-17 05:00:00,1.12713,1.12799,1.12698,1.12734,0,SELL
2020-06-17 06:00:00,1.12733,1.12856,1.1272,1.12804,0,SELL
2020-06-17 07:00:00,1.12806,1.12942,1.12664,1.1267,0,SELL
2020-06-17 08:00:00,1.12672,1.12756,1.12511,1.12579,0,SELL
2020-06-17 09:00:00,1.12578,1.12603,1.12246,1.12296,0,SELL
2020-06-17 10:00:00,1.12296,1.12489,1.12292,1.12419,0,SELL
2020-06-17 11:00:00,1.1242,1.12548,1.12299,1.1231,0,SELL
2020-06-17 12:00:00,1.12308,1.12448,1.12232,1.1237,0,SELL
2020-06-17 13:00:00,1.12372,1.12486,1.12144,1.12202,0,SELL
2020-06-17 14:00:00,1.122,1.12377,1.1207,1.12196,0,SELL
2020-06-17 15:00:00,1.12198,1.1231,1.12092,1.12184,0,SELL
2020-06-17 16:00:00,1.12185,1.1234,1.12158,1.12309,0,SELL
2020-06-17 17:00:00,1.1231,1.12402,1.12303,1.12367,0,SELL
2020-06-17 18:00:00,1.12366,1.12371,1.12297,1.12306,0,SELL
2020-06-17 19:00:00,1.12304,1.12397,1.12289,1.12388,0,SELL
2020-06-17 20:00:00,1.1239,1.1246,1.12349,1.12436,0,SELL
2020-06-17 21:00:00,1.12427,1.12466,1.12422,1.1243,0,SELL
2020-06-17 22:00:00,1.12428,1.12477,1.12421,1.12447,0,SELL
2020-06-17 23:00:00,1.12449,1.12463,1.1238,1.12419,0,SELL
2020-06-18 00:00:00,1.12418,1.125,1.12386,1.12412,0,SELL
2020-06-18 01:00:00,1.12413,1.12499,1.12251,1.12354,0,SELL
2020-06-18 02:00:00,1.12356,1.1241,1.12318,1.12396,0,SELL
2020-06-18 03:00:00,1.12397,1.12518,1.12396,1.12494,0,SELL
2020-06-18 04:00:00,1.12496,1.12612,1.12445,1.12554,0,SELL
2020-06-18 05:00:00,1.12552,1.12597,1.12478,1.12508,0,SELL
2020-06-18 06:00:00,1.12506,1.1259,1.12448,1.1254,0,SELL
2020-06-18 07:00:00,1.1254,1.12578,1.12402,1.12433,0,SELL
2020-06-18 08:00:00,1.12432,1.12601,1.12301,1.12492,0,SELL
2020-06-18 09:00:00,1.12493,1.12615,1.12453,1.12506,0,SELL
2020-06-18 10:00:00,1.12504,1.1256,1.12392,1.12552,0,SELL
2020-06-18 11:00:00,1.1255,1.12586,1.123,1.12345,0,SELL
2020-06-18 12:00:00,1.12344,1.12349,1.12144,1.12275,0,SELL
2020-06-18 13:00:00,1.12274,1.1232,1.12111,1.12128,0,SELL
2020-06-18 14:00:00,1.1213,1.12266,1.12027,1.12212,0,SELL
2020-06-18 15:00:00,1.1221,1.12327,1.12112,1.12152,0,SELL
2020-06-18 16:00:00,1.12154,1.12174,1.11926,1.11936,0,SELL
2020-06-18 17:00:00,1.11934,1.1205,1.11855,1.1204,0,SELL
2020-06-18 18:00:00,1.12042,1.12089,1.11994,1.12089,0,SELL
2020-06-18 19:00:00,1.12087,1.1213,1.1202,1.12024,0,SELL
2020-06-18 20:00:00,1.12025,1.12102,1.11996,1.12049,0,SELL
2020-06-18 21:00:00,1.12049,1.12062,1.12021,1.1205,0,SELL
2020-06-18 22:00:00,1.12054,1.12097,1.12048,1.12092,0,SELL
2020-06-18 23:00:00,1.12094,1.12135,1.12072,1.12081,0,SELL
2020-06-19 00:00:00,1.12079,1.12084,1.11994,1.12038,0,SELL
2020-06-19 01:00:00,1.12036,1.12106,1.11988,1.1206,0,SELL
2020-06-19 02:00:00,1.12062,1.1211,1.12041,1.12106,0,SELL
2020-06-19 03:00:00,1.12104,1.12148,1.12086,1.12148,0,SELL
2020-06-19 04:00:00,1.12146,1.12164,1.12112,1.12133,0,SELL
2020-06-19 05:00:00,1.12134,1.12171,1.12125,1.12148,0,SELL
2020-06-19 06:00:00,1.1215,1.12219,1.12056,1.12169,0,SELL
2020-06-19 07:00:00,1.12168,1.12186,1.1205,1.12129,0,SELL
2020-06-19 08:00:00,1.12128,1.12196,1.12036,1.12162,0,SELL
2020-06-19 09:00:00,1.1216,1.12186,1.121,1.12157,0,SELL
2020-06-19 10:00:00,1.12156,1.12156,1.11944,1.1204,0,SELL
2020-06-19 11:00:00,1.12038,1.12108,1.11954,1.12102,0,SELL
2020-06-19 12:00:00,1.12102,1.12544,1.12015,1.1238,0,SELL
2020-06-19 13:00:00,1.12382,1.12424,1.12166,1.12184,0,SELL
2020-06-19 14:00:00,1.12186,1.12328,1.11684,1.11822,0,SELL
2020-06-19 15:00:00,1.11824,1.1215,1.11799,1.11886,0,SELL
2020-06-19 16:00:00,1.11888,1.11964,1.11816,1.11924,0,SELL
2020-06-19 17:00:00,1.11923,1.11938,1.11865,1.11886,0,SELL
2020-06-19 18:00:00,1.11888,1.119,1.11748,1.11856,0,SELL
2020-06-19 19:00:00,1.11858,1.11895,1.11835,1.11868,0,SELL
2020-06-19 20:00:00,1.1187,1.11886,1.11722,1.11776,0,SELL
2020-06-21 21:00:00,1.11822,1.11868,1.11815,1.11824,0,SELL
2020-06-21 22:00:00,1.11834,1.11852,1.1175,1.11808,0,SELL
2020-06-21 23:00:00,1.11806,1.11812,1.11685,1.11766,0,SELL
2020-06-22 00:00:00,1.11768,1.11854,1.1174,1.11804,0,SELL
2020-06-22 01:00:00,1.11805,1.11896,1.11802,1.11855,0,SELL
2020-06-22 02:00:00,1.11856,1.1197,1.11848,1.11912,0,SELL
2020-06-22 03:00:00,1.1191,1.11954,1.11888,1.11923,0,SELL
2020-06-22 04:00:00,1.11922,1.1204,1.11918,1.12035,0,SELL
2020-06-22 05:00:00,1.12033,1.12049,1.11946,1.11952,0,SELL
2020-06-22 06:00:00,1.11951,1.12067,1.11897,1.11943,0,SELL
2020-06-22 07:00:00,1.11944,1.12124,1.11883,1.12106,0,SELL
2020-06-22 08:00:00,1.12107,1.12253,1.12061,1.12246,0,SELL
2020-06-22 09:00:00,1.12244,1.12267,1.12121,1.12136,0,SELL
2020-06-22 10:00:00,1.12134,1.12209,1.12108,1.12136,0,SELL
2020-06-22 11:00:00,1.12138,1.12167,1.12034,1.12134,0,SELL
2020-06-22 12:00:00,1.12133,1.12235,1.12068,1.12208,0,SELL
2020-06-22 13:00:00,1.12209,1.12464,1.12209,1.12442,1,BUY
2020-06-22 14:00:00,1.12444,1.127,1.12424,1.12486,1,BUY
2020-06-22 15:00:00,1.12486,1.12617,1.12466,1.126,1,BUY
2020-06-22 16:00:00,1.126,1.1264,1.12572,1.12611,1,BUY
2020-06-22 17:00:00,1.1261,1.12637,1.1255,1.12586,1,BUY
2020-06-22 18:00:00,1.12586,1.12634,1.12565,1.12611,1,BUY
2020-06-22 19:00:00,1.12609,1.12626,1.12532,1.12556,1,BUY
2020-06-22 20:00:00,1.12558,1.12666,1.12544,1.12616,1,BUY
2020-06-22 21:00:00,1.12625,1.12637,1.1261,1.12636,1,BUY
2020-06-22 22:00:00,1.12632,1.1275,1.12632,1.1273,1,BUY
2020-06-22 23:00:00,1.12732,1.1281,1.12688,1.12778,1,BUY
2020-06-23 00:00:00,1.12779,1.12783,1.12667,1.12672,1,BUY
2020-06-23 01:00:00,1.12673,1.12681,1.12332,1.12584,1,BUY
2020-06-23 02:00:00,1.12586,1.12758,1.12568,1.12751,1,BUY
2020-06-23 03:00:00,1.12753,1.12764,1.12652,1.12692,1,BUY
2020-06-23 04:00:00,1.1269,1.12698,1.12615,1.12616,1,BUY
2020-06-23 05:00:00,1.12618,1.1268,1.12572,1.12589,1,BUY
2020-06-23 06:00:00,1.1259,1.1274,1.12567,1.12701,1,BUY
2020-06-23 07:00:00,1.127,1.13056,1.1266,1.13014,1,BUY
2020-06-23 08:00:00,1.13016,1.13064,1.12816,1.12904,1,BUY
2020-06-23 09:00:00,1.12906,1.12938,1.12824,1.12882,1,BUY
2020-06-23 10:00:00,1.12882,1.12982,1.12835,1.12924,1,BUY
2020-06-23 11:00:00,1.12922,1.13073,1.12856,1.1306,1,BUY
2020-06-23 12:00:00,1.13062,1.13333,1.13062,1.13298,1,BUY
2020-06-23 13:00:00,1.13299,1.13382,1.13192,1.1329,1,BUY
2020-06-23 14:00:00,1.13289,1.13487,1.13266,1.13334,1,BUY
2020-06-23 15:00:00,1.13336,1.13372,1.13173,1.13226,1,BUY
2020-06-23 16:00:00,1.13224,1.13302,1.13069,1.13086,1,BUY
2020-06-23 17:00:00,1.13088,1.13212,1.13088,1.1319,1,BUY
2020-06-23 18:00:00,1.13191,1.13201,1.13096,1.13122,1,BUY
2020-06-23 19:00:00,1.1312,1.1312,1.1302,1.13032,1,BUY
2020-06-23 20:00:00,1.13034,1.13088,1.13029,1.13088,1,BUY
2020-06-23 21:00:00,1.13095,1.13136,1.13084,1.13094,1,BUY
2020-06-23 22:00:00,1.1309,1.1313,1.13078,1.13084,1,BUY
2020-06-23 23:00:00,1.13082,1.1314,1.13076,1.13126,1,BUY
2020-06-24 00:00:00,1.13127,1.13222,1.13122,1.13176,1,BUY
2020-06-24 01:00:00,1.13178,1.13255,1.13146,1.13166,1,BUY
2020-06-24 02:00:00,1.13168,1.1326,1.13091,1.1318,1,BUY
2020-06-24 03:00:00,1.13178,1.13202,1.13136,1.13157,1,BUY
2020-06-24 04:00:00,1.13158,1.132,1.13142,1.13148,1,BUY
2020-06-24 05:00:00,1.13146,1.13238,1.1313,1.13144,1,BUY
2020-06-24 06:00:00,1.13146,1.13254,1.13127,1.13176,1,BUY
2020-06-24 07:00:00,1.13174,1.1323,1.12917,1.12984,1,BUY
2020-06-24 08:00:00,1.12982,1.13053,1.12872,1.13013,1,BUY
2020-06-24 09:00:00,1.13014,1.13046,1.12686,1.13034,1,BUY
2020-06-24 10:00:00,1.13035,1.13085,1.12931,1.13072,1,BUY
2020-06-24 11:00:00,1.13072,1.13112,1.12828,1.12839,1,BUY
2020-06-24 12:00:00,1.1284,1.12851,1.12706,1.12735,1,BUY
2020-06-24 13:00:00,1.12736,1.12825,1.12648,1.12669,0,SELL
2020-06-24 14:00:00,1.1267,1.12796,1.12571,1.12776,0,SELL
2020-06-24 15:00:00,1.12777,1.12812,1.12605,1.12708,0,SELL
2020-06-24 16:00:00,1.12706,1.12808,1.12668,1.12784,0,SELL
2020-06-24 17:00:00,1.12783,1.12808,1.12614,1.12616,0,SELL
2020-06-24 18:00:00,1.12614,1.12629,1.12552,1.12588,0,SELL
2020-06-24 19:00:00,1.1259,1.12642,1.12511,1.12521,0,SELL
2020-06-24 20:00:00,1.12522,1.12548,1.12483,1.12507,0,SELL
2020-06-24 21:00:00,1.12528,1.1257,1.12516,1.1255,0,SELL
2020-06-24 22:00:00,1.12554,1.12554,1.12497,1.12525,0,SELL
2020-06-24 23:00:00,1.12526,1.12528,1.12484,1.12502,0,SELL
2020-06-25 00:00:00,1.12503,1.12586,1.12458,1.1256,0,SELL
2020-06-25 01:00:00,1.12562,1.12598,1.12496,1.12501,0,SELL
2020-06-25 02:00:00,1.125,1.12506,1.12426,1.12457,0,SELL
2020-06-25 03:00:00,1.12459,1.12498,1.12398,1.12422,0,SELL
2020-06-25 04:00:00,1.12424,1.12488,1.12411,1.12487,0,SELL
2020-06-25 05:00:00,1.12488,1.12534,1.1246,1.12482,0,SELL
2020-06-25 06:00:00,1.1248,1.12536,1.12352,1.12375,0,SELL
2020-06-25 07:00:00,1.12376,1.12453,1.12239,1.12341,0,SELL
2020-06-25 08:00:00,1.12342,1.12508,1.12254,1.12297,0,SELL
2020-06-25 09:00:00,1.12298,1.12347,1.12176,1.12268,0,SELL
2020-06-25 10:00:00,1.12269,1.12302,1.12062,1.1208,0,SELL
2020-06-25 11:00:00,1.12081,1.12132,1.11924,1.11965,0,SELL
2020-06-25 12:00:00,1.11966,1.12113,1.11906,1.12113,0,SELL
2020-06-25 13:00:00,1.12112,1.12219,1.12032,1.12168,0,SELL
2020-06-25 14:00:00,1.12169,1.12314,1.1212,1.1213,0,SELL
2020-06-25 15:00:00,1.12132,1.12251,1.12104,1.12197,0,SELL
2020-06-25 16:00:00,1.12199,1.12302,1.12198,1.12274,0,SELL
2020-06-25 17:00:00,1.12272,1.12305,1.12221,1.12231,0,SELL
2020-06-25 18:00:00,1.12233,1.12234,1.12142,1.1216,0,SELL
2020-06-25 19:00:00,1.12158,1.12294,1.12142,1.12212,0,SELL
2020-06-25 20:00:00,1.12212,1.12266,1.12158,1.1218,0,SELL
2020-06-25 21:00:00,1.1218,1.12211,1.12142,1.12147,0,SELL
2020-06-25 22:00:00,1.12151,1.12224,1.12151,1.12214,0,SELL
2020-06-25 23:00:00,1.12212,1.1224,1.12177,1.1218,0,SELL
2020-06-26 00:00:00,1.12179,1.12198,1.12082,1.1216,0,SELL
2020-06-26 01:00:00,1.12159,1.12209,1.1214,1.12198,0,SELL
2020-06-26 02:00:00,1.12196,1.12218,1.12169,1.12202,0,SELL
2020-06-26 03:00:00,1.12204,1.1223,1.1216,1.12226,0,SELL
2020-06-26 04:00:00,1.12225,1.12264,1.12211,1.12238,0,SELL
2020-06-26 05:00:00,1.1224,1.12254,1.12202,1.12214,0,SELL
2020-06-26 06:00:00,1.12216,1.12217,1.12062,1.12084,0,SELL
2020-06-26 07:00:00,1.12083,1.12297,1.12049,1.12254,0,SELL
2020-06-26 08:00:00,1.12252,1.12395,1.12215,1.12392,0,SELL
2020-06-26 09:00:00,1.12392,1.12392,1.12176,1.12202,0,SELL
2020-06-26 10:00:00,1.12202,1.12344,1.12172,1.12265,0,SELL
2020-06-26 11:00:00,1.12264,1.1232,1.12092,1.12106,0,SELL
2020-06-26 12:00:00,1.12106,1.12274,1.12067,1.12187,0,SELL
2020-06-26 13:00:00,1.12188,1.12292,1.12062,1.12077,0,SELL
2020-06-26 14:00:00,1.12076,1.12125,1.11953,1.12032,0,SELL
2020-06-26 15:00:00,1.12033,1.12152,1.12001,1.12146,0,SELL
2020-06-26 16:00:00,1.12147,1.1235,1.12126,1.12294,0,SELL
2020-06-26 17:00:00,1.12296,1.12386,1.12284,1.1231,0,SELL
2020-06-26 18:00:00,1.12312,1.12316,1.12244,1.1227,0,SELL
2020-06-26 19:00:00,1.12268,1.1231,1.12234,1.12272,0,SELL
2020-06-26 20:00:00,1.12274,1.12294,1.12171,1.12184,0,SELL
2020-06-28 21:00:00,1.12187,1.12291,1.1218,1.1225,0,SELL
2020-06-28 22:00:00,1.12245,1.12251,1.12176,1.12244,0,SELL
2020-06-28 23:00:00,1.12242,1.12268,1.12203,1.1222,0,SELL
2020-06-29 00:00:00,1.12222,1.12297,1.12198,1.12296,0,SELL
2020-06-29 01:00:00,1.12297,1.1236,1.1229,1.12349,0,SELL
2020-06-29 02:00:00,1.12347,1.1247,1.12332,1.12427,0,SELL
2020-06-29 03:00:00,1.12429,1.12437,1.12383,1.12396,0,SELL
2020-06-29 04:00:00,1.12398,1.12431,1.12384,1.12418,0,SELL
2020-06-29 05:00:00,1.1242,1.12595,1.12419,1.12518,1,BUY
2020-06-29 06:00:00,1.1252,1.1267,1.1251,1.1258,1,BUY
2020-06-29 07:00:00,1.12582,1.12613,1.1243,1.12434,1,BUY
2020-06-29 08:00:00,1.12432,1.12584,1.12406,1.12541,1,BUY
2020-06-29 09:00:00,1.12542,1.1271,1.12494,1.1271,1,BUY
2020-06-29 10:00:00,1.1271,1.12878,1.12694,1.12864,1,BUY
2020-06-29 11:00:00,1.12864,1.12869,1.12738,1.12788,1,BUY
2020-06-29 12:00:00,1.1279,1.12872,1.12777,1.12861,1,BUY
2020-06-29 13:00:00,1.12862,1.12867,1.1255,1.1258,1,BUY
2020-06-29 14:00:00,1.12582,1.12608,1.12305,1.12458,1,BUY
2020-06-29 15:00:00,1.12459,1.12536,1.12357,1.12362,1,BUY
2020-06-29 16:00:00,1.12362,1.12422,1.12246,1.12272,1,BUY
2020-06-29 17:00:00,1.12274,1.12335,1.12195,1.12274,0,SELL
2020-06-29 18:00:00,1.12272,1.12353,1.12258,1.12351,0,SELL
2020-06-29 19:00:00,1.1235,1.12395,1.12296,1.12364,0,SELL
2020-06-29 20:00:00,1.12365,1.12433,1.12348,1.12424,0,SELL
2020-06-29 21:00:00,1.12401,1.1242,1.12352,1.12411,0,SELL
2020-06-29 22:00:00,1.12414,1.12496,1.12408,1.1249,0,SELL
2020-06-29 23:00:00,1.12488,1.1252,1.12442,1.12467,0,SELL
2020-06-30 00:00:00,1.12469,1.12472,1.12348,1.12381,0,SELL
2020-06-30 01:00:00,1.12382,1.1248,1.12362,1.12474,0,SELL
2020-06-30 02:00:00,1.12476,1.12495,1.12402,1.12419,0,SELL
2020-06-30 03:00:00,1.1242,1.12464,1.12374,1.12378,0,SELL
2020-06-30 04:00:00,1.1238,1.12444,1.1237,1.12388,0,SELL
2020-06-30 05:00:00,1.12386,1.12402,1.12248,1.12311,0,SELL
2020-06-30 06:00:00,1.1231,1.12312,1.12042,1.12131,0,SELL
2020-06-30 07:00:00,1.1213,1.12237,1.12055,1.12233,0,SELL
2020-06-30 08:00:00,1.12232,1.12278,1.12176,1.12189,0,SELL
2020-06-30 09:00:00,1.1219,1.12198,1.11998,1.12052,0,SELL
2020-06-30 10:00:00,1.12051,1.1219,1.11984,1.12092,0,SELL
2020-06-30 11:00:00,1.12091,1.12135,1.11941,1.11946,0,SELL
2020-06-30 12:00:00,1.11944,1.12187,1.11911,1.12092,0,SELL
2020-06-30 13:00:00,1.12094,1.12314,1.12069,1.12082,0,SELL
2020-06-30 14:00:00,1.12084,1.12366,1.12036,1.1233,0,SELL
2020-06-30 15:00:00,1.12332,1.1262,1.12298,1.1238,0,SELL
2020-06-30 16:00:00,1.12382,1.12498,1.12363,1.12433,0,SELL
2020-06-30 17:00:00,1.12432,1.12518,1.12366,1.12377,0,SELL
2020-06-30 18:00:00,1.12378,1.12384,1.1231,1.12329,0,SELL
2020-06-30 19:00:00,1.12328,1.12386,1.12262,1.12337,1,BUY
2020-06-30 20:00:00,1.12338,1.12358,1.12305,1.12331,1,BUY
2020-06-30 21:00:00,1.12343,1.12348,1.12312,1.12317,0,SELL
2020-06-30 22:00:00,1.1232,1.12365,1.12317,1.1235,0,SELL
2020-06-30 23:00:00,1.12352,1.12358,1.1233,1.12338,0,SELL
2020-07-01 00:00:00,1.12337,1.12337,1.12279,1.12306,0,SELL
2020-07-01 01:00:00,1.12308,1.12396,1.12291,1.12389,0,SELL
2020-07-01 02:00:00,1.12391,1.12409,1.12366,1.12382,0,SELL
2020-07-01 03:00:00,1.12384,1.1239,1.1222,1.12266,0,SELL
2020-07-01 04:00:00,1.12268,1.12272,1.12152,1.12182,0,SELL
2020-07-01 05:00:00,1.12184,1.12262,1.12158,1.12242,0,SELL
2020-07-01 06:00:00,1.1224,1.12344,1.12202,1.12334,0,SELL
2020-07-01 07:00:00,1.12334,1.12334,1.12232,1.12319,0,SELL
2020-07-01 08:00:00,1.1232,1.12448,1.12292,1.12314,0,SELL
2020-07-01 09:00:00,1.12314,1.12339,1.12076,1.12078,0,SELL
2020-07-01 10:00:00,1.12076,1.12113,1.12004,1.12052,0,SELL
2020-07-01 11:00:00,1.1205,1.1207,1.11848,1.12038,0,SELL
2020-07-01 12:00:00,1.12036,1.1221,1.11982,1.12177,0,SELL
2020-07-01 13:00:00,1.12179,1.12399,1.12142,1.12392,0,SELL
2020-07-01 14:00:00,1.1239,1.12751,1.12366,1.12606,0,SELL
2020-07-01 15:00:00,1.12608,1.12698,1.12539,1.12586,0,SELL
2020-07-01 16:00:00,1.12586,1.12652,1.12508,1.12648,1,BUY
2020-07-01 17:00:00,1.12644,1.12672,1.12527,1.1255,1,BUY
2020-07-01 18:00:00,1.12552,1.12606,1.12452,1.12454,1,BUY
2020-07-01 19:00:00,1.12453,1.12574,1.12432,1.12509,1,BUY
2020-07-01 20:00:00,1.12508,1.12546,1.12494,1.12514,1,BUY
2020-07-01 21:00:00,1.12514,1.12559,1.12478,1.12506,1,BUY
2020-07-01 22:00:00,1.12503,1.12532,1.12503,1.12522,1,BUY
2020-07-01 23:00:00,1.12524,1.12542,1.12508,1.12515,1,BUY
2020-07-02 00:00:00,1.12514,1.12544,1.12476,1.12517,1,BUY
2020-07-02 01:00:00,1.12515,1.12587,1.12488,1.12534,1,BUY
2020-07-02 02:00:00,1.12533,1.12614,1.12519,1.12606,1,BUY
2020-07-02 03:00:00,1.12604,1.12631,1.12556,1.12631,1,BUY
2020-07-02 04:00:00,1.1263,1.12669,1.12621,1.1265,1,BUY
2020-07-02 05:00:00,1.12651,1.1267,1.12619,1.12636,1,BUY
2020-07-02 06:00:00,1.12635,1.12759,1.12627,1.12692,1,BUY
2020-07-02 07:00:00,1.12694,1.12858,1.1262,1.12808,1,BUY
2020-07-02 08:00:00,1.12809,1.13026,1.12754,1.12974,1,BUY
2020-07-02 09:00:00,1.12972,1.12986,1.12846,1.12868,1,BUY
2020-07-02 10:00:00,1.12868,1.1289,1.12779,1.12792,1,BUY
2020-07-02 11:00:00,1.1279,1.12864,1.1275,1.12859,1,BUY
2020-07-02 12:00:00,1.1286,1.12976,1.12637,1.12642,1,BUY
2020-07-02 13:00:00,1.12643,1.12791,1.12506,1.1274,1,BUY
2020-07-02 14:00:00,1.12741,1.12818,1.12258,1.12295,1,BUY
2020-07-02 15:00:00,1.12294,1.12454,1.12253,1.12361,0,SELL
2020-07-02 16:00:00,1.12362,1.12362,1.12234,1.12286,0,SELL
2020-07-02 17:00:00,1.12284,1.12374,1.1227,1.12344,0,SELL
2020-07-02 18:00:00,1.12346,1.12348,1.12286,1.12342,0,SELL
2020-07-02 19:00:00,1.12341,1.12391,1.12328,1.12388,0,SELL
2020-07-02 20:00:00,1.12387,1.12418,1.1237,1.12394,0,SELL
2020-07-02 21:00:00,1.12394,1.1241,1.12371,1.12392,0,SELL
2020-07-02 22:00:00,1.12389,1.12423,1.12389,1.12418,0,SELL
2020-07-02 23:00:00,1.12419,1.12419,1.12368,1.12374,0,SELL
2020-07-03 00:00:00,1.12373,1.12411,1.12332,1.12401,0,SELL
2020-07-03 01:00:00,1.12402,1.12492,1.12374,1.12428,0,SELL
2020-07-03 02:00:00,1.12426,1.12469,1.12402,1.12452,0,SELL
2020-07-03 03:00:00,1.12453,1.12478,1.12424,1.1245,0,SELL
2020-07-03 04:00:00,1.12448,1.12452,1.12281,1.12288,0,SELL
2020-07-03 05:00:00,1.1229,1.1237,1.12276,1.12366,0,SELL
2020-07-03 06:00:00,1.12364,1.12422,1.12329,1.12404,0,SELL
2020-07-03 07:00:00,1.12402,1.12468,1.12242,1.12351,0,SELL
2020-07-03 08:00:00,1.1235,1.1242,1.12316,1.12336,0,SELL
2020-07-03 09:00:00,1.12337,1.12346,1.1224,1.12296,0,SELL
2020-07-03 10:00:00,1.12294,1.12348,1.12194,1.12344,0,SELL
2020-07-03 11:00:00,1.12342,1.12374,1.12232,1.12246,0,SELL
2020-07-03 12:00:00,1.12246,1.12314,1.12202,1.12294,0,SELL
2020-07-03 13:00:00,1.12296,1.12394,1.12258,1.12378,0,SELL
2020-07-03 14:00:00,1.12376,1.12482,1.12356,1.12418,0,SELL
2020-07-03 15:00:00,1.1242,1.12464,1.12407,1.12432,0,SELL
2020-07-03 16:00:00,1.12432,1.1245,1.12357,1.12418,0,SELL
2020-07-03 17:00:00,1.1242,1.12452,1.12405,1.12438,0,SELL
2020-07-03 18:00:00,1.1244,1.12468,1.12406,1.12448,0,SELL
2020-07-03 19:00:00,1.1245,1.1246,1.124,1.12446,0,SELL
2020-07-03 20:00:00,1.12448,1.12518,1.12391,1.12479,0,SELL
2020-07-05 21:00:00,1.12473,1.12473,1.12438,1.12451,1,BUY
2020-07-05 22:00:00,1.12446,1.12464,1.12432,1.12454,0,SELL
2020-07-05 23:00:00,1.12456,1.12496,1.12448,1.12468,0,SELL
2020-07-06 00:00:00,1.1247,1.12672,1.12468,1.12642,1,BUY
2020-07-06 01:00:00,1.12644,1.12732,1.12613,1.12684,1,BUY
2020-07-06 02:00:00,1.12686,1.12794,1.12686,1.12772,1,BUY
2020-07-06 03:00:00,1.12774,1.12854,1.12766,1.12827,1,BUY
2020-07-06 04:00:00,1.12828,1.12926,1.12818,1.12916,1,BUY
2020-07-06 05:00:00,1.12914,1.12934,1.12848,1.12923,1,BUY
2020-07-06 06:00:00,1.12922,1.13027,1.12862,1.12916,1,BUY
2020-07-06 07:00:00,1.12917,1.13002,1.12886,1.12972,1,BUY
2020-07-06 08:00:00,1.12973,1.12976,1.12812,1.12904,1,BUY
2020-07-06 09:00:00,1.12906,1.12949,1.12828,1.12943,1,BUY
2020-07-06 10:00:00,1.12942,1.13019,1.12888,1.12959,1,BUY
2020-07-06 11:00:00,1.12958,1.13206,1.12938,1.13188,1,BUY
2020-07-06 12:00:00,1.1319,1.13298,1.13152,1.13297,1,BUY
2020-07-06 13:00:00,1.13296,1.13455,1.13252,1.1327,1,BUY
2020-07-06 14:00:00,1.13272,1.13342,1.13094,1.13174,1,BUY
2020-07-06 15:00:00,1.13176,1.13184,1.13026,1.1307,1,BUY
2020-07-06 16:00:00,1.13068,1.13128,1.1305,1.13066,1,BUY
2020-07-06 17:00:00,1.13065,1.13193,1.13062,1.1316,1,BUY
2020-07-06 18:00:00,1.13158,1.13179,1.13106,1.13152,1,BUY
2020-07-06 19:00:00,1.1315,1.1316,1.1306,1.13092,1,BUY
2020-07-06 20:00:00,1.1309,1.13126,1.1306,1.13094,1,BUY
2020-07-06 21:00:00,1.13119,1.13122,1.1307,1.13104,1,BUY
2020-07-06 22:00:00,1.13102,1.13118,1.13081,1.13108,1,BUY
2020-07-06 23:00:00,1.13106,1.13144,1.13104,1.13126,1,BUY
2020-07-07 00:00:00,1.13125,1.13325,1.13096,1.13265,1,BUY
2020-07-07 01:00:00,1.13264,1.13283,1.13126,1.1313,1,BUY
2020-07-07 02:00:00,1.13128,1.13175,1.13064,1.13076,1,BUY
2020-07-07 03:00:00,1.13074,1.13129,1.13072,1.13102,1,BUY
2020-07-07 04:00:00,1.13101,1.13141,1.13069,1.13117,1,BUY
2020-07-07 05:00:00,1.13116,1.1316,1.13026,1.13084,1,BUY
2020-07-07 06:00:00,1.13084,1.13087,1.12916,1.12938,1,BUY
2020-07-07 07:00:00,1.12937,1.12959,1.12812,1.12856,1,BUY
2020-07-07 08:00:00,1.12857,1.12901,1.12632,1.12648,0,SELL
2020-07-07 09:00:00,1.12646,1.1275,1.1259,1.12739,0,SELL
2020-07-07 10:00:00,1.12738,1.12823,1.12708,1.12778,0,SELL
2020-07-07 11:00:00,1.12776,1.12946,1.12752,1.12906,0,SELL
2020-07-07 12:00:00,1.12907,1.13006,1.12874,1.12981,0,SELL
2020-07-07 13:00:00,1.12982,1.13069,1.12846,1.12857,0,SELL
2020-07-07 14:00:00,1.12855,1.12932,1.12716,1.12842,0,SELL
2020-07-07 15:00:00,1.12841,1.13036,1.12832,1.12978,0,SELL
2020-07-07 16:00:00,1.1298,1.13002,1.12856,1.12903,1,BUY
2020-07-07 17:00:00,1.12904,1.12964,1.12856,1.12957,1,BUY
2020-07-07 18:00:00,1.12956,1.12984,1.12831,1.1286,1,BUY
2020-07-07 19:00:00,1.12861,1.12868,1.12716,1.1272,0,SELL
2020-07-07 20:00:00,1.12722,1.12754,1.12684,1.12744,0,SELL
2020-07-07 21:00:00,1.12767,1.1277,1.12728,1.1275,0,SELL
2020-07-07 22:00:00,1.12744,1.1276,1.12727,1.12742,0,SELL
2020-07-07 23:00:00,1.1274,1.1278,1.12722,1.12747,0,SELL
2020-07-08 00:00:00,1.12748,1.12828,1.12652,1.12692,0,SELL
2020-07-08 01:00:00,1.1269,1.12793,1.12682,1.12718,0,SELL
2020-07-08 02:00:00,1.1272,1.12798,1.12711,1.12788,0,SELL
2020-07-08 03:00:00,1.12787,1.12806,1.1276,1.12781,0,SELL
2020-07-08 04:00:00,1.1278,1.12789,1.1274,1.12763,0,SELL
2020-07-08 05:00:00,1.12764,1.12828,1.12736,1.1276,0,SELL
2020-07-08 06:00:00,1.12762,1.12779,1.12624,1.12763,0,SELL
2020-07-08 07:00:00,1.12762,1.12943,1.12724,1.12886,0,SELL
2020-07-08 08:00:00,1.12886,1.12937,1.1278,1.12788,0,SELL
2020-07-08 09:00:00,1.12788,1.12829,1.1266,1.12751,0,SELL
2020-07-08 10:00:00,1.12752,1.12836,1.12675,1.12824,0,SELL
2020-07-08 11:00:00,1.12825,1.12954,1.12761,1.12892,0,SELL
2020-07-08 12:00:00,1.1289,1.1292,1.1278,1.12884,0,SELL
2020-07-08 13:00:00,1.12882,1.13338,1.12878,1.13297,1,BUY
2020-07-08 14:00:00,1.13298,1.13431,1.13253,1.13279,1,BUY
2020-07-08 15:00:00,1.13278,1.13299,1.13152,1.13282,1,BUY
2020-07-08 16:00:00,1.13282,1.13516,1.13262,1.1336,1,BUY
2020-07-08 17:00:00,1.13359,1.13425,1.13302,1.1334,1,BUY
2020-07-08 18:00:00,1.13342,1.13382,1.1333,1.13357,1,BUY
2020-07-08 19:00:00,1.13356,1.13368,1.13277,1.13324,1,BUY
2020-07-08 20:00:00,1.13323,1.13342,1.13292,1.13298,1,BUY
2020-07-08 21:00:00,1.13298,1.13357,1.13292,1.13322,1,BUY
2020-07-08 22:00:00,1.13318,1.13338,1.13296,1.13328,1,BUY
2020-07-08 23:00:00,1.13326,1.13386,1.1332,1.13374,1,BUY
2020-07-09 00:00:00,1.13375,1.1347,1.13329,1.13339,1,BUY
2020-07-09 01:00:00,1.13338,1.13394,1.13277,1.13382,1,BUY
2020-07-09 02:00:00,1.13381,1.13474,1.13356,1.13465,1,BUY
2020-07-09 03:00:00,1.13464,1.13639,1.13435,1.13626,1,BUY
2020-07-09 04:00:00,1.13624,1.13707,1.13618,1.13651,1,BUY
2020-07-09 05:00:00,1.13652,1.13679,1.13586,1.13647,1,BUY
2020-07-09 06:00:00,1.13649,1.13677,1.13545,1.13558,1,BUY
2020-07-09 07:00:00,1.13556,1.13618,1.13252,1.13364,1,BUY
2020-07-09 08:00:00,1.13365,1.13454,1.13274,1.13296,1,BUY
2020-07-09 09:00:00,1.13294,1.13345,1.13198,1.13312,1,BUY
2020-07-09 10:00:00,1.13313,1.13326,1.13164,1.13223,1,BUY
2020-07-09 11:00:00,1.13224,1.13456,1.13213,1.13428,1,BUY
2020-07-09 12:00:00,1.13429,1.13488,1.13334,1.13438,1,BUY
2020-07-09 13:00:00,1.13436,1.13484,1.13218,1.13267,1,BUY
2020-07-09 14:00:00,1.13266,1.13382,1.12899,1.12954,1,BUY
2020-07-09 15:00:00,1.12952,1.13038,1.12853,1.12979,0,SELL
2020-07-09 16:00:00,1.12978,1.13042,1.1289,1.12906,0,SELL
2020-07-09 17:00:00,1.12904,1.1295,1.1288,1.12926,0,SELL
2020-07-09 18:00:00,1.12924,1.12975,1.12901,1.12968,0,SELL
2020-07-09 19:00:00,1.1297,1.1297,1.12844,1.12851,0,SELL
2020-07-09 20:00:00,1.12852,1.12867,1.12802,1.12852,0,SELL
2020-07-09 21:00:00,1.12848,1.12859,1.12838,1.12844,0,SELL
2020-07-09 22:00:00,1.12848,1.12886,1.12846,1.12877,0,SELL
2020-07-09 23:00:00,1.12876,1.12904,1.12846,1.12884,0,SELL
2020-07-10 00:00:00,1.12886,1.12891,1.12706,1.12756,0,SELL
2020-07-10 01:00:00,1.12758,1.12786,1.12709,1.12784,0,SELL
2020-07-10 02:00:00,1.12783,1.12783,1.12693,1.12727,0,SELL
2020-07-10 03:00:00,1.12726,1.1275,1.12711,1.12742,0,SELL
2020-07-10 04:00:00,1.12741,1.12744,1.1268,1.12712,0,SELL
2020-07-10 05:00:00,1.12714,1.12746,1.12632,1.12696,0,SELL
2020-07-10 06:00:00,1.12698,1.12726,1.12582,1.12652,0,SELL
2020-07-10 07:00:00,1.1265,1.1281,1.12548,1.12792,0,SELL
2020-07-10 08:00:00,1.12793,1.12914,1.12782,1.12857,0,SELL
2020-07-10 09:00:00,1.12856,1.1295,1.12854,1.1291,0,SELL
2020-07-10 10:00:00,1.12911,1.12976,1.12908,1.1294,0,SELL
2020-07-10 11:00:00,1.12941,1.13006,1.12851,1.12864,0,SELL
2020-07-10 12:00:00,1.12865,1.12942,1.12736,1.12933,0,SELL
2020-07-10 13:00:00,1.12932,1.13148,1.12932,1.13073,0,SELL
2020-07-10 14:00:00,1.13074,1.13248,1.13014,1.13195,1,BUY
2020-07-10 15:00:00,1.13194,1.132,1.13095,1.1317,1,BUY
2020-07-10 16:00:00,1.13168,1.13172,1.12968,1.12998,1,BUY
2020-07-10 17:00:00,1.12998,1.13062,1.12952,1.13054,1,BUY
2020-07-10 18:00:00,1.13053,1.13056,1.12982,1.12982,1,BUY
2020-07-10 19:00:00,1.12984,1.13032,1.12956,1.13008,1,BUY
2020-07-10 20:00:00,1.13004,1.13042,1.1295,1.13002,0,SELL
2020-07-12 21:00:00,1.13092,1.13092,1.13044,1.13058,0,SELL
2020-07-12 22:00:00,1.13052,1.1316,1.13048,1.13159,0,SELL
2020-07-12 23:00:00,1.1316,1.13174,1.13084,1.13086,0,SELL
2020-07-13 00:00:00,1.13088,1.1315,1.13037,1.13146,1,BUY
2020-07-13 01:00:00,1.13144,1.13246,1.13142,1.13194,1,BUY
2020-07-13 02:00:00,1.13192,1.13267,1.13187,1.13246,1,BUY
2020-07-13 03:00:00,1.13247,1.13302,1.13237,1.13266,1,BUY
2020-07-13 04:00:00,1.13268,1.13278,1.13208,1.13226,1,BUY
2020-07-13 05:00:00,1.13227,1.13364,1.13214,1.13294,1,BUY
2020-07-13 06:00:00,1.13295,1.13346,1.13234,1.13308,1,BUY
2020-07-13 07:00:00,1.13307,1.13327,1.13138,1.13186,1,BUY
2020-07-13 08:00:00,1.13187,1.13191,1.13009,1.13087,1,BUY
2020-07-13 09:00:00,1.13089,1.13205,1.13042,1.13192,1,BUY
2020-07-13 10:00:00,1.13191,1.13353,1.13191,1.13296,1,BUY
2020-07-13 11:00:00,1.13296,1.13385,1.13261,1.13343,1,BUY
2020-07-13 12:00:00,1.13347,1.1338,1.13241,1.13256,1,BUY
2020-07-13 13:00:00,1.13257,1.13578,1.13253,1.13532,1,BUY
2020-07-13 14:00:00,1.13534,1.13702,1.13523,1.13676,1,BUY
2020-07-13 15:00:00,1.13675,1.13711,1.13558,1.13642,1,BUY
2020-07-13 16:00:00,1.13642,1.1375,1.13574,1.13674,1,BUY
2020-07-13 17:00:00,1.13672,1.13749,1.1365,1.13696,1,BUY
2020-07-13 18:00:00,1.13694,1.13702,1.13515,1.1353,1,BUY
2020-07-13 19:00:00,1.13528,1.13574,1.13431,1.135,1,BUY
2020-07-13 20:00:00,1.13498,1.135,1.13412,1.13432,1,BUY
2020-07-13 21:00:00,1.13432,1.13502,1.13431,1.13468,1,BUY
2020-07-13 22:00:00,1.13474,1.13516,1.13448,1.1345,1,BUY
2020-07-13 23:00:00,1.13452,1.13504,1.13446,1.13449,1,BUY
2020-07-14 00:00:00,1.13448,1.13484,1.13399,1.13449,1,BUY
2020-07-14 01:00:00,1.1345,1.13486,1.13372,1.13436,1,BUY
2020-07-14 02:00:00,1.13434,1.13466,1.13352,1.1339,1,BUY
2020-07-14 03:00:00,1.13389,1.13425,1.13387,1.13422,1,BUY
2020-07-14 04:00:00,1.1342,1.13456,1.13405,1.13452,1,BUY
2020-07-14 05:00:00,1.1345,1.13468,1.13379,1.13382,1,BUY
2020-07-14 06:00:00,1.13384,1.13494,1.13372,1.1343,1,BUY
2020-07-14 07:00:00,1.13432,1.13444,1.13254,1.13312,1,BUY
2020-07-14 08:00:00,1.13314,1.13586,1.13306,1.13508,1,BUY
2020-07-14 09:00:00,1.13507,1.13661,1.13474,1.13605,1,BUY
2020-07-14 10:00:00,1.13604,1.13736,1.1352,1.13704,1,BUY
2020-07-14 11:00:00,1.13706,1.13814,1.13648,1.13778,1,BUY
2020-07-14 12:00:00,1.1378,1.13806,1.13634,1.13719,1,BUY
2020-07-14 13:00:00,1.1372,1.13934,1.13614,1.13898,1,BUY
2020-07-14 14:00:00,1.139,1.14058,1.1385,1.13992,1,BUY
2020-07-14 15:00:00,1.13993,1.14068,1.1393,1.14057,1,BUY
2020-07-14 16:00:00,1.14055,1.14088,1.1401,1.14032,1,BUY
2020-07-14 17:00:00,1.14033,1.14054,1.13921,1.13968,1,BUY
2020-07-14 18:00:00,1.1397,1.14038,1.13932,1.13936,1,BUY
2020-07-14 19:00:00,1.13934,1.1395,1.13869,1.13888,1,BUY
2020-07-14 20:00:00,1.1389,1.14014,1.13888,1.14,1,BUY
2020-07-14 21:00:00,1.14018,1.14034,1.13953,1.14032,1,BUY
2020-07-14 22:00:00,1.14036,1.14124,1.14029,1.14089,1,BUY
2020-07-14 23:00:00,1.14091,1.14112,1.1405,1.14104,1,BUY
2020-07-15 00:00:00,1.14106,1.14232,1.14096,1.14131,1,BUY
2020-07-15 01:00:00,1.14132,1.14211,1.14096,1.1412,1,BUY
2020-07-15 02:00:00,1.14118,1.14118,1.14001,1.14028,1,BUY
2020-07-15 03:00:00,1.14026,1.14044,1.13953,1.13977,1,BUY
2020-07-15 04:00:00,1.13976,1.14015,1.1394,1.13952,1,BUY
2020-07-15 05:00:00,1.13951,1.14,1.1391,1.13998,1,BUY
2020-07-15 06:00:00,1.13998,1.14139,1.13958,1.14055,1,BUY
2020-07-15 07:00:00,1.14056,1.14378,1.13986,1.14328,1,BUY
2020-07-15 08:00:00,1.14326,1.14447,1.14308,1.14371,1,BUY
2020-07-15 09:00:00,1.1437,1.14375,1.14257,1.1427,1,BUY
2020-07-15 10:00:00,1.14271,1.14478,1.14264,1.14411,1,BUY
2020-07-15 11:00:00,1.14412,1.14463,1.14336,1.14382,1,BUY
2020-07-15 12:00:00,1.14381,1.14458,1.14348,1.14352,1,BUY
2020-07-15 13:00:00,1.14354,1.1452,1.1426,1.14276,1,BUY
2020-07-15 14:00:00,1.14278,1.14284,1.14102,1.14176,1,BUY
2020-07-15 15:00:00,1.14178,1.14244,1.14057,1.14058,1,BUY
2020-07-15 16:00:00,1.14057,1.141,1.14014,1.14072,1,BUY
2020-07-15 17:00:00,1.14071,1.14101,1.14034,1.14061,1,BUY
2020-07-15 18:00:00,1.14057,1.14096,1.14034,1.14059,1,BUY
2020-07-15 19:00:00,1.14058,1.14119,1.14028,1.14092,1,BUY
2020-07-15 20:00:00,1.14094,1.14128,1.14082,1.1412,1,BUY
2020-07-15 21:00:00,1.1412,1.1412,1.14086,1.1412,1,BUY
2020-07-15 22:00:00,1.14117,1.14148,1.14116,1.14121,1,BUY
2020-07-15 23:00:00,1.14123,1.14184,1.14123,1.14174,1,BUY
2020-07-16 00:00:00,1.14171,1.14188,1.14093,1.14148,1,BUY
2020-07-16 01:00:00,1.14147,1.14169,1.14094,1.1414,1,BUY
2020-07-16 02:00:00,1.14144,1.14166,1.14004,1.14032,1,BUY
2020-07-16 03:00:00,1.1403,1.14074,1.1402,1.14053,1,BUY
2020-07-16 04:00:00,1.14052,1.14073,1.1403,1.1406,1,BUY
2020-07-16 05:00:00,1.14059,1.1407,1.13972,1.14034,1,BUY
2020-07-16 06:00:00,1.14034,1.14074,1.13928,1.13978,1,BUY
2020-07-16 07:00:00,1.13978,1.14108,1.13967,1.14079,1,BUY
2020-07-16 08:00:00,1.14078,1.14156,1.13856,1.13932,1,BUY
2020-07-16 09:00:00,1.13934,1.14,1.1381,1.13811,0,SELL
2020-07-16 10:00:00,1.13812,1.13952,1.13782,1.1395,0,SELL
2020-07-16 11:00:00,1.13949,1.14176,1.13942,1.14132,0,SELL
2020-07-16 12:00:00,1.14131,1.1425,1.14058,1.14105,0,SELL
2020-07-16 13:00:00,1.14103,1.14344,1.13994,1.14292,1,BUY
2020-07-16 14:00:00,1.14294,1.14418,1.14242,1.14324,1,BUY
2020-07-16 15:00:00,1.14323,1.14345,1.14214,1.14322,1,BUY
2020-07-16 16:00:00,1.14323,1.14359,1.14087,1.14094,1,BUY
2020-07-16 17:00:00,1.14093,1.14102,1.13772,1.13828,1,BUY
2020-07-16 18:00:00,1.13826,1.13838,1.13754,1.1379,1,BUY
2020-07-16 19:00:00,1.13791,1.1384,1.13705,1.13823,0,SELL
2020-07-16 20:00:00,1.13822,1.13852,1.1379,1.13837,0,SELL
2020-07-16 21:00:00,1.13837,1.13857,1.13787,1.1381,0,SELL
2020-07-16 22:00:00,1.13816,1.1385,1.13816,1.1385,0,SELL
2020-07-16 23:00:00,1.13848,1.13892,1.13836,1.1388,0,SELL
2020-07-17 00:00:00,1.13878,1.13933,1.13828,1.13849,0,SELL
2020-07-17 01:00:00,1.1385,1.13854,1.13778,1.13814,0,SELL
2020-07-17 02:00:00,1.13812,1.1387,1.138,1.13852,0,SELL
2020-07-17 03:00:00,1.1385,1.13925,1.1384,1.13919,0,SELL
2020-07-17 04:00:00,1.13917,1.13938,1.13858,1.13875,0,SELL
2020-07-17 05:00:00,1.13876,1.13877,1.13784,1.13798,0,SELL
2020-07-17 06:00:00,1.13797,1.13857,1.13782,1.13824,0,SELL
2020-07-17 07:00:00,1.13822,1.13962,1.138,1.13906,0,SELL
2020-07-17 08:00:00,1.13908,1.14178,1.13877,1.14165,0,SELL
2020-07-17 09:00:00,1.14163,1.14238,1.14116,1.14132,0,SELL
2020-07-17 10:00:00,1.1413,1.14288,1.14095,1.14286,1,BUY
2020-07-17 11:00:00,1.14287,1.14305,1.14206,1.14218,1,BUY
2020-07-17 12:00:00,1.14216,1.14299,1.14164,1.1419,1,BUY
2020-07-17 13:00:00,1.14192,1.14344,1.14164,1.14309,1,BUY
2020-07-17 14:00:00,1.14311,1.144,1.142,1.14218,1,BUY
2020-07-17 15:00:00,1.14218,1.14378,1.14207,1.14371,1,BUY
2020-07-17 16:00:00,1.14372,1.14426,1.14299,1.14356,1,BUY
2020-07-17 17:00:00,1.14358,1.14422,1.14358,1.14374,1,BUY
2020-07-17 18:00:00,1.14373,1.14438,1.14352,1.1437,1,BUY
2020-07-17 19:00:00,1.14368,1.14419,1.14342,1.144,1,BUY
2020-07-17 20:00:00,1.14398,1.144,1.14232,1.14282,1,BUY
2020-07-19 21:00:00,1.14138,1.14278,1.14103,1.14188,1,BUY
2020-07-19 22:00:00,1.14186,1.14434,1.14186,1.14358,1,BUY
2020-07-19 23:00:00,1.1436,1.14457,1.14357,1.14422,1,BUY
2020-07-20 00:00:00,1.14424,1.14424,1.1418,1.14224,1,BUY
2020-07-20 01:00:00,1.14222,1.14229,1.14127,1.14166,1,BUY
2020-07-20 02:00:00,1.14165,1.14228,1.1414,1.14182,1,BUY
2020-07-20 03:00:00,1.1418,1.14255,1.14147,1.14188,1,BUY
2020-07-20 04:00:00,1.14189,1.14428,1.14162,1.14428,1,BUY
2020-07-20 05:00:00,1.14426,1.14558,1.14361,1.14524,1,BUY
2020-07-20 06:00:00,1.14526,1.1467,1.14502,1.1458,1,BUY
2020-07-20 07:00:00,1.14581,1.14581,1.14408,1.14557,1,BUY
2020-07-20 08:00:00,1.14558,1.14679,1.14432,1.14574,1,BUY
2020-07-20 09:00:00,1.14574,1.14604,1.14511,1.14555,1,BUY
2020-07-20 10:00:00,1.14554,1.1461,1.14471,1.14524,1,BUY
2020-07-20 11:00:00,1.14526,1.14645,1.14451,1.14461,1,BUY
2020-07-20 12:00:00,1.1446,1.145,1.14156,1.14186,1,BUY
2020-07-20 13:00:00,1.14184,1.14294,1.14024,1.14186,1,BUY
2020-07-20 14:00:00,1.14187,1.14444,1.14113,1.14398,1,BUY
2020-07-20 15:00:00,1.14398,1.14488,1.14365,1.14431,1,BUY
2020-07-20 16:00:00,1.14432,1.14453,1.14334,1.14386,1,BUY
2020-07-20 17:00:00,1.14388,1.1445,1.14335,1.1436,1,BUY
2020-07-20 18:00:00,1.14361,1.14432,1.14342,1.14409,1,BUY
2020-07-20 19:00:00,1.1441,1.14486,1.14398,1.14482,1,BUY
2020-07-20 20:00:00,1.1448,1.1449,1.14427,1.14474,1,BUY
2020-07-20 21:00:00,1.14474,1.14475,1.14427,1.14435,1,BUY
2020-07-20 22:00:00,1.14438,1.14477,1.14438,1.14462,1,BUY
2020-07-20 23:00:00,1.14464,1.14588,1.14463,1.1456,1,BUY
2020-07-21 00:00:00,1.14562,1.1464,1.14542,1.14556,1,BUY
2020-07-21 01:00:00,1.14554,1.14623,1.14554,1.14594,1,BUY
2020-07-21 02:00:00,1.14595,1.14626,1.14576,1.14602,1,BUY
2020-07-21 03:00:00,1.14604,1.147,1.14403,1.14458,1,BUY
2020-07-21 04:00:00,1.14456,1.14466,1.1423,1.14306,1,BUY
2020-07-21 05:00:00,1.14304,1.14438,1.1428,1.14437,1,BUY
2020-07-21 06:00:00,1.14438,1.14505,1.14368,1.1446,1,BUY
2020-07-21 07:00:00,1.14459,1.14669,1.14318,1.14428,1,BUY
2020-07-21 08:00:00,1.1443,1.145,1.14292,1.14434,1,BUY
2020-07-21 09:00:00,1.14432,1.14474,1.14301,1.14438,1,BUY
2020-07-21 10:00:00,1.14436,1.14603,1.14364,1.1438,0,SELL
2020-07-21 11:00:00,1.14382,1.1445,1.14316,1.14374,0,SELL
2020-07-21 12:00:00,1.14375,1.14522,1.14364,1.14388,0,SELL
2020-07-21 13:00:00,1.1439,1.14613,1.14253,1.14594,1,BUY
2020-07-21 14:00:00,1.14595,1.14891,1.14512,1.14876,1,BUY
2020-07-21 15:00:00,1.14877,1.14951,1.14826,1.14936,1,BUY
2020-07-21 16:00:00,1.14938,1.15176,1.14912,1.15162,1,BUY
2020-07-21 17:00:00,1.15162,1.15394,1.15125,1.15336,1,BUY
2020-07-21 18:00:00,1.15338,1.15398,1.1527,1.15309,1,BUY
2020-07-21 19:00:00,1.15308,1.15347,1.15197,1.15254,1,BUY
2020-07-21 20:00:00,1.15256,1.15294,1.15204,1.15269,1,BUY
2020-07-21 21:00:00,1.15269,1.15326,1.15269,1.1532,1,BUY
2020-07-21 22:00:00,1.15322,1.15344,1.15304,1.15322,1,BUY
2020-07-21 23:00:00,1.15324,1.15422,1.15296,1.1535,1,BUY
2020-07-22 00:00:00,1.15352,1.15388,1.15296,1.15309,1,BUY
2020-07-22 01:00:00,1.15308,1.15418,1.15292,1.15398,1,BUY
2020-07-22 02:00:00,1.15396,1.1546,1.15344,1.15455,1,BUY
2020-07-22 03:00:00,1.15454,1.15472,1.15397,1.15404,1,BUY
2020-07-22 04:00:00,1.15403,1.15416,1.15361,1.15391,1,BUY
2020-07-22 05:00:00,1.1539,1.15436,1.15352,1.15395,1,BUY
2020-07-22 06:00:00,1.15396,1.15426,1.15192,1.15316,1,BUY
2020-07-22 07:00:00,1.15315,1.15457,1.15078,1.15188,1,BUY
2020-07-22 08:00:00,1.15186,1.15319,1.15069,1.15224,1,BUY
2020-07-22 09:00:00,1.15226,1.15469,1.15169,1.15449,1,BUY
2020-07-22 10:00:00,1.15448,1.15837,1.15422,1.15688,1,BUY
2020-07-22 11:00:00,1.15689,1.15808,1.15564,1.15784,1,BUY
2020-07-22 12:00:00,1.15786,1.16004,1.15711,1.15958,1,BUY
2020-07-22 13:00:00,1.1596,1.16016,1.15781,1.15909,1,BUY
2020-07-22 14:00:00,1.1591,1.1595,1.1571,1.15935,1,BUY
2020-07-22 15:00:00,1.15932,1.15939,1.15783,1.15868,1,BUY
2020-07-22 16:00:00,1.1587,1.159,1.15738,1.15774,1,BUY
2020-07-22 17:00:00,1.15775,1.15823,1.15646,1.15686,1,BUY
2020-07-22 18:00:00,1.15688,1.15729,1.15628,1.15692,1,BUY
2020-07-22 19:00:00,1.1569,1.15792,1.15664,1.15784,1,BUY
2020-07-22 20:00:00,1.15784,1.15784,1.15674,1.15698,1,BUY
2020-07-22 21:00:00,1.15684,1.15758,1.15677,1.15728,1,BUY
2020-07-22 22:00:00,1.15732,1.15758,1.15694,1.15698,1,BUY
2020-07-22 23:00:00,1.15699,1.15724,1.15641,1.15647,1,BUY
2020-07-23 00:00:00,1.15648,1.15755,1.15643,1.15676,1,BUY
2020-07-23 01:00:00,1.15675,1.15766,1.15645,1.15744,1,BUY
2020-07-23 02:00:00,1.15742,1.15751,1.15657,1.15678,1,BUY
2020-07-23 03:00:00,1.1568,1.15778,1.15676,1.15771,1,BUY
2020-07-23 04:00:00,1.15772,1.1584,1.15755,1.15806,1,BUY
2020-07-23 05:00:00,1.15804,1.15874,1.15777,1.15844,1,BUY
2020-07-23 06:00:00,1.15844,1.15934,1.15842,1.15913,1,BUY
2020-07-23 07:00:00,1.15912,1.15984,1.15705,1.15862,1,BUY
2020-07-23 08:00:00,1.15862,1.1592,1.1579,1.15886,1,BUY
2020-07-23 09:00:00,1.15888,1.15942,1.15851,1.15916,1,BUY
2020-07-23 10:00:00,1.15918,1.15946,1.15821,1.15872,1,BUY
2020-07-23 11:00:00,1.1587,1.15902,1.15688,1.15722,1,BUY
2020-07-23 12:00:00,1.15722,1.15748,1.15416,1.15421,1,BUY
2020-07-23 13:00:00,1.15422,1.15869,1.15404,1.15861,1,BUY
2020-07-23 14:00:00,1.15862,1.16092,1.15754,1.15954,1,BUY
2020-07-23 15:00:00,1.15952,1.16268,1.15816,1.16224,1,BUY
2020-07-23 16:00:00,1.16226,1.16242,1.1611,1.16204,1,BUY
2020-07-23 17:00:00,1.16204,1.16246,1.16028,1.1608,1,BUY
2020-07-23 18:00:00,1.16078,1.16108,1.1598,1.16088,1,BUY
2020-07-23 19:00:00,1.16086,1.16097,1.15888,1.15928,1,BUY
2020-07-23 20:00:00,1.1593,1.15984,1.159,1.15963,1,BUY
2020-07-23 21:00:00,1.1597,1.1597,1.15926,1.15953,1,BUY
2020-07-23 22:00:00,1.15958,1.16026,1.15942,1.16025,1,BUY
2020-07-23 23:00:00,1.16024,1.16026,1.15948,1.15952,1,BUY
2020-07-24 00:00:00,1.15954,1.16165,1.15924,1.16141,1,BUY
2020-07-24 01:00:00,1.1614,1.16212,1.16081,1.16138,1,BUY
2020-07-24 02:00:00,1.1614,1.16158,1.16098,1.1615,1,BUY
2020-07-24 03:00:00,1.16151,1.16186,1.16046,1.16132,1,BUY
2020-07-24 04:00:00,1.16131,1.16146,1.15952,1.15984,1,BUY
2020-07-24 05:00:00,1.15982,1.1603,1.15902,1.1603,1,BUY
2020-07-24 06:00:00,1.16032,1.16172,1.16018,1.16142,1,BUY
2020-07-24 07:00:00,1.16141,1.16214,1.1594,1.16094,1,BUY
2020-07-24 08:00:00,1.161,1.16159,1.15924,1.16003,1,BUY
2020-07-24 09:00:00,1.16004,1.1612,1.15914,1.15974,1,BUY
2020-07-24 10:00:00,1.15976,1.16043,1.15812,1.15837,1,BUY
2020-07-24 11:00:00,1.15839,1.16018,1.15829,1.16013,1,BUY
2020-07-24 12:00:00,1.16012,1.16178,1.16012,1.16149,1,BUY
2020-07-24 13:00:00,1.16148,1.16221,1.15982,1.16121,1,BUY
2020-07-24 14:00:00,1.16123,1.16387,1.161,1.16252,1,BUY
2020-07-24 15:00:00,1.16252,1.1638,1.16214,1.1634,1,BUY
2020-07-24 16:00:00,1.16339,1.16377,1.16288,1.16352,1,BUY
2020-07-24 17:00:00,1.16351,1.16448,1.16342,1.16406,1,BUY
2020-07-24 18:00:00,1.16404,1.16475,1.16362,1.16362,1,BUY
2020-07-24 19:00:00,1.1636,1.1642,1.16344,1.16412,1,BUY
2020-07-24 20:00:00,1.1641,1.16581,1.16407,1.16558,1,BUY
2020-07-26 21:00:00,1.1647,1.1647,1.16428,1.16442,1,BUY
2020-07-26 22:00:00,1.16446,1.16551,1.16431,1.16527,1,BUY
2020-07-26 23:00:00,1.16528,1.16557,1.16422,1.16498,1,BUY
2020-07-27 00:00:00,1.165,1.16984,1.16498,1.16887,1,BUY
2020-07-27 01:00:00,1.16886,1.16986,1.16852,1.16924,1,BUY
2020-07-27 02:00:00,1.16925,1.17158,1.16896,1.17104,1,BUY
2020-07-27 03:00:00,1.17102,1.17254,1.17076,1.17108,1,BUY
2020-07-27 04:00:00,1.17106,1.17122,1.17002,1.17052,1,BUY
2020-07-27 05:00:00,1.1705,1.1705,1.16954,1.17014,1,BUY
2020-07-27 06:00:00,1.17016,1.17172,1.1701,1.1709,1,BUY
2020-07-27 07:00:00,1.17091,1.17136,1.16898,1.16965,1,BUY
2020-07-27 08:00:00,1.16964,1.1712,1.16936,1.16954,1,BUY
2020-07-27 09:00:00,1.16955,1.17077,1.1682,1.17065,1,BUY
2020-07-27 10:00:00,1.17066,1.17333,1.17052,1.17264,1,BUY
2020-07-27 11:00:00,1.17262,1.17453,1.17174,1.17441,1,BUY
2020-07-27 12:00:00,1.17442,1.17646,1.17356,1.17392,1,BUY
2020-07-27 13:00:00,1.1739,1.17602,1.1728,1.17595,1,BUY
2020-07-27 14:00:00,1.17594,1.17783,1.17472,1.17773,1,BUY
2020-07-27 15:00:00,1.17772,1.17814,1.17494,1.17501,1,BUY
2020-07-27 16:00:00,1.17502,1.17578,1.17434,1.1745,1,BUY
2020-07-27 17:00:00,1.17449,1.17566,1.17448,1.17555,1,BUY
2020-07-27 18:00:00,1.17556,1.17648,1.17505,1.17505,1,BUY
2020-07-27 19:00:00,1.17506,1.17521,1.17425,1.17456,1,BUY
2020-07-27 20:00:00,1.17455,1.1752,1.17443,1.17516,1,BUY
2020-07-27 21:00:00,1.17516,1.17559,1.17489,1.17505,1,BUY
2020-07-27 22:00:00,1.17509,1.17644,1.17506,1.17634,1,BUY
2020-07-27 23:00:00,1.17636,1.17693,1.17514,1.17685,1,BUY
2020-07-28 00:00:00,1.17684,1.17731,1.17604,1.17664,1,BUY
2020-07-28 01:00:00,1.17662,1.17736,1.17556,1.17585,1,BUY
2020-07-28 02:00:00,1.17584,1.17633,1.17433,1.17447,1,BUY
2020-07-28 03:00:00,1.17448,1.17472,1.17141,1.17244,1,BUY
2020-07-28 04:00:00,1.17246,1.17354,1.17183,1.17313,1,BUY
2020-07-28 05:00:00,1.17312,1.17358,1.17212,1.17352,1,BUY
2020-07-28 06:00:00,1.17354,1.17408,1.17244,1.17274,1,BUY
2020-07-28 07:00:00,1.17276,1.17358,1.17056,1.17108,1,BUY
2020-07-28 08:00:00,1.17104,1.1722,1.16987,1.17212,1,BUY
2020-07-28 09:00:00,1.17214,1.17368,1.17108,1.17288,1,BUY
2020-07-28 10:00:00,1.1729,1.17402,1.17256,1.17378,1,BUY
2020-07-28 11:00:00,1.1738,1.17432,1.17004,1.17046,1,BUY
2020-07-28 12:00:00,1.17045,1.17361,1.17044,1.1733,1,BUY
2020-07-28 13:00:00,1.17329,1.17424,1.17218,1.17323,1,BUY
2020-07-28 14:00:00,1.1732,1.17396,1.17081,1.17292,1,BUY
2020-07-28 15:00:00,1.17291,1.17327,1.17125,1.1732,1,BUY
2020-07-28 16:00:00,1.17322,1.17374,1.17282,1.1735,1,BUY
2020-07-28 17:00:00,1.17348,1.17374,1.17278,1.17308,1,BUY
2020-07-28 18:00:00,1.1731,1.17324,1.17193,1.1724,1,BUY
2020-07-28 19:00:00,1.17238,1.17246,1.17123,1.17144,1,BUY
2020-07-28 20:00:00,1.17142,1.17202,1.17134,1.17161,1,BUY
2020-07-28 21:00:00,1.17195,1.17232,1.17162,1.17218,1,BUY
2020-07-28 22:00:00,1.17213,1.17236,1.17182,1.17204,1,BUY
2020-07-28 23:00:00,1.17206,1.1722,1.17178,1.17188,1,BUY
2020-07-29 00:00:00,1.17186,1.17257,1.1714,1.17216,1,BUY
2020-07-29 01:00:00,1.17218,1.17246,1.17151,1.17242,1,BUY
2020-07-29 02:00:00,1.17244,1.1731,1.17203,1.17285,1,BUY
2020-07-29 03:00:00,1.17286,1.17322,1.1725,1.17287,1,BUY
2020-07-29 04:00:00,1.17286,1.1734,1.1725,1.17298,1,BUY
2020-07-29 05:00:00,1.17296,1.17348,1.17246,1.17346,1,BUY
2020-07-29 06:00:00,1.17345,1.17511,1.17321,1.17478,1,BUY
2020-07-29 07:00:00,1.17476,1.177,1.17434,1.17595,1,BUY
2020-07-29 08:00:00,1.17594,1.17633,1.17472,1.17508,1,BUY
2020-07-29 09:00:00,1.1751,1.17545,1.1742,1.17474,1,BUY
2020-07-29 10:00:00,1.17472,1.17546,1.17425,1.17463,1,BUY
2020-07-29 11:00:00,1.17462,1.17468,1.17203,1.17224,1,BUY
2020-07-29 12:00:00,1.17223,1.17456,1.17186,1.17437,1,BUY
2020-07-29 13:00:00,1.17438,1.17641,1.17422,1.17552,1,BUY
2020-07-29 14:00:00,1.17554,1.17784,1.17516,1.1775,1,BUY
2020-07-29 15:00:00,1.1775,1.1777,1.17641,1.17694,1,BUY
2020-07-29 16:00:00,1.17694,1.17771,1.17666,1.17736,1,BUY
2020-07-29 17:00:00,1.17734,1.17908,1.17701,1.1788,1,BUY
2020-07-29 18:00:00,1.17876,1.18067,1.17567,1.17669,1,BUY
2020-07-29 19:00:00,1.17667,1.17938,1.17543,1.17772,1,BUY
2020-07-29 20:00:00,1.17773,1.17972,1.17768,1.17916,1,BUY
2020-07-29 21:00:00,1.17916,1.17942,1.17863,1.17934,1,BUY
2020-07-29 22:00:00,1.17929,1.17937,1.17898,1.17901,1,BUY
2020-07-29 23:00:00,1.179,1.17901,1.17807,1.17808,1,BUY
2020-07-30 00:00:00,1.1781,1.17846,1.17725,1.17796,1,BUY
2020-07-30 01:00:00,1.17798,1.17842,1.17688,1.17705,1,BUY
2020-07-30 02:00:00,1.17707,1.17776,1.17658,1.17772,1,BUY
2020-07-30 03:00:00,1.17774,1.17852,1.17744,1.17762,1,BUY
2020-07-30 04:00:00,1.1776,1.17767,1.17667,1.17685,1,BUY
2020-07-30 05:00:00,1.17684,1.17693,1.17588,1.17596,1,BUY
2020-07-30 06:00:00,1.17596,1.17632,1.17494,1.17566,1,BUY
2020-07-30 07:00:00,1.17567,1.17649,1.1746,1.1758,1,BUY
2020-07-30 08:00:00,1.17582,1.1764,1.17402,1.17422,1,BUY
2020-07-30 09:00:00,1.17424,1.17618,1.1731,1.17574,0,SELL
2020-07-30 10:00:00,1.17573,1.17588,1.17424,1.1747,0,SELL
2020-07-30 11:00:00,1.17472,1.17602,1.17445,1.17489,0,SELL
2020-07-30 12:00:00,1.1749,1.1779,1.17424,1.17772,0,SELL
2020-07-30 13:00:00,1.17773,1.18098,1.17742,1.17881,1,BUY
2020-07-30 14:00:00,1.17882,1.17972,1.1774,1.17951,1,BUY
2020-07-30 15:00:00,1.17952,1.17956,1.17748,1.17905,1,BUY
2020-07-30 16:00:00,1.17906,1.18064,1.17902,1.18038,1,BUY
2020-07-30 17:00:00,1.18037,1.18345,1.18023,1.18282,1,BUY
2020-07-30 18:00:00,1.1828,1.18389,1.18246,1.18388,1,BUY
2020-07-30 19:00:00,1.1839,1.18448,1.18372,1.18447,1,BUY
2020-07-30 20:00:00,1.18445,1.18484,1.18431,1.18475,1,BUY
2020-07-30 21:00:00,1.18475,1.18475,1.18382,1.18424,1,BUY
2020-07-30 22:00:00,1.18428,1.18488,1.18406,1.18482,1,BUY
2020-07-30 23:00:00,1.18484,1.18768,1.18432,1.18722,1,BUY
2020-07-31 00:00:00,1.18721,1.18891,1.18622,1.18661,1,BUY
2020-07-31 01:00:00,1.18662,1.18847,1.18619,1.18834,1,BUY
2020-07-31 02:00:00,1.18832,1.19051,1.18822,1.18906,1,BUY
2020-07-31 03:00:00,1.18905,1.18934,1.18828,1.18918,1,BUY
2020-07-31 04:00:00,1.18916,1.18978,1.18853,1.18976,1,BUY
2020-07-31 05:00:00,1.18974,1.18978,1.18861,1.18882,1,BUY
2020-07-31 06:00:00,1.18884,1.19088,1.18769,1.19016,1,BUY
2020-07-31 07:00:00,1.19018,1.19036,1.18742,1.18758,1,BUY
2020-07-31 08:00:00,1.18758,1.1886,1.18522,1.1858,1,BUY
2020-07-31 09:00:00,1.18581,1.18584,1.18383,1.18572,1,BUY
2020-07-31 10:00:00,1.1857,1.18625,1.18464,1.18499,1,BUY
2020-07-31 11:00:00,1.185,1.18503,1.18274,1.18399,1,BUY
2020-07-31 12:00:00,1.184,1.18526,1.18369,1.18438,1,BUY
2020-07-31 13:00:00,1.1844,1.18458,1.1802,1.18244,1,BUY
2020-07-31 14:00:00,1.18242,1.18512,1.18201,1.18312,1,BUY
2020-07-31 15:00:00,1.1831,1.18398,1.1812,1.18218,1,BUY
2020-07-31 16:00:00,1.18216,1.18218,1.17612,1.17912,0,SELL
2020-07-31 17:00:00,1.1791,1.18056,1.17854,1.17897,0,SELL
2020-07-31 18:00:00,1.17898,1.1795,1.17786,1.17888,0,SELL
2020-07-31 19:00:00,1.17886,1.17928,1.17746,1.1779,0,SELL
2020-07-31 20:00:00,1.17792,1.17836,1.17696,1.1779,0,SELL
2020-08-02 21:00:00,1.1779,1.17797,1.1771,1.17774,0,SELL
2020-08-02 22:00:00,1.1777,1.17966,1.1775,1.17944,0,SELL
2020-08-02 23:00:00,1.17946,1.17969,1.17772,1.17814,0,SELL
2020-08-03 00:00:00,1.17812,1.17891,1.17408,1.17534,0,SELL
2020-08-03 01:00:00,1.17536,1.17723,1.17452,1.17714,0,SELL
2020-08-03 02:00:00,1.17712,1.17736,1.1763,1.17682,0,SELL
2020-08-03 03:00:00,1.17684,1.1776,1.17663,1.17732,0,SELL
2020-08-03 04:00:00,1.1773,1.17824,1.17714,1.1776,0,SELL
2020-08-03 05:00:00,1.17758,1.17792,1.17671,1.17738,0,SELL
2020-08-03 06:00:00,1.1774,1.17756,1.17488,1.175,0,SELL
2020-08-03 07:00:00,1.17502,1.17681,1.175,1.17624,0,SELL
2020-08-03 08:00:00,1.17625,1.1785,1.17594,1.17792,0,SELL
2020-08-03 09:00:00,1.17793,1.17798,1.17424,1.17446,0,SELL
2020-08-03 10:00:00,1.17444,1.17453,1.1714,1.1725,0,SELL
2020-08-03 11:00:00,1.17252,1.17348,1.17248,1.17254,0,SELL
2020-08-03 12:00:00,1.17253,1.17344,1.17061,1.17076,0,SELL
2020-08-03 13:00:00,1.17077,1.17243,1.1696,1.17232,0,SELL
2020-08-03 14:00:00,1.17231,1.17433,1.17218,1.17381,0,SELL
2020-08-03 15:00:00,1.17382,1.17508,1.17334,1.17498,0,SELL
2020-08-03 16:00:00,1.17496,1.17521,1.17384,1.17492,0,SELL
2020-08-03 17:00:00,1.17492,1.17586,1.1747,1.1752,0,SELL
2020-08-03 18:00:00,1.17519,1.17634,1.17509,1.17591,0,SELL
2020-08-03 19:00:00,1.1759,1.17658,1.1758,1.17642,0,SELL
2020-08-03 20:00:00,1.17641,1.1768,1.17618,1.17622,0,SELL
2020-08-03 21:00:00,1.17622,1.17649,1.17576,1.17602,0,SELL
2020-08-03 22:00:00,1.17606,1.1766,1.17594,1.17604,0,SELL
2020-08-03 23:00:00,1.17606,1.1761,1.17561,1.17602,0,SELL
2020-08-04 00:00:00,1.17601,1.17616,1.1752,1.17538,0,SELL
2020-08-04 01:00:00,1.17539,1.17594,1.17533,1.17584,0,SELL
2020-08-04 02:00:00,1.17583,1.17734,1.1757,1.17724,0,SELL
2020-08-04 03:00:00,1.17722,1.1774,1.17635,1.17678,0,SELL
2020-08-04 04:00:00,1.1768,1.17746,1.1767,1.1774,0,SELL
2020-08-04 05:00:00,1.17739,1.17773,1.1764,1.17668,0,SELL
2020-08-04 06:00:00,1.17669,1.17801,1.17642,1.1777,0,SELL
2020-08-04 07:00:00,1.17772,1.18028,1.17718,1.17867,0,SELL
2020-08-04 08:00:00,1.17865,1.1795,1.17729,1.17928,1,BUY
2020-08-04 09:00:00,1.17926,1.18064,1.17921,1.1795,1,BUY
2020-08-04 10:00:00,1.17948,1.17954,1.1768,1.17702,1,BUY
2020-08-04 11:00:00,1.17702,1.17734,1.17546,1.17612,1,BUY
2020-08-04 12:00:00,1.17611,1.17712,1.17222,1.17284,0,SELL
2020-08-04 13:00:00,1.17285,1.17382,1.17214,1.17246,0,SELL
2020-08-04 14:00:00,1.17248,1.17644,1.17242,1.17566,0,SELL
2020-08-04 15:00:00,1.17567,1.17738,1.17506,1.17653,0,SELL
2020-08-04 16:00:00,1.17652,1.17778,1.17646,1.17778,0,SELL
2020-08-04 17:00:00,1.17778,1.17854,1.1776,1.17828,0,SELL
2020-08-04 18:00:00,1.17828,1.17915,1.17746,1.17824,0,SELL
2020-08-04 19:00:00,1.17822,1.18031,1.1782,1.18028,0,SELL
2020-08-04 20:00:00,1.1803,1.1803,1.17946,1.18027,1,BUY
2020-08-04 21:00:00,1.18013,1.18018,1.17967,1.17972,1,BUY
2020-08-04 22:00:00,1.1797,1.18004,1.1793,1.17982,1,BUY
2020-08-04 23:00:00,1.17984,1.18152,1.17946,1.1814,1,BUY
2020-08-05 00:00:00,1.18141,1.18154,1.1801,1.18092,1,BUY
2020-08-05 01:00:00,1.18094,1.18136,1.18051,1.18102,1,BUY
2020-08-05 02:00:00,1.181,1.18216,1.18064,1.182,1,BUY
2020-08-05 03:00:00,1.18198,1.18202,1.18122,1.18153,1,BUY
2020-08-05 04:00:00,1.18152,1.18182,1.18132,1.18167,1,BUY
2020-08-05 05:00:00,1.18169,1.18178,1.18028,1.1803,1,BUY
2020-08-05 06:00:00,1.18028,1.18262,1.17994,1.18244,1,BUY
2020-08-05 07:00:00,1.18242,1.18302,1.1815,1.18204,1,BUY
2020-08-05 08:00:00,1.18205,1.18414,1.18068,1.18403,1,BUY
2020-08-05 09:00:00,1.18404,1.18616,1.18341,1.18566,1,BUY
2020-08-05 10:00:00,1.18564,1.18618,1.18313,1.18336,1,BUY
2020-08-05 11:00:00,1.18334,1.18566,1.18329,1.1855,1,BUY
2020-08-05 12:00:00,1.18549,1.1881,1.18476,1.18778,1,BUY
2020-08-05 13:00:00,1.1878,1.19004,1.1863,1.18913,1,BUY
2020-08-05 14:00:00,1.18914,1.19003,1.18712,1.18817,1,BUY
2020-08-05 15:00:00,1.18816,1.1905,1.1881,1.18968,1,BUY
2020-08-05 16:00:00,1.18967,1.18982,1.18672,1.18734,1,BUY
2020-08-05 17:00:00,1.18732,1.1879,1.18626,1.18656,1,BUY
2020-08-05 18:00:00,1.18655,1.1868,1.18546,1.18601,1,BUY
2020-08-05 19:00:00,1.18602,1.18663,1.18584,1.18592,1,BUY
2020-08-05 20:00:00,1.18592,1.18654,1.18556,1.18638,1,BUY
2020-08-05 21:00:00,1.18668,1.18668,1.18636,1.18658,1,BUY
2020-08-05 22:00:00,1.18662,1.18762,1.18658,1.18724,1,BUY
2020-08-05 23:00:00,1.18726,1.18754,1.187,1.18721,1,BUY
2020-08-06 00:00:00,1.1872,1.1886,1.1871,1.18788,1,BUY
2020-08-06 01:00:00,1.18786,1.18838,1.18688,1.18721,1,BUY
2020-08-06 02:00:00,1.18719,1.18731,1.18628,1.18636,1,BUY
2020-08-06 03:00:00,1.18634,1.18758,1.1863,1.18727,1,BUY
2020-08-06 04:00:00,1.18728,1.18804,1.18728,1.18794,1,BUY
2020-08-06 05:00:00,1.18792,1.18856,1.18782,1.18814,1,BUY
2020-08-06 06:00:00,1.18816,1.1917,1.18722,1.18806,1,BUY
2020-08-06 07:00:00,1.18805,1.18805,1.18384,1.18427,1,BUY
2020-08-06 08:00:00,1.18428,1.18588,1.18392,1.18426,1,BUY
2020-08-06 09:00:00,1.18425,1.18704,1.1838,1.18608,1,BUY
2020-08-06 10:00:00,1.18606,1.18648,1.18413,1.18428,1,BUY
2020-08-06 11:00:00,1.1843,1.18503,1.18318,1.18474,1,BUY
2020-08-06 12:00:00,1.18476,1.18641,1.18368,1.18488,0,SELL
2020-08-06 13:00:00,1.18488,1.18666,1.18319,1.18564,0,SELL
2020-08-06 14:00:00,1.18563,1.18588,1.1818,1.1844,0,SELL
2020-08-06 15:00:00,1.18441,1.18555,1.18384,1.18543,1,BUY
2020-08-06 16:00:00,1.18544,1.18903,1.18542,1.18802,1,BUY
2020-08-06 17:00:00,1.18801,1.18937,1.1867,1.1879,1,BUY
2020-08-06 18:00:00,1.18791,1.18792,1.18672,1.18742,1,BUY
2020-08-06 19:00:00,1.1874,1.18798,1.18632,1.18748,1,BUY
2020-08-06 20:00:00,1.1875,1.18801,1.18724,1.18775,1,BUY
2020-08-06 21:00:00,1.18775,1.18801,1.18733,1.18777,1,BUY
2020-08-06 22:00:00,1.18782,1.18833,1.18775,1.18812,1,BUY
2020-08-06 23:00:00,1.18814,1.18814,1.18729,1.18756,1,BUY
2020-08-07 00:00:00,1.18754,1.18819,1.18716,1.18744,1,BUY
2020-08-07 01:00:00,1.18746,1.18747,1.18634,1.18688,1,BUY
2020-08-07 02:00:00,1.18686,1.18693,1.18324,1.1839,1,BUY
2020-08-07 03:00:00,1.18388,1.18409,1.18234,1.18264,1,BUY
2020-08-07 04:00:00,1.18266,1.18378,1.18197,1.18352,0,SELL
2020-08-07 05:00:00,1.18354,1.18452,1.18302,1.1843,0,SELL
2020-08-07 06:00:00,1.18432,1.18479,1.183,1.18314,0,SELL
2020-08-07 07:00:00,1.18316,1.18507,1.18316,1.18406,0,SELL
2020-08-07 08:00:00,1.18404,1.18405,1.18212,1.18328,0,SELL
2020-08-07 09:00:00,1.1833,1.18364,1.18094,1.18172,0,SELL
2020-08-07 10:00:00,1.1817,1.1824,1.18127,1.18229,0,SELL
2020-08-07 11:00:00,1.18228,1.18244,1.18102,1.1818,0,SELL
2020-08-07 12:00:00,1.18178,1.18458,1.1802,1.18312,0,SELL
2020-08-07 13:00:00,1.18314,1.18333,1.17645,1.17727,0,SELL
2020-08-07 14:00:00,1.17728,1.17906,1.17552,1.17886,0,SELL
2020-08-07 15:00:00,1.17887,1.17968,1.17738,1.17754,0,SELL
2020-08-07 16:00:00,1.17754,1.17816,1.1768,1.17693,0,SELL
2020-08-07 17:00:00,1.17692,1.17824,1.17666,1.17812,0,SELL
2020-08-07 18:00:00,1.17811,1.1786,1.17784,1.17812,0,SELL
2020-08-07 19:00:00,1.1781,1.1789,1.178,1.17889,0,SELL
2020-08-07 20:00:00,1.17888,1.1789,1.17843,1.1786,0,SELL
2020-08-09 21:00:00,1.17934,1.17934,1.17844,1.17862,0,SELL
2020-08-09 22:00:00,1.17866,1.17888,1.17737,1.17762,0,SELL
2020-08-09 23:00:00,1.17764,1.17836,1.17764,1.17812,0,SELL
2020-08-10 00:00:00,1.17814,1.17956,1.17814,1.17938,0,SELL
2020-08-10 01:00:00,1.1794,1.1797,1.17899,1.17934,0,SELL
2020-08-10 02:00:00,1.17935,1.17985,1.17916,1.17931,0,SELL
2020-08-10 03:00:00,1.1793,1.17953,1.17897,1.17951,0,SELL
2020-08-10 04:00:00,1.17949,1.17964,1.17904,1.1791,0,SELL
2020-08-10 05:00:00,1.17911,1.17943,1.17898,1.17941,0,SELL
2020-08-10 06:00:00,1.1794,1.18008,1.1765,1.17662,0,SELL
2020-08-10 07:00:00,1.17664,1.17759,1.17597,1.17664,0,SELL
2020-08-10 08:00:00,1.17662,1.17758,1.17525,1.17726,0,SELL
2020-08-10 09:00:00,1.17728,1.17756,1.17577,1.17599,0,SELL
2020-08-10 10:00:00,1.17601,1.17663,1.17451,1.17461,0,SELL
2020-08-10 11:00:00,1.17462,1.17566,1.17406,1.17538,0,SELL
2020-08-10 12:00:00,1.17537,1.17716,1.17517,1.17676,0,SELL
2020-08-10 13:00:00,1.17678,1.1792,1.17598,1.17878,0,SELL
2020-08-10 14:00:00,1.17876,1.17878,1.1762,1.17658,0,SELL
2020-08-10 15:00:00,1.17657,1.1772,1.17512,1.17558,0,SELL
2020-08-10 16:00:00,1.1756,1.17594,1.17466,1.17536,0,SELL
2020-08-10 17:00:00,1.17538,1.17568,1.1749,1.1752,0,SELL
2020-08-10 18:00:00,1.17522,1.17524,1.17433,1.1744,0,SELL
2020-08-10 19:00:00,1.17441,1.17444,1.17364,1.17439,0,SELL
2020-08-10 20:00:00,1.17437,1.17452,1.17362,1.17368,0,SELL
2020-08-10 21:00:00,1.17376,1.17423,1.1737,1.17398,0,SELL
2020-08-10 22:00:00,1.17396,1.1743,1.17362,1.17416,0,SELL
2020-08-10 23:00:00,1.17415,1.1743,1.1736,1.17362,0,SELL
2020-08-11 00:00:00,1.17364,1.17377,1.17222,1.17251,0,SELL
2020-08-11 01:00:00,1.1725,1.17476,1.17235,1.17442,0,SELL
2020-08-11 02:00:00,1.1744,1.17508,1.1743,1.17445,0,SELL
2020-08-11 03:00:00,1.17447,1.17499,1.17424,1.17488,0,SELL
2020-08-11 04:00:00,1.17486,1.17552,1.1748,1.17523,0,SELL
2020-08-11 05:00:00,1.17524,1.17552,1.17444,1.17494,0,SELL
2020-08-11 06:00:00,1.17495,1.17566,1.17226,1.17336,0,SELL
2020-08-11 07:00:00,1.17336,1.17482,1.17302,1.1746,0,SELL
2020-08-11 08:00:00,1.17462,1.17746,1.17447,1.17724,0,SELL
2020-08-11 09:00:00,1.17723,1.1788,1.17716,1.17878,0,SELL
2020-08-11 10:00:00,1.17876,1.1808,1.17875,1.17912,0,SELL
2020-08-11 11:00:00,1.17914,1.18045,1.17785,1.17804,0,SELL
2020-08-11 12:00:00,1.17805,1.1807,1.1777,1.17976,1,BUY
2020-08-11 13:00:00,1.17974,1.17976,1.1757,1.17826,1,BUY
2020-08-11 14:00:00,1.17825,1.17846,1.17641,1.17654,1,BUY
2020-08-11 15:00:00,1.17656,1.17887,1.1762,1.17634,0,SELL
2020-08-11 16:00:00,1.17632,1.17754,1.1762,1.17714,0,SELL
2020-08-11 17:00:00,1.17715,1.17719,1.17547,1.17631,0,SELL
2020-08-11 18:00:00,1.17632,1.17656,1.17417,1.17453,0,SELL
2020-08-11 19:00:00,1.17452,1.17468,1.17282,1.17359,0,SELL
2020-08-11 20:00:00,1.17357,1.17406,1.17291,1.17403,0,SELL
2020-08-11 21:00:00,1.17426,1.17469,1.17406,1.17419,0,SELL
2020-08-11 22:00:00,1.17414,1.1745,1.17408,1.17437,0,SELL
2020-08-11 23:00:00,1.17436,1.1744,1.17336,1.1735,0,SELL
2020-08-12 00:00:00,1.17352,1.1743,1.17259,1.1734,0,SELL
2020-08-12 01:00:00,1.17342,1.17412,1.17248,1.17292,0,SELL
2020-08-12 02:00:00,1.17294,1.17322,1.17158,1.17204,0,SELL
2020-08-12 03:00:00,1.17203,1.17249,1.17162,1.17212,0,SELL
2020-08-12 04:00:00,1.1721,1.1721,1.17112,1.17144,0,SELL
2020-08-12 05:00:00,1.17145,1.17252,1.17124,1.17232,0,SELL
2020-08-12 06:00:00,1.17234,1.17387,1.17207,1.17259,0,SELL
2020-08-12 07:00:00,1.1726,1.17504,1.17254,1.17486,0,SELL
2020-08-12 08:00:00,1.17487,1.17608,1.17412,1.17477,0,SELL
2020-08-12 09:00:00,1.17478,1.17754,1.17444,1.17678,0,SELL
2020-08-12 10:00:00,1.1768,1.17792,1.17641,1.17782,0,SELL
2020-08-12 11:00:00,1.1778,1.17788,1.1756,1.17668,0,SELL
2020-08-12 12:00:00,1.17667,1.17958,1.17616,1.17908,1,BUY
2020-08-12 13:00:00,1.17909,1.18014,1.17803,1.17816,1,BUY
2020-08-12 14:00:00,1.17814,1.18172,1.17718,1.18052,1,BUY
2020-08-12 15:00:00,1.18054,1.18058,1.17902,1.17954,1,BUY
2020-08-12 16:00:00,1.17956,1.18002,1.17871,1.17915,1,BUY
2020-08-12 17:00:00,1.17916,1.17972,1.17843,1.17914,1,BUY
2020-08-12 18:00:00,1.17912,1.17972,1.17837,1.17841,1,BUY
2020-08-12 19:00:00,1.1784,1.17896,1.17828,1.17872,1,BUY
2020-08-12 20:00:00,1.17874,1.17903,1.1784,1.17847,1,BUY
2020-08-12 21:00:00,1.17832,1.17861,1.17811,1.17831,1,BUY
2020-08-12 22:00:00,1.17837,1.17906,1.17837,1.17879,1,BUY
2020-08-12 23:00:00,1.17877,1.17962,1.17856,1.17942,1,BUY
2020-08-13 00:00:00,1.1794,1.18108,1.17939,1.18068,1,BUY
2020-08-13 01:00:00,1.18066,1.18172,1.18046,1.18082,1,BUY
2020-08-13 02:00:00,1.18084,1.1811,1.18051,1.18104,1,BUY
2020-08-13 03:00:00,1.18106,1.18148,1.1807,1.18076,1,BUY
2020-08-13 04:00:00,1.18078,1.18097,1.18006,1.18008,1,BUY
2020-08-13 05:00:00,1.18007,1.18154,1.18006,1.18142,1,BUY
2020-08-13 06:00:00,1.18144,1.1838,1.18138,1.18251,1,BUY
2020-08-13 07:00:00,1.18249,1.18348,1.1818,1.18276,1,BUY
2020-08-13 08:00:00,1.18277,1.18412,1.18156,1.18384,1,BUY
2020-08-13 09:00:00,1.18385,1.18412,1.18266,1.18338,1,BUY
2020-08-13 10:00:00,1.18336,1.18535,1.1832,1.18428,1,BUY
2020-08-13 11:00:00,1.18426,1.1853,1.18332,1.18368,1,BUY
2020-08-13 12:00:00,1.1837,1.18504,1.18233,1.1849,1,BUY
2020-08-13 13:00:00,1.1849,1.18618,1.18284,1.18557,1,BUY
2020-08-13 14:00:00,1.18556,1.18642,1.18332,1.18396,1,BUY
2020-08-13 15:00:00,1.18394,1.184,1.18132,1.1818,1,BUY
2020-08-13 16:00:00,1.18178,1.1822,1.1815,1.18172,1,BUY
2020-08-13 17:00:00,1.18174,1.18211,1.18112,1.18166,1,BUY
2020-08-13 18:00:00,1.18168,1.18187,1.17937,1.17983,1,BUY
2020-08-13 19:00:00,1.17981,1.18082,1.1797,1.18082,1,BUY
2020-08-13 20:00:00,1.18083,1.18167,1.18075,1.18142,0,SELL
2020-08-13 21:00:00,1.18134,1.18162,1.18134,1.18148,0,SELL
2020-08-13 22:00:00,1.18151,1.18174,1.18114,1.18174,0,SELL
2020-08-13 23:00:00,1.18172,1.18208,1.18154,1.18158,1,BUY
2020-08-14 00:00:00,1.18156,1.18162,1.18073,1.18096,1,BUY
2020-08-14 01:00:00,1.18098,1.18124,1.18017,1.18124,1,BUY
2020-08-14 02:00:00,1.18123,1.18132,1.18055,1.18093,1,BUY
2020-08-14 03:00:00,1.18094,1.18141,1.18024,1.18104,1,BUY
2020-08-14 04:00:00,1.18106,1.18186,1.1808,1.18133,1,BUY
2020-08-14 05:00:00,1.18134,1.18218,1.18113,1.182,1,BUY
2020-08-14 06:00:00,1.182,1.18267,1.18072,1.18086,1,BUY
2020-08-14 07:00:00,1.18087,1.18142,1.17906,1.18014,1,BUY
2020-08-14 08:00:00,1.18016,1.18176,1.17953,1.18165,1,BUY
2020-08-14 09:00:00,1.18163,1.1818,1.17817,1.17914,0,SELL
2020-08-14 10:00:00,1.17916,1.18104,1.17914,1.1809,0,SELL
2020-08-14 11:00:00,1.1809,1.18178,1.18065,1.18084,0,SELL
2020-08-14 12:00:00,1.18086,1.18301,1.18064,1.18184,0,SELL
2020-08-14 13:00:00,1.18183,1.18364,1.18146,1.18349,1,BUY
2020-08-14 14:00:00,1.18346,1.18376,1.18105,1.18287,1,BUY
2020-08-14 15:00:00,1.18288,1.18338,1.18245,1.18328,1,BUY
2020-08-14 16:00:00,1.18326,1.18488,1.18294,1.18454,1,BUY
2020-08-14 17:00:00,1.18451,1.18504,1.18369,1.18392,1,BUY
2020-08-14 18:00:00,1.18393,1.18428,1.18352,1.18384,1,BUY
2020-08-14 19:00:00,1.18382,1.18396,1.18339,1.1836,1,BUY
2020-08-14 20:00:00,1.18362,1.18444,1.1836,1.18426,1,BUY
2020-08-16 21:00:00,1.18425,1.18442,1.18306,1.18436,1,BUY
2020-08-16 22:00:00,1.18432,1.18454,1.18414,1.1842,1,BUY
2020-08-16 23:00:00,1.18421,1.1853,1.18418,1.1852,1,BUY
2020-08-17 00:00:00,1.18518,1.18518,1.18416,1.18474,1,BUY
2020-08-17 01:00:00,1.18476,1.18492,1.18435,1.18462,1,BUY
2020-08-17 02:00:00,1.18464,1.18674,1.1846,1.18576,1,BUY
2020-08-17 03:00:00,1.18574,1.18614,1.18556,1.186,1,BUY
2020-08-17 04:00:00,1.18599,1.186,1.18531,1.18566,1,BUY
2020-08-17 05:00:00,1.18564,1.18626,1.18522,1.1861,1,BUY
2020-08-17 06:00:00,1.18611,1.1868,1.18576,1.18621,1,BUY
2020-08-17 07:00:00,1.18622,1.18664,1.18439,1.18532,1,BUY
2020-08-17 08:00:00,1.18531,1.1854,1.18288,1.18382,1,BUY
2020-08-17 09:00:00,1.18381,1.18564,1.1837,1.18555,1,BUY
2020-08-17 10:00:00,1.18554,1.18573,1.18434,1.18508,1,BUY
2020-08-17 11:00:00,1.18509,1.18576,1.1834,1.18564,1,BUY
2020-08-17 12:00:00,1.18562,1.18638,1.18486,1.1857,1,BUY
2020-08-17 13:00:00,1.18571,1.18811,1.18514,1.18733,1,BUY
2020-08-17 14:00:00,1.18732,1.1881,1.18624,1.18676,1,BUY
2020-08-17 15:00:00,1.18676,1.18702,1.18621,1.18688,1,BUY
2020-08-17 16:00:00,1.1869,1.18693,1.18568,1.18678,1,BUY
2020-08-17 17:00:00,1.1868,1.18712,1.1864,1.1864,1,BUY
2020-08-17 18:00:00,1.18641,1.18672,1.18602,1.1866,1,BUY
2020-08-17 19:00:00,1.18658,1.18723,1.18638,1.18712,1,BUY
2020-08-17 20:00:00,1.18712,1.18742,1.18696,1.18706,1,BUY
2020-08-17 21:00:00,1.18722,1.18766,1.18677,1.18748,1,BUY
2020-08-17 22:00:00,1.18742,1.18744,1.18688,1.18727,1,BUY
2020-08-17 23:00:00,1.18726,1.18756,1.18712,1.18747,1,BUY
2020-08-18 00:00:00,1.18748,1.18918,1.18742,1.18907,1,BUY
2020-08-18 01:00:00,1.18905,1.18967,1.18832,1.18898,1,BUY
2020-08-18 02:00:00,1.18896,1.18949,1.18864,1.18892,1,BUY
2020-08-18 03:00:00,1.18894,1.18925,1.18856,1.18858,1,BUY
2020-08-18 04:00:00,1.18859,1.18952,1.18859,1.18921,1,BUY
2020-08-18 05:00:00,1.1892,1.18959,1.18887,1.18922,1,BUY
2020-08-18 06:00:00,1.18924,1.19042,1.18836,1.18857,1,BUY
2020-08-18 07:00:00,1.18856,1.19058,1.18828,1.18933,1,BUY
2020-08-18 08:00:00,1.18932,1.19152,1.1886,1.19104,1,BUY
2020-08-18 09:00:00,1.19102,1.19126,1.19012,1.19032,1,BUY
2020-08-18 10:00:00,1.1903,1.19097,1.18972,1.1901,1,BUY
2020-08-18 11:00:00,1.19008,1.19079,1.18976,1.19066,1,BUY
2020-08-18 12:00:00,1.19066,1.1945,1.1904,1.19364,1,BUY
2020-08-18 13:00:00,1.19366,1.19658,1.19356,1.19581,1,BUY
2020-08-18 14:00:00,1.19582,1.1961,1.19189,1.19208,1,BUY
2020-08-18 15:00:00,1.19209,1.19327,1.19179,1.1928,1,BUY
2020-08-18 16:00:00,1.19278,1.19384,1.19221,1.19361,1,BUY
2020-08-18 17:00:00,1.19362,1.19382,1.19298,1.19316,1,BUY
2020-08-18 18:00:00,1.19318,1.19388,1.19283,1.1938,1,BUY
2020-08-18 19:00:00,1.1938,1.19385,1.19302,1.19333,1,BUY
2020-08-18 20:00:00,1.19334,1.19382,1.1929,1.19312,1,BUY
2020-08-18 21:00:00,1.19312,1.19334,1.19304,1.19322,1,BUY
2020-08-18 22:00:00,1.19325,1.19401,1.19284,1.19396,1,BUY
2020-08-18 23:00:00,1.19398,1.19512,1.1936,1.19466,1,BUY
2020-08-19 00:00:00,1.19464,1.19518,1.19398,1.1948,1,BUY
2020-08-19 01:00:00,1.19478,1.19529,1.19384,1.19404,1,BUY
2020-08-19 02:00:00,1.19406,1.19406,1.19324,1.1937,1,BUY
2020-08-19 03:00:00,1.19368,1.19409,1.19278,1.19299,1,BUY
2020-08-19 04:00:00,1.193,1.19354,1.19289,1.19313,1,BUY
2020-08-19 05:00:00,1.19312,1.19422,1.19279,1.19376,1,BUY
2020-08-19 06:00:00,1.19374,1.19477,1.19348,1.19356,1,BUY
2020-08-19 07:00:00,1.19354,1.19388,1.19224,1.19374,1,BUY
2020-08-19 08:00:00,1.19373,1.1946,1.19342,1.19408,1,BUY
2020-08-19 09:00:00,1.19409,1.1951,1.19326,1.19368,1,BUY
2020-08-19 10:00:00,1.19367,1.19434,1.1933,1.19376,1,BUY
2020-08-19 11:00:00,1.19374,1.1942,1.19256,1.19348,1,BUY
2020-08-19 12:00:00,1.19346,1.1939,1.19276,1.19309,1,BUY
2020-08-19 13:00:00,1.19307,1.19488,1.19254,1.19436,1,BUY
2020-08-19 14:00:00,1.19438,1.19464,1.18964,1.19006,1,BUY
2020-08-19 15:00:00,1.19004,1.19093,1.18906,1.1898,1,BUY
2020-08-19 16:00:00,1.18979,1.18979,1.18654,1.18777,0,SELL
2020-08-19 17:00:00,1.18779,1.18836,1.18687,1.18824,0,SELL
2020-08-19 18:00:00,1.18819,1.1894,1.18304,1.18562,0,SELL
2020-08-19 19:00:00,1.1856,1.186,1.18369,1.18458,0,SELL
2020-08-19 20:00:00,1.18456,1.18474,1.18368,1.18382,0,SELL
2020-08-19 21:00:00,1.18376,1.1844,1.18374,1.18428,0,SELL
2020-08-19 22:00:00,1.18425,1.18532,1.18391,1.18516,0,SELL
2020-08-19 23:00:00,1.18517,1.18519,1.18428,1.18439,0,SELL
2020-08-20 00:00:00,1.1844,1.18502,1.18388,1.18446,0,SELL
2020-08-20 01:00:00,1.18448,1.1848,1.18314,1.1844,0,SELL
2020-08-20 02:00:00,1.18438,1.18446,1.18355,1.18445,0,SELL
2020-08-20 03:00:00,1.18444,1.18536,1.18421,1.18474,0,SELL
2020-08-20 04:00:00,1.18472,1.18517,1.18458,1.1848,0,SELL
2020-08-20 05:00:00,1.18479,1.18479,1.18331,1.1842,0,SELL
2020-08-20 06:00:00,1.1842,1.18472,1.18328,1.1839,0,SELL
2020-08-20 07:00:00,1.1839,1.18688,1.1838,1.18529,0,SELL
2020-08-20 08:00:00,1.18528,1.1856,1.18124,1.18364,0,SELL
2020-08-20 09:00:00,1.18365,1.18449,1.18215,1.18338,0,SELL
2020-08-20 10:00:00,1.1834,1.18451,1.18278,1.184,0,SELL
2020-08-20 11:00:00,1.18398,1.18506,1.18306,1.18497,0,SELL
2020-08-20 12:00:00,1.18496,1.18563,1.18265,1.18308,0,SELL
2020-08-20 13:00:00,1.18309,1.18376,1.18022,1.183,0,SELL
2020-08-20 14:00:00,1.18302,1.18485,1.1823,1.18413,0,SELL
2020-08-20 15:00:00,1.18414,1.1862,1.18388,1.18594,0,SELL
2020-08-20 16:00:00,1.18596,1.18653,1.18524,1.18542,0,SELL
2020-08-20 17:00:00,1.18543,1.18588,1.18488,1.1851,0,SELL
2020-08-20 18:00:00,1.18512,1.18599,1.185,1.18522,0,SELL
2020-08-20 19:00:00,1.1852,1.18622,1.18496,1.18617,0,SELL
2020-08-20 20:00:00,1.18618,1.18632,1.18597,1.18601,0,SELL
2020-08-20 21:00:00,1.18601,1.18614,1.18563,1.18605,0,SELL
2020-08-20 22:00:00,1.18608,1.1866,1.18606,1.18655,0,SELL
2020-08-20 23:00:00,1.18656,1.18712,1.18649,1.18696,0,SELL
2020-08-21 00:00:00,1.18697,1.1877,1.18676,1.18744,0,SELL
2020-08-21 01:00:00,1.18743,1.18755,1.18642,1.18671,0,SELL
2020-08-21 02:00:00,1.1867,1.18726,1.18628,1.18718,0,SELL
2020-08-21 03:00:00,1.18718,1.18756,1.1871,1.18734,0,SELL
2020-08-21 04:00:00,1.18732,1.18783,1.18723,1.18772,0,SELL
2020-08-21 05:00:00,1.1877,1.1883,1.18748,1.18812,1,BUY
2020-08-21 06:00:00,1.18814,1.18826,1.18654,1.18706,1,BUY
2020-08-21 07:00:00,1.18706,1.18736,1.18326,1.18402,0,SELL
2020-08-21 08:00:00,1.184,1.18404,1.17993,1.18128,0,SELL
2020-08-21 09:00:00,1.18127,1.18184,1.18053,1.18139,0,SELL
2020-08-21 10:00:00,1.1814,1.18176,1.17834,1.18028,0,SELL
2020-08-21 11:00:00,1.18029,1.1803,1.17722,1.17746,0,SELL
2020-08-21 12:00:00,1.17744,1.179,1.17603,1.17852,0,SELL
2020-08-21 13:00:00,1.1785,1.17876,1.17546,1.17617,0,SELL
2020-08-21 14:00:00,1.17616,1.17876,1.17542,1.17798,0,SELL
2020-08-21 15:00:00,1.17797,1.17856,1.17698,1.17744,0,SELL
2020-08-21 16:00:00,1.17742,1.17744,1.17617,1.17724,0,SELL
2020-08-21 17:00:00,1.17724,1.1786,1.17696,1.1785,0,SELL
2020-08-21 18:00:00,1.17851,1.17892,1.17806,1.17883,0,SELL
2020-08-21 19:00:00,1.17882,1.17954,1.17858,1.17943,0,SELL
2020-08-21 20:00:00,1.17942,1.17986,1.17942,1.17963,0,SELL
2020-08-23 21:00:00,1.17945,1.17982,1.17926,1.17952,0,SELL
2020-08-23 22:00:00,1.17949,1.18019,1.17946,1.1801,0,SELL
2020-08-23 23:00:00,1.18012,1.18067,1.17968,1.17984,0,SELL
2020-08-24 00:00:00,1.17982,1.18003,1.17908,1.17948,0,SELL
2020-08-24 01:00:00,1.1795,1.18066,1.17935,1.18024,0,SELL
2020-08-24 02:00:00,1.18022,1.18048,1.17908,1.17912,0,SELL
2020-08-24 03:00:00,1.17914,1.17954,1.17847,1.1788,0,SELL
2020-08-24 04:00:00,1.17878,1.17948,1.17874,1.17944,0,SELL
2020-08-24 05:00:00,1.17946,1.18039,1.17912,1.18038,0,SELL
2020-08-24 06:00:00,1.18036,1.18088,1.17947,1.1806,0,SELL
2020-08-24 07:00:00,1.18062,1.18154,1.18034,1.18142,0,SELL
2020-08-24 08:00:00,1.1814,1.18251,1.18086,1.18222,0,SELL
2020-08-24 09:00:00,1.1822,1.184,1.18216,1.18334,0,SELL
2020-08-24 10:00:00,1.18335,1.18442,1.18278,1.18322,0,SELL
2020-08-24 11:00:00,1.18324,1.18462,1.18283,1.18432,0,SELL
2020-08-24 12:00:00,1.18434,1.18496,1.1833,1.18423,1,BUY
2020-08-24 13:00:00,1.18424,1.18452,1.18255,1.18259,1,BUY
2020-08-24 14:00:00,1.1826,1.18283,1.1811,1.18134,1,BUY
2020-08-24 15:00:00,1.18133,1.18145,1.17926,1.1803,0,SELL
2020-08-24 16:00:00,1.18028,1.18067,1.17915,1.17994,0,SELL
2020-08-24 17:00:00,1.17993,1.18056,1.17936,1.17977,0,SELL
2020-08-24 18:00:00,1.17976,1.17996,1.17917,1.17921,0,SELL
2020-08-24 19:00:00,1.1792,1.1793,1.17842,1.1792,0,SELL
2020-08-24 20:00:00,1.17918,1.17918,1.17852,1.17877,0,SELL
2020-08-24 21:00:00,1.17923,1.17934,1.17884,1.1791,0,SELL
2020-08-24 22:00:00,1.17914,1.17951,1.179,1.1794,0,SELL
2020-08-24 23:00:00,1.17942,1.17954,1.17912,1.17937,0,SELL
2020-08-25 00:00:00,1.17936,1.18006,1.17844,1.17987,0,SELL
2020-08-25 01:00:00,1.17989,1.18075,1.17964,1.18066,0,SELL
2020-08-25 02:00:00,1.18064,1.18084,1.17996,1.1805,0,SELL
2020-08-25 03:00:00,1.18048,1.18082,1.18019,1.1806,0,SELL
2020-08-25 04:00:00,1.18062,1.18148,1.18062,1.18106,0,SELL
2020-08-25 05:00:00,1.18104,1.18116,1.18054,1.18098,0,SELL
2020-08-25 06:00:00,1.18098,1.18154,1.17989,1.18,0,SELL
2020-08-25 07:00:00,1.18,1.18298,1.1798,1.1827,0,SELL
2020-08-25 08:00:00,1.18268,1.18351,1.1811,1.18236,0,SELL
2020-08-25 09:00:00,1.18237,1.18427,1.1821,1.18282,0,SELL
2020-08-25 10:00:00,1.18284,1.18383,1.18242,1.18258,1,BUY
2020-08-25 11:00:00,1.1826,1.18313,1.181,1.18134,1,BUY
2020-08-25 12:00:00,1.18132,1.18217,1.18038,1.18166,1,BUY
2020-08-25 13:00:00,1.18167,1.18436,1.18152,1.18307,1,BUY
2020-08-25 14:00:00,1.18308,1.18372,1.18118,1.18229,1,BUY
2020-08-25 15:00:00,1.1823,1.18314,1.18092,1.18176,0,SELL
2020-08-25 16:00:00,1.18178,1.18201,1.18052,1.18118,0,SELL
2020-08-25 17:00:00,1.1812,1.18211,1.18113,1.18208,0,SELL
2020-08-25 18:00:00,1.1821,1.18351,1.18188,1.18344,0,SELL
2020-08-25 19:00:00,1.18343,1.18375,1.18308,1.1831,0,SELL
2020-08-25 20:00:00,1.18309,1.1836,1.18306,1.18344,1,BUY
2020-08-25 21:00:00,1.18357,1.18362,1.18347,1.18347,1,BUY
2020-08-25 22:00:00,1.18344,1.1837,1.18326,1.18336,1,BUY
2020-08-25 23:00:00,1.18338,1.18388,1.18317,1.18343,1,BUY
2020-08-26 00:00:00,1.18341,1.18392,1.18276,1.18288,1,BUY
2020-08-26 01:00:00,1.1829,1.1835,1.18278,1.18326,1,BUY
2020-08-26 02:00:00,1.18327,1.18328,1.18179,1.18198,1,BUY
2020-08-26 03:00:00,1.18196,1.18212,1.18168,1.18187,0,SELL
2020-08-26 04:00:00,1.18188,1.18214,1.18102,1.18121,0,SELL
2020-08-26 05:00:00,1.18122,1.18142,1.1807,1.18129,0,SELL
2020-08-26 06:00:00,1.18128,1.18198,1.18103,1.1812,0,SELL
2020-08-26 07:00:00,1.1812,1.18254,1.18008,1.18078,0,SELL
2020-08-26 08:00:00,1.18078,1.18235,1.18046,1.18144,0,SELL
2020-08-26 09:00:00,1.18146,1.18206,1.18042,1.18166,0,SELL
2020-08-26 10:00:00,1.18167,1.18256,1.18095,1.18133,0,SELL
2020-08-26 11:00:00,1.18134,1.18182,1.17954,1.1796,0,SELL
2020-08-26 12:00:00,1.17962,1.1798,1.17723,1.17886,0,SELL
2020-08-26 13:00:00,1.17884,1.18191,1.17813,1.18154,0,SELL
2020-08-26 14:00:00,1.18154,1.18276,1.18088,1.18176,0,SELL
2020-08-26 15:00:00,1.18178,1.18272,1.18108,1.18128,0,SELL
2020-08-26 16:00:00,1.1813,1.18358,1.18123,1.18324,0,SELL
2020-08-26 17:00:00,1.18326,1.18394,1.18232,1.18232,0,SELL
2020-08-26 18:00:00,1.18234,1.18252,1.1815,1.18154,0,SELL
2020-08-26 19:00:00,1.18154,1.18288,1.18149,1.18283,0,SELL
2020-08-26 20:00:00,1.18282,1.18326,1.18256,1.18304,1,BUY
2020-08-26 21:00:00,1.18304,1.18324,1.18287,1.18302,1,BUY
2020-08-26 22:00:00,1.18306,1.18384,1.18305,1.18367,1,BUY
2020-08-26 23:00:00,1.18369,1.18405,1.18348,1.18402,1,BUY
2020-08-27 00:00:00,1.18404,1.18452,1.18366,1.18396,1,BUY
2020-08-27 01:00:00,1.18398,1.185,1.18283,1.18292,1,BUY
2020-08-27 02:00:00,1.18294,1.18331,1.18258,1.18278,1,BUY
2020-08-27 03:00:00,1.18277,1.18343,1.18244,1.18337,1,BUY
2020-08-27 04:00:00,1.18338,1.1836,1.18312,1.18329,1,BUY
2020-08-27 05:00:00,1.1833,1.18331,1.18244,1.1831,1,BUY
2020-08-27 06:00:00,1.18311,1.18396,1.18242,1.1831,1,BUY
2020-08-27 07:00:00,1.1831,1.18404,1.18169,1.18346,1,BUY
2020-08-27 08:00:00,1.18348,1.18392,1.18278,1.18342,1,BUY
2020-08-27 09:00:00,1.18343,1.18406,1.18217,1.18252,1,BUY
2020-08-27 10:00:00,1.18252,1.1826,1.18019,1.18058,0,SELL
2020-08-27 11:00:00,1.18057,1.1819,1.17943,1.18131,0,SELL
2020-08-27 12:00:00,1.18133,1.18394,1.17992,1.18328,0,SELL
2020-08-27 13:00:00,1.1833,1.19021,1.17874,1.18042,0,SELL
2020-08-27 14:00:00,1.1804,1.181,1.17625,1.17888,0,SELL
2020-08-27 15:00:00,1.17886,1.18298,1.17796,1.1823,0,SELL
2020-08-27 16:00:00,1.18232,1.18325,1.17956,1.17976,0,SELL
2020-08-27 17:00:00,1.17974,1.18277,1.17932,1.18228,0,SELL
2020-08-27 18:00:00,1.1823,1.1835,1.18221,1.18226,0,SELL
2020-08-27 19:00:00,1.18225,1.18278,1.18182,1.18192,0,SELL
2020-08-27 20:00:00,1.18193,1.18239,1.1818,1.18218,0,SELL
2020-08-27 21:00:00,1.18218,1.1822,1.18204,1.18212,0,SELL
2020-08-27 22:00:00,1.18209,1.18248,1.18185,1.18186,0,SELL
2020-08-27 23:00:00,1.18188,1.1822,1.18152,1.18208,0,SELL
2020-08-28 00:00:00,1.18207,1.18211,1.18111,1.18173,0,SELL
2020-08-28 01:00:00,1.18174,1.18291,1.18148,1.18288,0,SELL
2020-08-28 02:00:00,1.18286,1.18362,1.18264,1.18355,0,SELL
2020-08-28 03:00:00,1.18356,1.18598,1.18352,1.18594,1,BUY
2020-08-28 04:00:00,1.18592,1.18746,1.18529,1.18735,1,BUY
2020-08-28 05:00:00,1.18736,1.18798,1.18633,1.18734,1,BUY
2020-08-28 06:00:00,1.18736,1.18779,1.1861,1.18672,1,BUY
2020-08-28 07:00:00,1.18671,1.18998,1.18668,1.18916,1,BUY
2020-08-28 08:00:00,1.18918,1.1918,1.18857,1.1909,1,BUY
2020-08-28 09:00:00,1.19089,1.19198,1.18864,1.18892,1,BUY
2020-08-28 10:00:00,1.18893,1.1906,1.18854,1.19048,1,BUY
2020-08-28 11:00:00,1.19049,1.1919,1.19002,1.19114,1,BUY
2020-08-28 12:00:00,1.19115,1.1919,1.18746,1.1886,1,BUY
2020-08-28 13:00:00,1.18858,1.18975,1.18754,1.1879,1,BUY
2020-08-28 14:00:00,1.18791,1.19113,1.18674,1.18963,1,BUY
2020-08-28 15:00:00,1.18964,1.1907,1.18878,1.19004,1,BUY
2020-08-28 16:00:00,1.19002,1.19059,1.18878,1.18884,1,BUY
2020-08-28 17:00:00,1.18882,1.18928,1.18844,1.18867,1,BUY
2020-08-28 18:00:00,1.18866,1.18938,1.18841,1.18906,1,BUY
2020-08-28 19:00:00,1.18907,1.18992,1.18837,1.18982,1,BUY
2020-08-28 20:00:00,1.1898,1.19069,1.1897,1.19046,1,BUY
2020-08-30 21:00:00,1.19075,1.19105,1.19001,1.19084,1,BUY
2020-08-30 22:00:00,1.19081,1.19136,1.19018,1.19086,1,BUY
2020-08-30 23:00:00,1.19088,1.19203,1.19052,1.19172,1,BUY
2020-08-31 00:00:00,1.1917,1.19295,1.19068,1.1908,1,BUY
2020-08-31 01:00:00,1.19082,1.1909,1.18969,1.19082,1,BUY
2020-08-31 02:00:00,1.19084,1.19147,1.19038,1.19145,1,BUY
2020-08-31 03:00:00,1.19147,1.19176,1.19086,1.19114,1,BUY
2020-08-31 04:00:00,1.19114,1.19114,1.19002,1.19012,1,BUY
2020-08-31 05:00:00,1.19011,1.19064,1.19,1.19042,1,BUY
2020-08-31 06:00:00,1.19041,1.19087,1.18938,1.19068,1,BUY
2020-08-31 07:00:00,1.19066,1.1912,1.18922,1.18929,1,BUY
2020-08-31 08:00:00,1.18931,1.1909,1.18841,1.1908,1,BUY
2020-08-31 09:00:00,1.19082,1.19178,1.1908,1.19174,1,BUY
2020-08-31 10:00:00,1.19172,1.19266,1.19092,1.19196,1,BUY
2020-08-31 11:00:00,1.19194,1.19402,1.19186,1.19396,1,BUY
2020-08-31 12:00:00,1.19397,1.19405,1.19292,1.19341,1,BUY
2020-08-31 13:00:00,1.19342,1.19486,1.19217,1.19244,1,BUY
2020-08-31 14:00:00,1.19242,1.1966,1.19236,1.19606,1,BUY
2020-08-31 15:00:00,1.19604,1.19606,1.19424,1.19509,1,BUY
2020-08-31 16:00:00,1.1951,1.19521,1.194,1.19442,1,BUY
2020-08-31 17:00:00,1.19444,1.19503,1.19424,1.19436,1,BUY
2020-08-31 18:00:00,1.19434,1.19436,1.19336,1.19348,1,BUY
2020-08-31 19:00:00,1.19346,1.19374,1.19259,1.1933,1,BUY
2020-08-31 20:00:00,1.19332,1.1939,1.19284,1.19362,1,BUY
2020-08-31 21:00:00,1.19357,1.19393,1.19337,1.1939,1,BUY
2020-08-31 22:00:00,1.19387,1.19404,1.19365,1.19374,1,BUY
2020-08-31 23:00:00,1.19372,1.19413,1.1936,1.19368,1,BUY
2020-09-01 00:00:00,1.1937,1.19482,1.19363,1.19412,1,BUY
2020-09-01 01:00:00,1.19414,1.1974,1.19414,1.19708,1,BUY
2020-09-01 02:00:00,1.19709,1.19948,1.19656,1.19914,1,BUY
2020-09-01 03:00:00,1.19915,1.19974,1.19854,1.19896,1,BUY
2020-09-01 04:00:00,1.19898,1.19952,1.19872,1.19876,1,BUY
2020-09-01 05:00:00,1.19878,1.1995,1.19836,1.19937,1,BUY
2020-09-01 06:00:00,1.19936,1.19937,1.19752,1.19768,1,BUY
2020-09-01 07:00:00,1.19766,1.19968,1.19647,1.19908,1,BUY
2020-09-01 08:00:00,1.19906,1.19914,1.1962,1.19734,1,BUY
2020-09-01 09:00:00,1.19732,1.19825,1.19636,1.19809,1,BUY
2020-09-01 10:00:00,1.1981,1.19948,1.19698,1.19874,1,BUY
2020-09-01 11:00:00,1.19872,1.19954,1.19793,1.19877,1,BUY
2020-09-01 12:00:00,1.19876,1.19904,1.1977,1.19887,1,BUY
2020-09-01 13:00:00,1.19886,1.20114,1.19642,1.1975,1,BUY
2020-09-01 14:00:00,1.19748,1.19756,1.19361,1.19634,1,BUY
2020-09-01 15:00:00,1.19635,1.19664,1.1945,1.19488,1,BUY
2020-09-01 16:00:00,1.19489,1.19508,1.19321,1.19342,1,BUY
2020-09-01 17:00:00,1.1934,1.19341,1.19056,1.19156,1,BUY
2020-09-01 18:00:00,1.19158,1.19193,1.19042,1.19102,0,SELL
2020-09-01 19:00:00,1.191,1.19125,1.19014,1.19125,0,SELL
2020-09-01 20:00:00,1.19126,1.1915,1.1909,1.19119,0,SELL
2020-09-01 21:00:00,1.19134,1.19176,1.19128,1.19166,0,SELL
2020-09-01 22:00:00,1.19162,1.19216,1.19144,1.1918,0,SELL
2020-09-01 23:00:00,1.19182,1.19288,1.1917,1.19228,0,SELL
2020-09-02 00:00:00,1.19226,1.1924,1.19064,1.19076,0,SELL
2020-09-02 01:00:00,1.19074,1.19092,1.18917,1.19018,0,SELL
2020-09-02 02:00:00,1.19018,1.19082,1.18984,1.19059,0,SELL
2020-09-02 03:00:00,1.19058,1.1907,1.18988,1.1903,0,SELL
2020-09-02 04:00:00,1.19032,1.19094,1.1901,1.19052,0,SELL
2020-09-02 05:00:00,1.19052,1.19089,1.18976,1.19078,0,SELL
2020-09-02 06:00:00,1.19076,1.19137,1.18908,1.19033,0,SELL
2020-09-02 07:00:00,1.19034,1.1908,1.1864,1.18742,0,SELL
2020-09-02 08:00:00,1.1874,1.1876,1.18526,1.18574,0,SELL
2020-09-02 09:00:00,1.18574,1.18722,1.18546,1.18712,0,SELL
2020-09-02 10:00:00,1.18712,1.18777,1.18566,1.18616,0,SELL
2020-09-02 11:00:00,1.18614,1.18644,1.18454,1.18562,0,SELL
2020-09-02 12:00:00,1.18561,1.18764,1.18521,1.18594,0,SELL
2020-09-02 13:00:00,1.18592,1.18606,1.1824,1.18351,0,SELL
2020-09-02 14:00:00,1.18353,1.18472,1.18222,1.18405,0,SELL
2020-09-02 15:00:00,1.18406,1.18432,1.1827,1.18394,0,SELL
2020-09-02 16:00:00,1.18395,1.18496,1.18271,1.18481,0,SELL
2020-09-02 17:00:00,1.1848,1.1848,1.18297,1.18338,0,SELL
2020-09-02 18:00:00,1.1834,1.18342,1.18232,1.18244,0,SELL
2020-09-02 19:00:00,1.18243,1.18471,1.18235,1.18466,0,SELL
2020-09-02 20:00:00,1.18464,1.1858,1.18432,1.18551,0,SELL
2020-09-02 21:00:00,1.18531,1.18552,1.18526,1.18549,0,SELL
2020-09-02 22:00:00,1.18546,1.18551,1.18508,1.18538,0,SELL
2020-09-02 23:00:00,1.1854,1.1855,1.18454,1.18458,0,SELL
2020-09-03 00:00:00,1.18459,1.18469,1.183,1.18314,0,SELL
2020-09-03 01:00:00,1.18312,1.18364,1.18245,1.18308,0,SELL
2020-09-03 02:00:00,1.18309,1.18359,1.18218,1.18272,0,SELL
2020-09-03 03:00:00,1.18274,1.1828,1.18202,1.18209,0,SELL
2020-09-03 04:00:00,1.18208,1.18255,1.18045,1.18104,0,SELL
2020-09-03 05:00:00,1.18106,1.18124,1.17968,1.18023,0,SELL
2020-09-03 06:00:00,1.18022,1.18078,1.17895,1.17981,0,SELL
2020-09-03 07:00:00,1.17983,1.18205,1.1789,1.18178,0,SELL
2020-09-03 08:00:00,1.18176,1.18361,1.18152,1.18326,0,SELL
2020-09-03 09:00:00,1.18324,1.1836,1.18195,1.18232,0,SELL
2020-09-03 10:00:00,1.18234,1.18286,1.18114,1.18124,0,SELL
2020-09-03 11:00:00,1.18126,1.18138,1.18017,1.18135,0,SELL
2020-09-03 12:00:00,1.18134,1.18414,1.1807,1.18324,0,SELL
2020-09-03 13:00:00,1.18322,1.1849,1.18274,1.18444,0,SELL
2020-09-03 14:00:00,1.18446,1.1849,1.18242,1.18375,0,SELL
2020-09-03 15:00:00,1.18374,1.18401,1.18112,1.18298,0,SELL
2020-09-03 16:00:00,1.18298,1.18442,1.1826,1.18334,0,SELL
2020-09-03 17:00:00,1.18336,1.18478,1.1832,1.18475,0,SELL
2020-09-03 18:00:00,1.18474,1.18595,1.18466,1.18568,0,SELL
2020-09-03 19:00:00,1.1857,1.18646,1.18476,1.18565,0,SELL
2020-09-03 20:00:00,1.18564,1.18593,1.18508,1.18518,0,SELL
2020-09-03 21:00:00,1.18503,1.18515,1.18478,1.18507,0,SELL
2020-09-03 22:00:00,1.1851,1.18516,1.18446,1.18464,0,SELL
2020-09-03 23:00:00,1.18466,1.18509,1.1839,1.18415,0,SELL
2020-09-04 00:00:00,1.18416,1.18579,1.18416,1.18526,0,SELL
2020-09-04 01:00:00,1.18528,1.1858,1.18459,1.18525,0,SELL
2020-09-04 02:00:00,1.18526,1.18572,1.18408,1.18413,0,SELL
2020-09-04 03:00:00,1.18411,1.185,1.18408,1.18479,0,SELL
2020-09-04 04:00:00,1.18478,1.18534,1.18449,1.18518,0,SELL
2020-09-04 05:00:00,1.18516,1.18524,1.18442,1.18518,0,SELL
2020-09-04 06:00:00,1.18516,1.1853,1.18349,1.18368,0,SELL
2020-09-04 07:00:00,1.18369,1.1854,1.18335,1.184,0,SELL
2020-09-04 08:00:00,1.18399,1.18654,1.18386,1.18592,0,SELL
2020-09-04 09:00:00,1.18592,1.18629,1.18447,1.18528,0,SELL
2020-09-04 10:00:00,1.18526,1.18592,1.18424,1.18473,0,SELL
2020-09-04 11:00:00,1.18472,1.1855,1.18398,1.18434,0,SELL
2020-09-04 12:00:00,1.18436,1.18547,1.18018,1.18113,0,SELL
2020-09-04 13:00:00,1.18114,1.18144,1.17902,1.1799,0,SELL
2020-09-04 14:00:00,1.17989,1.18068,1.17864,1.17972,0,SELL
2020-09-04 15:00:00,1.17974,1.18215,1.17808,1.182,0,SELL
2020-09-04 16:00:00,1.18202,1.18366,1.1816,1.18352,0,SELL
2020-09-04 17:00:00,1.18355,1.18478,1.18322,1.1844,0,SELL
2020-09-04 18:00:00,1.18439,1.18549,1.18402,1.18515,0,SELL
2020-09-04 19:00:00,1.18516,1.18528,1.18424,1.1843,0,SELL
2020-09-04 20:00:00,1.18428,1.1844,1.18366,1.18383,0,SELL
2020-09-06 21:00:00,1.18475,1.18493,1.18377,1.18404,0,SELL
2020-09-06 22:00:00,1.18401,1.18431,1.18364,1.18406,0,SELL
2020-09-06 23:00:00,1.18404,1.18436,1.18336,1.18344,0,SELL
2020-09-07 00:00:00,1.18346,1.18428,1.18334,1.18361,0,SELL
2020-09-07 01:00:00,1.1836,1.18412,1.18351,1.18364,0,SELL
2020-09-07 02:00:00,1.18364,1.1837,1.183,1.1835,0,SELL
2020-09-07 03:00:00,1.18351,1.18385,1.18318,1.18366,0,SELL
2020-09-07 04:00:00,1.18366,1.18372,1.18322,1.1834,0,SELL
2020-09-07 05:00:00,1.18338,1.18361,1.1827,1.183,0,SELL
2020-09-07 06:00:00,1.18302,1.18332,1.18248,1.18283,0,SELL
2020-09-07 07:00:00,1.18284,1.18456,1.18246,1.1838,0,SELL
2020-09-07 08:00:00,1.18381,1.18487,1.18318,1.18325,0,SELL
2020-09-07 09:00:00,1.18326,1.18372,1.18251,1.18286,0,SELL
2020-09-07 10:00:00,1.18286,1.18296,1.18127,1.18193,0,SELL
2020-09-07 11:00:00,1.18192,1.18276,1.18158,1.18206,0,SELL
2020-09-07 12:00:00,1.18208,1.18257,1.18187,1.18226,0,SELL
2020-09-07 13:00:00,1.18224,1.18256,1.1815,1.18201,0,SELL
2020-09-07 14:00:00,1.182,1.18325,1.18176,1.18263,0,SELL
2020-09-07 15:00:00,1.18262,1.18285,1.1815,1.18185,0,SELL
2020-09-07 16:00:00,1.18186,1.18192,1.18148,1.18163,0,SELL
2020-09-07 17:00:00,1.18164,1.18201,1.18151,1.18161,0,SELL
2020-09-07 18:00:00,1.1816,1.18163,1.18126,1.18132,0,SELL
2020-09-07 19:00:00,1.1813,1.18158,1.18124,1.1814,0,SELL
2020-09-07 20:00:00,1.18143,1.18145,1.18122,1.18136,0,SELL
2020-09-07 21:00:00,1.18142,1.18163,1.18118,1.18147,0,SELL
2020-09-07 22:00:00,1.1815,1.18204,1.1815,1.1816,0,SELL
2020-09-07 23:00:00,1.18161,1.18199,1.18158,1.18188,0,SELL
2020-09-08 00:00:00,1.18187,1.18217,1.18051,1.18072,0,SELL
2020-09-08 01:00:00,1.1807,1.1809,1.17952,1.17971,0,SELL
2020-09-08 02:00:00,1.1797,1.18076,1.17965,1.18052,0,SELL
2020-09-08 03:00:00,1.1805,1.18113,1.18044,1.18084,0,SELL
2020-09-08 04:00:00,1.18085,1.18113,1.18066,1.18113,0,SELL
2020-09-08 05:00:00,1.18112,1.18121,1.1798,1.18113,0,SELL
2020-09-08 06:00:00,1.18112,1.18274,1.18092,1.18166,0,SELL
2020-09-08 07:00:00,1.18165,1.18214,1.18032,1.1817,0,SELL
2020-09-08 08:00:00,1.18169,1.18208,1.1805,1.18084,0,SELL
2020-09-08 09:00:00,1.18085,1.18152,1.17907,1.17935,0,SELL
2020-09-08 10:00:00,1.17933,1.18064,1.17777,1.18008,0,SELL
2020-09-08 11:00:00,1.18008,1.18054,1.1788,1.17949,0,SELL
2020-09-08 12:00:00,1.17948,1.18064,1.17815,1.18007,0,SELL
2020-09-08 13:00:00,1.18008,1.18026,1.17655,1.17774,0,SELL
2020-09-08 14:00:00,1.17772,1.1801,1.17728,1.17934,0,SELL
2020-09-08 15:00:00,1.17934,1.1802,1.17804,1.17881,0,SELL
2020-09-08 16:00:00,1.17882,1.18064,1.17876,1.1796,0,SELL
2020-09-08 17:00:00,1.17962,1.17986,1.17881,1.17931,0,SELL
2020-09-08 18:00:00,1.17932,1.17934,1.17776,1.17818,0,SELL
2020-09-08 19:00:00,1.17816,1.17857,1.17744,1.1779,0,SELL
2020-09-08 20:00:00,1.17788,1.17827,1.17736,1.1774,0,SELL
2020-09-08 21:00:00,1.17767,1.1779,1.17709,1.17737,0,SELL
2020-09-08 22:00:00,1.17734,1.17746,1.1757,1.17669,0,SELL
2020-09-08 23:00:00,1.1767,1.1769,1.17592,1.1767,0,SELL
2020-09-09 00:00:00,1.17668,1.17766,1.17658,1.17758,0,SELL
2020-09-09 01:00:00,1.17756,1.17798,1.17673,1.17764,0,SELL
2020-09-09 02:00:00,1.17763,1.17786,1.17728,1.17748,0,SELL
2020-09-09 03:00:00,1.1775,1.17812,1.17739,1.17803,0,SELL
2020-09-09 04:00:00,1.17802,1.17829,1.17768,1.17786,0,SELL
2020-09-09 05:00:00,1.17788,1.17825,1.17778,1.17802,0,SELL
2020-09-09 06:00:00,1.178,1.17807,1.17609,1.17665,0,SELL
2020-09-09 07:00:00,1.17667,1.17792,1.17632,1.17749,0,SELL
2020-09-09 08:00:00,1.17748,1.17876,1.17632,1.17634,0,SELL
2020-09-09 09:00:00,1.17635,1.17755,1.17584,1.17672,0,SELL
2020-09-09 10:00:00,1.1767,1.17673,1.17536,1.17552,0,SELL
2020-09-09 11:00:00,1.17554,1.17694,1.17528,1.17674,0,SELL
2020-09-09 12:00:00,1.17676,1.18198,1.17652,1.17986,0,SELL
2020-09-09 13:00:00,1.17984,1.18249,1.17917,1.18162,0,SELL
2020-09-09 14:00:00,1.18163,1.1834,1.18061,1.18076,0,SELL
2020-09-09 15:00:00,1.18078,1.1822,1.18051,1.18094,0,SELL
2020-09-09 16:00:00,1.18092,1.18122,1.18018,1.18034,1,BUY
2020-09-09 17:00:00,1.18033,1.18099,1.1799,1.18037,1,BUY
2020-09-09 18:00:00,1.18038,1.1809,1.17992,1.18082,1,BUY
2020-09-09 19:00:00,1.1808,1.1811,1.18039,1.18039,1,BUY
2020-09-09 20:00:00,1.1804,1.1808,1.18028,1.18028,1,BUY
2020-09-09 21:00:00,1.18023,1.18043,1.17997,1.18034,1,BUY
2020-09-09 22:00:00,1.18036,1.18094,1.1803,1.1809,0,SELL
2020-09-09 23:00:00,1.18089,1.18102,1.18032,1.18038,0,SELL
2020-09-10 00:00:00,1.18036,1.18148,1.18006,1.18102,0,SELL
2020-09-10 01:00:00,1.18104,1.18209,1.18071,1.18207,1,BUY
2020-09-10 02:00:00,1.18208,1.18241,1.1815,1.18223,1,BUY
2020-09-10 03:00:00,1.18224,1.18246,1.18206,1.1822,1,BUY
2020-09-10 04:00:00,1.18218,1.18226,1.18192,1.18193,1,BUY
2020-09-10 05:00:00,1.18191,1.1829,1.18189,1.18272,1,BUY
2020-09-10 06:00:00,1.18272,1.18371,1.18252,1.18264,1,BUY
2020-09-10 07:00:00,1.18262,1.18294,1.18161,1.1819,1,BUY
2020-09-10 08:00:00,1.18189,1.18402,1.18174,1.18344,1,BUY
2020-09-10 09:00:00,1.18343,1.18404,1.1829,1.18387,1,BUY
2020-09-10 10:00:00,1.18388,1.18445,1.1831,1.18378,1,BUY
2020-09-10 11:00:00,1.18379,1.18505,1.18311,1.18466,1,BUY
2020-09-10 12:00:00,1.18467,1.19028,1.18396,1.18877,1,BUY
2020-09-10 13:00:00,1.18878,1.19172,1.18839,1.18986,1,BUY
2020-09-10 14:00:00,1.18984,1.19089,1.18673,1.18734,1,BUY
2020-09-10 15:00:00,1.18736,1.18876,1.18652,1.18793,1,BUY
2020-09-10 16:00:00,1.18791,1.18851,1.18479,1.18577,1,BUY
2020-09-10 17:00:00,1.18576,1.18642,1.18536,1.1855,1,BUY
2020-09-10 18:00:00,1.18549,1.18578,1.18179,1.1825,1,BUY
2020-09-10 19:00:00,1.18252,1.18268,1.18099,1.18178,1,BUY
2020-09-10 20:00:00,1.18177,1.18196,1.18102,1.18145,1,BUY
2020-09-10 21:00:00,1.18145,1.18229,1.18145,1.18212,0,SELL
2020-09-10 22:00:00,1.18215,1.18288,1.18194,1.18274,0,SELL
2020-09-10 23:00:00,1.18275,1.18288,1.18223,1.18235,0,SELL
2020-09-11 00:00:00,1.18236,1.18368,1.18236,1.1835,0,SELL
2020-09-11 01:00:00,1.18351,1.18403,1.18312,1.18334,0,SELL
2020-09-11 02:00:00,1.18333,1.18384,1.18314,1.18334,0,SELL
2020-09-11 03:00:00,1.18332,1.18363,1.18303,1.1834,0,SELL
2020-09-11 04:00:00,1.18339,1.18374,1.18319,1.18354,1,BUY
2020-09-11 05:00:00,1.18356,1.18415,1.18322,1.18376,1,BUY
2020-09-11 06:00:00,1.18374,1.18402,1.18285,1.1836,1,BUY
2020-09-11 07:00:00,1.1836,1.18494,1.1831,1.18346,1,BUY
2020-09-11 08:00:00,1.18344,1.186,1.18337,1.18567,1,BUY
2020-09-11 09:00:00,1.18568,1.18742,1.18544,1.18728,1,BUY
2020-09-11 10:00:00,1.18729,1.18738,1.18548,1.1859,1,BUY
2020-09-11 11:00:00,1.18592,1.1865,1.18478,1.18504,1,BUY
2020-09-11 12:00:00,1.18506,1.18568,1.18348,1.18466,1,BUY
2020-09-11 13:00:00,1.18467,1.18576,1.18398,1.18401,1,BUY
2020-09-11 14:00:00,1.18403,1.18508,1.18278,1.1829,1,BUY
2020-09-11 15:00:00,1.18292,1.18394,1.18287,1.18312,1,BUY
2020-09-11 16:00:00,1.1831,1.18411,1.18294,1.18374,0,SELL
2020-09-11 17:00:00,1.18376,1.18387,1.18265,1.18278,0,SELL
2020-09-11 18:00:00,1.18278,1.18382,1.18262,1.18308,0,SELL
2020-09-11 19:00:00,1.18306,1.18456,1.18274,1.18416,0,SELL
2020-09-11 20:00:00,1.18414,1.18488,1.18386,1.18468,0,SELL
2020-09-13 21:00:00,1.18399,1.18399,1.18362,1.18367,0,SELL
2020-09-13 22:00:00,1.18372,1.18478,1.18372,1.18457,0,SELL
2020-09-13 23:00:00,1.18458,1.18466,1.18386,1.18408,1,BUY
2020-09-14 00:00:00,1.18406,1.18432,1.1832,1.18346,1,BUY
2020-09-14 01:00:00,1.18348,1.1845,1.1834,1.18434,1,BUY
2020-09-14 02:00:00,1.18436,1.18504,1.18426,1.18492,1,BUY
2020-09-14 03:00:00,1.1849,1.18512,1.1846,1.18474,1,BUY
2020-09-14 04:00:00,1.18474,1.18502,1.18453,1.18474,1,BUY
2020-09-14 05:00:00,1.18475,1.18546,1.18449,1.18543,1,BUY
2020-09-14 06:00:00,1.18542,1.18542,1.18427,1.18438,1,BUY
2020-09-14 07:00:00,1.18439,1.18644,1.18437,1.18636,1,BUY
2020-09-14 08:00:00,1.18638,1.18688,1.18566,1.18566,1,BUY
2020-09-14 09:00:00,1.18564,1.18662,1.18494,1.18548,1,BUY
2020-09-14 10:00:00,1.1855,1.18762,1.18539,1.1873,1,BUY
2020-09-14 11:00:00,1.18732,1.18788,1.18636,1.18664,1,BUY
2020-09-14 12:00:00,1.18665,1.18842,1.18646,1.18778,1,BUY
2020-09-14 13:00:00,1.18779,1.1888,1.18744,1.18786,1,BUY
2020-09-14 14:00:00,1.18788,1.18863,1.18689,1.18714,1,BUY
2020-09-14 15:00:00,1.18716,1.18846,1.18699,1.18732,1,BUY
2020-09-14 16:00:00,1.18734,1.18751,1.18646,1.18669,1,BUY
2020-09-14 17:00:00,1.18668,1.18678,1.18597,1.1862,1,BUY
2020-09-14 18:00:00,1.18619,1.18664,1.18594,1.1865,1,BUY
2020-09-14 19:00:00,1.18649,1.18704,1.18624,1.18624,1,BUY
2020-09-14 20:00:00,1.18625,1.18656,1.1861,1.18634,1,BUY
2020-09-14 21:00:00,1.1863,1.18669,1.1863,1.18652,1,BUY
2020-09-14 22:00:00,1.18648,1.18688,1.18646,1.1868,1,BUY
2020-09-14 23:00:00,1.18678,1.18686,1.18653,1.18673,1,BUY
2020-09-15 00:00:00,1.18672,1.18703,1.18588,1.18688,1,BUY
2020-09-15 01:00:00,1.1869,1.18761,1.18642,1.18737,1,BUY
2020-09-15 02:00:00,1.18738,1.18821,1.18738,1.18803,1,BUY
2020-09-15 03:00:00,1.18804,1.18908,1.18804,1.18889,1,BUY
2020-09-15 04:00:00,1.18888,1.1895,1.18877,1.18938,1,BUY
2020-09-15 05:00:00,1.1894,1.18992,1.18928,1.18965,1,BUY
2020-09-15 06:00:00,1.18966,1.18998,1.1884,1.1888,1,BUY
2020-09-15 07:00:00,1.18878,1.18947,1.1876,1.18812,1,BUY
2020-09-15 08:00:00,1.18811,1.18873,1.18782,1.18817,1,BUY
2020-09-15 09:00:00,1.18815,1.18896,1.1881,1.18814,1,BUY
2020-09-15 10:00:00,1.18814,1.18995,1.188,1.18993,1,BUY
2020-09-15 11:00:00,1.18992,1.19006,1.18865,1.18912,1,BUY
2020-09-15 12:00:00,1.18913,1.1896,1.18685,1.1875,1,BUY
2020-09-15 13:00:00,1.1875,1.18817,1.1856,1.18636,1,BUY
2020-09-15 14:00:00,1.18634,1.18634,1.18395,1.18508,1,BUY
2020-09-15 15:00:00,1.1851,1.18531,1.18446,1.18452,0,SELL
2020-09-15 16:00:00,1.18451,1.18537,1.18451,1.18528,0,SELL
2020-09-15 17:00:00,1.18527,1.18551,1.18463,1.18465,0,SELL
2020-09-15 18:00:00,1.18466,1.1854,1.18448,1.1854,0,SELL
2020-09-15 19:00:00,1.18541,1.18542,1.18452,1.18464,0,SELL
2020-09-15 20:00:00,1.18463,1.185,1.18448,1.18468,0,SELL
2020-09-15 21:00:00,1.18498,1.18513,1.18475,1.18485,0,SELL
2020-09-15 22:00:00,1.18488,1.18506,1.18478,1.18478,0,SELL
2020-09-15 23:00:00,1.1848,1.1849,1.18408,1.1842,0,SELL
2020-09-16 00:00:00,1.18422,1.18457,1.1829,1.18346,0,SELL
2020-09-16 01:00:00,1.18344,1.18446,1.18289,1.18443,0,SELL
2020-09-16 02:00:00,1.18444,1.1849,1.18426,1.18455,0,SELL
2020-09-16 03:00:00,1.18454,1.18491,1.18454,1.18466,0,SELL
2020-09-16 04:00:00,1.18467,1.1849,1.18447,1.18478,0,SELL
2020-09-16 05:00:00,1.18476,1.18514,1.18414,1.18462,0,SELL
2020-09-16 06:00:00,1.18462,1.1855,1.18412,1.18499,0,SELL
2020-09-16 07:00:00,1.18498,1.18622,1.18466,1.18612,0,SELL
2020-09-16 08:00:00,1.18614,1.18728,1.18596,1.18658,0,SELL
2020-09-16 09:00:00,1.18656,1.18825,1.18653,1.18768,1,BUY
2020-09-16 10:00:00,1.1877,1.188,1.18617,1.18691,1,BUY
2020-09-16 11:00:00,1.1869,1.18714,1.18621,1.18676,1,BUY
2020-09-16 12:00:00,1.18678,1.18766,1.18459,1.1858,1,BUY
2020-09-16 13:00:00,1.18578,1.18689,1.18424,1.18451,1,BUY
2020-09-16 14:00:00,1.18452,1.18496,1.18093,1.18304,0,SELL
2020-09-16 15:00:00,1.18306,1.18474,1.18273,1.18344,0,SELL
2020-09-16 16:00:00,1.18346,1.18392,1.18312,1.18332,0,SELL
2020-09-16 17:00:00,1.18332,1.18368,1.18214,1.18292,0,SELL
2020-09-16 18:00:00,1.18285,1.1855,1.17878,1.17999,0,SELL
2020-09-16 19:00:00,1.17998,1.18156,1.17902,1.17995,0,SELL
2020-09-16 20:00:00,1.17993,1.18176,1.17989,1.18166,0,SELL
2020-09-16 21:00:00,1.18166,1.18177,1.18078,1.18148,0,SELL
2020-09-16 22:00:00,1.18152,1.18196,1.1813,1.1816,0,SELL
2020-09-16 23:00:00,1.18162,1.18166,1.18022,1.18046,0,SELL
2020-09-17 00:00:00,1.18044,1.18045,1.1769,1.17774,0,SELL
2020-09-17 01:00:00,1.17775,1.17908,1.17598,1.17623,0,SELL
2020-09-17 02:00:00,1.17621,1.177,1.17602,1.1768,0,SELL
2020-09-17 03:00:00,1.17678,1.17678,1.17372,1.17538,0,SELL
2020-09-17 04:00:00,1.17537,1.17599,1.175,1.17589,0,SELL
2020-09-17 05:00:00,1.1759,1.17712,1.1757,1.17694,0,SELL
2020-09-17 06:00:00,1.17694,1.17788,1.17556,1.17744,0,SELL
2020-09-17 07:00:00,1.17746,1.17951,1.17705,1.1794,0,SELL
2020-09-17 08:00:00,1.1794,1.18122,1.17912,1.18038,0,SELL
2020-09-17 09:00:00,1.18036,1.18082,1.17832,1.17994,0,SELL
2020-09-17 10:00:00,1.17992,1.1805,1.17886,1.17984,0,SELL
2020-09-17 11:00:00,1.17983,1.18081,1.17894,1.18056,0,SELL
2020-09-17 12:00:00,1.18054,1.18128,1.17914,1.18082,0,SELL
2020-09-17 13:00:00,1.18082,1.18172,1.17938,1.1809,0,SELL
2020-09-17 14:00:00,1.18091,1.18178,1.18016,1.18078,0,SELL
2020-09-17 15:00:00,1.18079,1.18278,1.18067,1.18229,0,SELL
2020-09-17 16:00:00,1.18228,1.1826,1.18187,1.18222,0,SELL
2020-09-17 17:00:00,1.18221,1.1834,1.18212,1.18318,0,SELL
2020-09-17 18:00:00,1.1832,1.18444,1.18306,1.18389,0,SELL
2020-09-17 19:00:00,1.1839,1.18514,1.18346,1.18506,1,BUY
2020-09-17 20:00:00,1.18506,1.18525,1.18445,1.18478,1,BUY
2020-09-17 21:00:00,1.18478,1.18478,1.18442,1.18447,1,BUY
2020-09-17 22:00:00,1.18443,1.18546,1.1844,1.18524,1,BUY
2020-09-17 23:00:00,1.18526,1.18562,1.18464,1.1847,1,BUY
2020-09-18 00:00:00,1.18472,1.18621,1.18472,1.1854,1,BUY
2020-09-18 01:00:00,1.18538,1.18615,1.18456,1.1849,1,BUY
2020-09-18 02:00:00,1.18492,1.185,1.18432,1.18462,1,BUY
2020-09-18 03:00:00,1.18461,1.18524,1.18455,1.18504,1,BUY
2020-09-18 04:00:00,1.18503,1.18522,1.18466,1.18488,1,BUY
2020-09-18 05:00:00,1.18487,1.18556,1.18464,1.18553,1,BUY
2020-09-18 06:00:00,1.18554,1.18666,1.18475,1.18655,1,BUY
2020-09-18 07:00:00,1.18656,1.18691,1.1848,1.18488,1,BUY
2020-09-18 08:00:00,1.18486,1.18616,1.184,1.18592,1,BUY
2020-09-18 09:00:00,1.18591,1.18638,1.18518,1.18539,1,BUY
2020-09-18 10:00:00,1.18538,1.18538,1.1837,1.1841,1,BUY
2020-09-18 11:00:00,1.18412,1.18449,1.18306,1.1842,1,BUY
2020-09-18 12:00:00,1.1842,1.18458,1.18306,1.18444,1,BUY
2020-09-18 13:00:00,1.18445,1.18518,1.18314,1.1832,0,SELL
2020-09-18 14:00:00,1.18318,1.18704,1.18262,1.18604,0,SELL
2020-09-18 15:00:00,1.18606,1.18664,1.1855,1.18561,0,SELL
2020-09-18 16:00:00,1.1856,1.18656,1.18509,1.18656,1,BUY
2020-09-18 17:00:00,1.18655,1.18675,1.18511,1.18574,1,BUY
2020-09-18 18:00:00,1.18576,1.18606,1.18508,1.18534,1,BUY
2020-09-18 19:00:00,1.18536,1.1854,1.18454,1.18498,1,BUY
2020-09-18 20:00:00,1.18496,1.18514,1.18387,1.184,1,BUY
2020-09-20 21:00:00,1.18423,1.18487,1.18402,1.18431,1,BUY
2020-09-20 22:00:00,1.18426,1.18486,1.18404,1.18485,1,BUY
2020-09-20 23:00:00,1.18486,1.18502,1.18445,1.18457,0,SELL
2020-09-21 00:00:00,1.18455,1.18609,1.18432,1.18594,0,SELL
2020-09-21 01:00:00,1.18596,1.18618,1.18544,1.18561,1,BUY
2020-09-21 02:00:00,1.18562,1.18626,1.18562,1.18587,1,BUY
2020-09-21 03:00:00,1.18589,1.18676,1.18566,1.18674,1,BUY
2020-09-21 04:00:00,1.18676,1.18719,1.18658,1.18666,1,BUY
2020-09-21 05:00:00,1.18665,1.18702,1.18616,1.18632,1,BUY
2020-09-21 06:00:00,1.18632,1.18649,1.18548,1.18582,1,BUY
2020-09-21 07:00:00,1.18584,1.18684,1.18312,1.18335,1,BUY
2020-09-21 08:00:00,1.18334,1.18334,1.17914,1.18013,0,SELL
2020-09-21 09:00:00,1.18012,1.18012,1.17805,1.17848,0,SELL
2020-09-21 10:00:00,1.17846,1.17926,1.17756,1.17874,0,SELL
2020-09-21 11:00:00,1.17872,1.17973,1.17798,1.17955,0,SELL
2020-09-21 12:00:00,1.17953,1.1796,1.17631,1.17699,0,SELL
2020-09-21 13:00:00,1.177,1.17802,1.17497,1.175,0,SELL
2020-09-21 14:00:00,1.17502,1.176,1.17316,1.1741,0,SELL
2020-09-21 15:00:00,1.1741,1.17511,1.17316,1.17378,0,SELL
2020-09-21 16:00:00,1.17376,1.17426,1.17336,1.17407,0,SELL
2020-09-21 17:00:00,1.17406,1.17574,1.17364,1.17535,0,SELL
2020-09-21 18:00:00,1.17533,1.1758,1.17498,1.17543,0,SELL
2020-09-21 19:00:00,1.17542,1.1775,1.17538,1.17642,0,SELL
2020-09-21 20:00:00,1.17643,1.17734,1.17626,1.17709,0,SELL
2020-09-21 21:00:00,1.17664,1.17727,1.17659,1.17686,0,SELL
2020-09-21 22:00:00,1.17677,1.17705,1.17638,1.17648,0,SELL
2020-09-21 23:00:00,1.1765,1.17672,1.1763,1.1763,0,SELL
2020-09-22 00:00:00,1.17628,1.1771,1.17559,1.17683,0,SELL
2020-09-22 01:00:00,1.17684,1.17703,1.17528,1.17655,0,SELL
2020-09-22 02:00:00,1.17654,1.17676,1.17599,1.17636,0,SELL
2020-09-22 03:00:00,1.17634,1.17717,1.17618,1.17682,0,SELL
2020-09-22 04:00:00,1.1768,1.17688,1.1764,1.17688,0,SELL
2020-09-22 05:00:00,1.1769,1.17691,1.17522,1.17525,0,SELL
2020-09-22 06:00:00,1.17526,1.17585,1.17339,1.17469,0,SELL
2020-09-22 07:00:00,1.17468,1.17514,1.17202,1.17236,0,SELL
2020-09-22 08:00:00,1.17236,1.17498,1.17234,1.17447,0,SELL
2020-09-22 09:00:00,1.17448,1.17466,1.17333,1.17373,0,SELL
2020-09-22 10:00:00,1.17372,1.17674,1.1737,1.17614,0,SELL
2020-09-22 11:00:00,1.17616,1.17616,1.17458,1.17522,0,SELL
2020-09-22 12:00:00,1.17524,1.1756,1.17346,1.17508,0,SELL
2020-09-22 13:00:00,1.17506,1.17607,1.17265,1.17287,0,SELL
2020-09-22 14:00:00,1.17288,1.17376,1.17032,1.17039,0,SELL
2020-09-22 15:00:00,1.1704,1.1717,1.16916,1.17026,0,SELL
2020-09-22 16:00:00,1.17024,1.17166,1.16996,1.17041,0,SELL
2020-09-22 17:00:00,1.1704,1.17166,1.17026,1.17102,0,SELL
2020-09-22 18:00:00,1.17101,1.17162,1.17049,1.1705,0,SELL
2020-09-22 19:00:00,1.17049,1.17119,1.17034,1.1711,0,SELL
2020-09-22 20:00:00,1.17109,1.17132,1.17052,1.17077,0,SELL
2020-09-22 21:00:00,1.17072,1.17088,1.17057,1.17064,0,SELL
2020-09-22 22:00:00,1.17068,1.17084,1.17046,1.1707,0,SELL
2020-09-22 23:00:00,1.17072,1.17108,1.17046,1.17062,0,SELL
2020-09-23 00:00:00,1.17061,1.17094,1.16782,1.16806,0,SELL
2020-09-23 01:00:00,1.16808,1.16908,1.1675,1.16884,0,SELL
2020-09-23 02:00:00,1.16885,1.16925,1.16762,1.16812,0,SELL
2020-09-23 03:00:00,1.1681,1.16868,1.16765,1.16818,0,SELL
2020-09-23 04:00:00,1.16818,1.1682,1.16748,1.16784,0,SELL
2020-09-23 05:00:00,1.16786,1.16904,1.16786,1.16882,0,SELL
2020-09-23 06:00:00,1.1688,1.16943,1.16722,1.16914,0,SELL
2020-09-23 07:00:00,1.16916,1.17006,1.1675,1.16943,0,SELL
2020-09-23 08:00:00,1.16945,1.17052,1.1682,1.17043,0,SELL
2020-09-23 09:00:00,1.17042,1.17191,1.17013,1.17144,0,SELL
2020-09-23 10:00:00,1.17142,1.17174,1.17062,1.17083,0,SELL
2020-09-23 11:00:00,1.17082,1.17116,1.16894,1.16896,0,SELL
2020-09-23 12:00:00,1.16894,1.16964,1.16852,1.16916,0,SELL
2020-09-23 13:00:00,1.16917,1.17046,1.16792,1.16836,0,SELL
2020-09-23 14:00:00,1.16835,1.16836,1.1664,1.16746,0,SELL
2020-09-23 15:00:00,1.16745,1.16884,1.16679,1.16779,0,SELL
2020-09-23 16:00:00,1.16778,1.169,1.16726,1.16814,0,SELL
2020-09-23 17:00:00,1.16812,1.1685,1.16762,1.1681,0,SELL
2020-09-23 18:00:00,1.16809,1.1682,1.16569,1.16574,0,SELL
2020-09-23 19:00:00,1.16575,1.16644,1.16514,1.16634,0,SELL
2020-09-23 20:00:00,1.16632,1.16636,1.16549,1.16602,0,SELL
2020-09-23 21:00:00,1.16602,1.1665,1.16596,1.1662,0,SELL
2020-09-23 22:00:00,1.16616,1.16648,1.16582,1.1662,0,SELL
2020-09-23 23:00:00,1.16622,1.16625,1.16518,1.1657,0,SELL
2020-09-24 00:00:00,1.16571,1.16734,1.1657,1.16732,0,SELL
2020-09-24 01:00:00,1.16733,1.168,1.16611,1.16616,0,SELL
2020-09-24 02:00:00,1.16618,1.16656,1.1658,1.16616,0,SELL
2020-09-24 03:00:00,1.16615,1.16654,1.16559,1.1656,0,SELL
2020-09-24 04:00:00,1.16562,1.16583,1.16526,1.16528,0,SELL
2020-09-24 05:00:00,1.16526,1.16602,1.16443,1.16588,0,SELL
2020-09-24 06:00:00,1.16586,1.16618,1.1648,1.16528,0,SELL
2020-09-24 07:00:00,1.16526,1.16738,1.16499,1.1667,0,SELL
2020-09-24 08:00:00,1.16668,1.16682,1.16496,1.1657,0,SELL
2020-09-24 09:00:00,1.16568,1.16598,1.16332,1.16348,0,SELL
2020-09-24 10:00:00,1.16431,1.16508,1.16385,1.16433,0,SELL
2020-09-24 11:00:00,1.16432,1.16544,1.1636,1.16387,0,SELL
2020-09-24 12:00:00,1.16388,1.16496,1.16265,1.16396,0,SELL
2020-09-24 13:00:00,1.16395,1.16526,1.1631,1.16396,0,SELL
2020-09-24 14:00:00,1.16394,1.16571,1.16353,1.164,0,SELL
2020-09-24 15:00:00,1.16398,1.16667,1.16358,1.16651,0,SELL
2020-09-24 16:00:00,1.16652,1.16693,1.16586,1.16625,0,SELL
2020-09-24 17:00:00,1.16626,1.1687,1.16613,1.16796,0,SELL
2020-09-24 18:00:00,1.16798,1.16816,1.16656,1.16664,0,SELL
2020-09-24 19:00:00,1.16662,1.16746,1.16634,1.1669,0,SELL
2020-09-24 20:00:00,1.1669,1.16748,1.16653,1.16673,0,SELL
2020-09-24 21:00:00,1.16673,1.16744,1.16673,1.16696,0,SELL
2020-09-24 22:00:00,1.167,1.16746,1.16695,1.16726,0,SELL
2020-09-24 23:00:00,1.16724,1.16774,1.167,1.16738,0,SELL
2020-09-25 00:00:00,1.16736,1.16749,1.16644,1.1668,0,SELL
2020-09-25 01:00:00,1.16678,1.16744,1.16629,1.16677,0,SELL
2020-09-25 02:00:00,1.16676,1.16722,1.16645,1.16668,0,SELL
2020-09-25 03:00:00,1.1667,1.16696,1.1663,1.1665,0,SELL
2020-09-25 04:00:00,1.16649,1.16686,1.1662,1.16679,0,SELL
2020-09-25 05:00:00,1.16678,1.1672,1.16654,1.16686,0,SELL
2020-09-25 06:00:00,1.16684,1.16792,1.16644,1.16761,0,SELL
2020-09-25 07:00:00,1.1676,1.16852,1.16641,1.16768,0,SELL
2020-09-25 08:00:00,1.1677,1.16792,1.16516,1.16557,0,SELL
2020-09-25 09:00:00,1.16556,1.16558,1.16388,1.16438,0,SELL
2020-09-25 10:00:00,1.16437,1.16528,1.16394,1.1644,0,SELL
2020-09-25 11:00:00,1.16441,1.16452,1.16275,1.16312,0,SELL
2020-09-25 12:00:00,1.16311,1.16444,1.16288,1.16368,0,SELL
2020-09-25 13:00:00,1.16368,1.16396,1.16256,1.16344,0,SELL
2020-09-25 14:00:00,1.16343,1.16355,1.16144,1.1619,0,SELL
2020-09-25 15:00:00,1.16192,1.16236,1.16124,1.16176,0,SELL
2020-09-25 16:00:00,1.16178,1.16263,1.16148,1.16194,0,SELL
2020-09-25 17:00:00,1.16196,1.16278,1.16156,1.16261,0,SELL
2020-09-25 18:00:00,1.16262,1.16298,1.16217,1.16221,0,SELL
2020-09-25 19:00:00,1.16222,1.16354,1.1622,1.1626,0,SELL
2020-09-25 20:00:00,1.1626,1.16333,1.16244,1.16316,0,SELL
2020-09-27 21:00:00,1.1626,1.16304,1.16252,1.1627,0,SELL
2020-09-27 22:00:00,1.16274,1.16381,1.16274,1.16326,0,SELL
2020-09-27 23:00:00,1.16328,1.1636,1.16302,1.16344,0,SELL
2020-09-28 00:00:00,1.16345,1.16354,1.16154,1.16165,0,SELL
2020-09-28 01:00:00,1.16166,1.16317,1.16166,1.163,0,SELL
2020-09-28 02:00:00,1.16298,1.16377,1.16286,1.16348,0,SELL
2020-09-28 03:00:00,1.16346,1.16378,1.16336,1.16357,0,SELL
2020-09-28 04:00:00,1.16358,1.16402,1.16314,1.16314,0,SELL
2020-09-28 05:00:00,1.16312,1.16372,1.16261,1.1629,0,SELL
2020-09-28 06:00:00,1.16289,1.16371,1.16252,1.16268,0,SELL
2020-09-28 07:00:00,1.16267,1.16348,1.16228,1.16295,0,SELL
2020-09-28 08:00:00,1.16293,1.16458,1.16255,1.1641,0,SELL
2020-09-28 09:00:00,1.16408,1.16498,1.16377,1.16462,0,SELL
2020-09-28 10:00:00,1.1646,1.16658,1.16444,1.16598,0,SELL
2020-09-28 11:00:00,1.16598,1.16767,1.16539,1.16752,0,SELL
2020-09-28 12:00:00,1.16754,1.16779,1.16625,1.16632,0,SELL
2020-09-28 13:00:00,1.16633,1.16802,1.16623,1.16702,1,BUY
2020-09-28 14:00:00,1.16702,1.16726,1.16427,1.16434,1,BUY
2020-09-28 15:00:00,1.16436,1.16612,1.16425,1.16602,1,BUY
2020-09-28 16:00:00,1.16602,1.16605,1.16514,1.1656,1,BUY
2020-09-28 17:00:00,1.16558,1.16665,1.16538,1.16644,1,BUY
2020-09-28 18:00:00,1.16644,1.16688,1.16614,1.16639,1,BUY
2020-09-28 19:00:00,1.1664,1.16704,1.16613,1.167,1,BUY
2020-09-28 20:00:00,1.16698,1.16715,1.16608,1.16634,1,BUY
2020-09-28 21:00:00,1.16634,1.16664,1.16618,1.16645,1,BUY
2020-09-28 22:00:00,1.16642,1.16692,1.1663,1.1669,1,BUY
2020-09-28 23:00:00,1.16692,1.16796,1.16675,1.16771,1,BUY
2020-09-29 00:00:00,1.1677,1.16838,1.16752,1.16768,1,BUY
2020-09-29 01:00:00,1.1677,1.1679,1.1667,1.16684,1,BUY
2020-09-29 02:00:00,1.16683,1.1675,1.16676,1.16709,1,BUY
2020-09-29 03:00:00,1.1671,1.16766,1.16708,1.16747,1,BUY
2020-09-29 04:00:00,1.16748,1.16764,1.16716,1.16763,1,BUY
2020-09-29 05:00:00,1.16764,1.16792,1.16691,1.16714,1,BUY
2020-09-29 06:00:00,1.16714,1.16825,1.16652,1.16802,1,BUY
2020-09-29 07:00:00,1.168,1.16842,1.16668,1.16814,1,BUY
2020-09-29 08:00:00,1.16814,1.16865,1.16656,1.16832,1,BUY
2020-09-29 09:00:00,1.1683,1.16978,1.1681,1.16932,1,BUY
2020-09-29 10:00:00,1.1693,1.16986,1.16817,1.16984,1,BUY
2020-09-29 11:00:00,1.16986,1.17144,1.16957,1.1708,1,BUY
2020-09-29 12:00:00,1.17082,1.17105,1.16932,1.17034,1,BUY
2020-09-29 13:00:00,1.17035,1.17276,1.1695,1.17242,1,BUY
2020-09-29 14:00:00,1.1724,1.17438,1.17218,1.1731,1,BUY
2020-09-29 15:00:00,1.17311,1.17422,1.1716,1.17166,1,BUY
2020-09-29 16:00:00,1.17167,1.17422,1.17098,1.17378,1,BUY
2020-09-29 17:00:00,1.17377,1.17428,1.1732,1.17413,1,BUY
2020-09-29 18:00:00,1.17412,1.17456,1.17367,1.17368,1,BUY
2020-09-29 19:00:00,1.17369,1.17444,1.17358,1.17397,1,BUY
2020-09-29 20:00:00,1.17398,1.17448,1.17363,1.17434,1,BUY
2020-09-29 21:00:00,1.17438,1.1744,1.17392,1.17406,1,BUY
2020-09-29 22:00:00,1.17402,1.17448,1.17402,1.17444,1,BUY
2020-09-29 23:00:00,1.17446,1.17456,1.17411,1.17419,1,BUY
2020-09-30 00:00:00,1.17418,1.17485,1.17363,1.17381,1,BUY
2020-09-30 01:00:00,1.17379,1.17502,1.17366,1.17456,1,BUY
2020-09-30 02:00:00,1.17454,1.17552,1.17418,1.17456,1,BUY
2020-09-30 03:00:00,1.17458,1.17461,1.17278,1.17294,1,BUY
2020-09-30 04:00:00,1.17295,1.1737,1.1729,1.17344,1,BUY
2020-09-30 05:00:00,1.17342,1.1738,1.1729,1.17326,1,BUY
2020-09-30 06:00:00,1.17326,1.17362,1.17228,1.17342,1,BUY
2020-09-30 07:00:00,1.17343,1.17429,1.17204,1.17329,1,BUY
2020-09-30 08:00:00,1.1733,1.17377,1.17063,1.171,1,BUY
2020-09-30 09:00:00,1.17098,1.17109,1.16941,1.17087,1,BUY
2020-09-30 10:00:00,1.17086,1.1719,1.16958,1.17106,1,BUY
2020-09-30 11:00:00,1.17109,1.17138,1.1705,1.17072,1,BUY
2020-09-30 12:00:00,1.17071,1.17188,1.16988,1.17099,0,SELL
2020-09-30 13:00:00,1.171,1.17158,1.16845,1.16961,0,SELL
2020-09-30 14:00:00,1.16959,1.1741,1.16946,1.17284,0,SELL
2020-09-30 15:00:00,1.17285,1.17517,1.17218,1.17222,0,SELL
2020-09-30 16:00:00,1.1722,1.1725,1.17057,1.17215,1,BUY
2020-09-30 17:00:00,1.17216,1.17283,1.17097,1.17242,1,BUY
2020-09-30 18:00:00,1.17243,1.1727,1.1713,1.17168,1,BUY
2020-09-30 19:00:00,1.17168,1.17274,1.17113,1.17228,1,BUY
2020-09-30 20:00:00,1.1723,1.17274,1.17198,1.17208,1,BUY
2020-09-30 21:00:00,1.17208,1.17266,1.17203,1.17235,1,BUY
2020-09-30 22:00:00,1.17231,1.17312,1.17223,1.17304,1,BUY
2020-09-30 23:00:00,1.17306,1.17318,1.17228,1.17234,1,BUY
2020-10-01 00:00:00,1.17236,1.17281,1.17172,1.17184,1,BUY
2020-10-01 01:00:00,1.17186,1.17436,1.17178,1.17343,1,BUY
2020-10-01 02:00:00,1.17344,1.17423,1.17332,1.17409,1,BUY
2020-10-01 03:00:00,1.17411,1.17475,1.17389,1.17437,1,BUY
2020-10-01 04:00:00,1.17436,1.17485,1.17401,1.17471,1,BUY
2020-10-01 05:00:00,1.17472,1.17512,1.17422,1.17478,1,BUY
2020-10-01 06:00:00,1.17478,1.17577,1.1744,1.17534,1,BUY
2020-10-01 07:00:00,1.17535,1.17572,1.17232,1.17366,1,BUY
2020-10-01 08:00:00,1.17364,1.17429,1.17224,1.17245,1,BUY
2020-10-01 09:00:00,1.17246,1.17492,1.17236,1.17478,1,BUY
2020-10-01 10:00:00,1.17476,1.17508,1.17372,1.17432,1,BUY
2020-10-01 11:00:00,1.17432,1.17698,1.17414,1.17629,1,BUY
2020-10-01 12:00:00,1.17631,1.17676,1.1751,1.17547,1,BUY
2020-10-01 13:00:00,1.17548,1.17592,1.17313,1.17386,1,BUY
2020-10-01 14:00:00,1.17388,1.17462,1.1721,1.17364,1,BUY
2020-10-01 15:00:00,1.17366,1.1756,1.1734,1.17514,1,BUY
2020-10-01 16:00:00,1.17512,1.17528,1.17384,1.1745,1,BUY
2020-10-01 17:00:00,1.17448,1.1746,1.17388,1.1741,1,BUY
2020-10-01 18:00:00,1.17412,1.17472,1.1735,1.17462,1,BUY
2020-10-01 19:00:00,1.17462,1.175,1.17416,1.17496,1,BUY
2020-10-01 20:00:00,1.17494,1.17506,1.17438,1.1746,1,BUY
2020-10-01 21:00:00,1.17475,1.17505,1.17475,1.1748,1,BUY
2020-10-01 22:00:00,1.17474,1.17482,1.17434,1.17448,1,BUY
2020-10-01 23:00:00,1.17447,1.17452,1.17432,1.1744,1,BUY
2020-10-02 00:00:00,1.17438,1.17446,1.17338,1.17348,1,BUY
2020-10-02 01:00:00,1.1735,1.1737,1.17302,1.17316,1,BUY
2020-10-02 02:00:00,1.17315,1.17332,1.17142,1.17198,0,SELL
2020-10-02 03:00:00,1.172,1.17216,1.1716,1.1716,0,SELL
2020-10-02 04:00:00,1.17158,1.17179,1.17032,1.1706,0,SELL
2020-10-02 05:00:00,1.17062,1.17322,1.16959,1.17222,0,SELL
2020-10-02 06:00:00,1.17224,1.1739,1.17198,1.17376,0,SELL
2020-10-02 07:00:00,1.17374,1.17416,1.17159,1.17232,0,SELL
2020-10-02 08:00:00,1.17231,1.17315,1.17117,1.1714,0,SELL
2020-10-02 09:00:00,1.17142,1.17259,1.17087,1.1719,0,SELL
2020-10-02 10:00:00,1.17192,1.17243,1.17103,1.17129,0,SELL
2020-10-02 11:00:00,1.1713,1.1725,1.17024,1.17242,0,SELL
2020-10-02 12:00:00,1.17242,1.17338,1.16988,1.17085,0,SELL
2020-10-02 13:00:00,1.17084,1.17216,1.16995,1.17128,0,SELL
2020-10-02 14:00:00,1.1713,1.17248,1.17049,1.17141,0,SELL
2020-10-02 15:00:00,1.1714,1.17213,1.17054,1.17059,0,SELL
2020-10-02 16:00:00,1.17057,1.1722,1.17018,1.17177,0,SELL
2020-10-02 17:00:00,1.17176,1.17216,1.17133,1.17138,0,SELL
2020-10-02 18:00:00,1.1714,1.17195,1.17118,1.17124,0,SELL
2020-10-02 19:00:00,1.17122,1.17164,1.17096,1.17118,0,SELL
2020-10-02 20:00:00,1.1712,1.1717,1.17108,1.17167,0,SELL
2020-10-04 21:00:00,1.1713,1.17159,1.17057,1.17134,0,SELL
2020-10-04 22:00:00,1.1713,1.17174,1.17091,1.1715,0,SELL
2020-10-04 23:00:00,1.17152,1.17202,1.1713,1.17197,0,SELL
2020-10-05 00:00:00,1.17199,1.17289,1.17178,1.17252,0,SELL
2020-10-05 01:00:00,1.17254,1.17358,1.17216,1.1734,0,SELL
2020-10-05 02:00:00,1.17342,1.17354,1.17298,1.17321,0,SELL
2020-10-05 03:00:00,1.1732,1.1734,1.17273,1.17282,1,BUY
2020-10-05 04:00:00,1.17284,1.17334,1.17268,1.17322,1,BUY
2020-10-05 05:00:00,1.17322,1.17355,1.17303,1.17344,1,BUY
2020-10-05 06:00:00,1.17346,1.17346,1.1721,1.17245,1,BUY
2020-10-05 07:00:00,1.17244,1.17382,1.17199,1.17326,1,BUY
2020-10-05 08:00:00,1.17324,1.17498,1.17322,1.17491,1,BUY
2020-10-05 09:00:00,1.1749,1.17596,1.17469,1.17571,1,BUY
2020-10-05 10:00:00,1.17572,1.17579,1.17476,1.17527,1,BUY
2020-10-05 11:00:00,1.17526,1.17694,1.17464,1.1765,1,BUY
2020-10-05 12:00:00,1.17652,1.1769,1.1757,1.1764,1,BUY
2020-10-05 13:00:00,1.17642,1.17916,1.1764,1.17865,1,BUY
2020-10-05 14:00:00,1.17864,1.17976,1.17792,1.17898,1,BUY
2020-10-05 15:00:00,1.17896,1.17926,1.1782,1.17846,1,BUY
2020-10-05 16:00:00,1.17844,1.17894,1.17825,1.17866,1,BUY
2020-10-05 17:00:00,1.17866,1.17866,1.1776,1.17768,1,BUY
2020-10-05 18:00:00,1.17766,1.17788,1.17715,1.17752,1,BUY
2020-10-05 19:00:00,1.1775,1.17844,1.1775,1.17837,1,BUY
2020-10-05 20:00:00,1.17838,1.17878,1.17817,1.1785,1,BUY
2020-10-05 21:00:00,1.1785,1.1785,1.17802,1.17812,1,BUY
2020-10-05 22:00:00,1.17816,1.17884,1.1781,1.17877,1,BUY
2020-10-05 23:00:00,1.17878,1.17902,1.17838,1.17892,1,BUY
2020-10-06 00:00:00,1.1789,1.17932,1.17864,1.17908,1,BUY
2020-10-06 01:00:00,1.1791,1.17928,1.17861,1.17866,1,BUY
2020-10-06 02:00:00,1.17864,1.17912,1.17861,1.17911,1,BUY
2020-10-06 03:00:00,1.1791,1.17988,1.17888,1.17922,1,BUY
2020-10-06 04:00:00,1.17924,1.17942,1.17881,1.17886,1,BUY
2020-10-06 05:00:00,1.17885,1.17922,1.17858,1.17862,1,BUY
2020-10-06 06:00:00,1.17864,1.17898,1.17776,1.17849,1,BUY
2020-10-06 07:00:00,1.17848,1.18002,1.17746,1.17767,1,BUY
2020-10-06 08:00:00,1.17768,1.17794,1.17654,1.17777,1,BUY
2020-10-06 09:00:00,1.17776,1.17862,1.1773,1.17799,1,BUY
2020-10-06 10:00:00,1.178,1.17888,1.17754,1.17784,1,BUY
2020-10-06 11:00:00,1.17784,1.17981,1.17752,1.1796,1,BUY
2020-10-06 12:00:00,1.17958,1.18078,1.17876,1.17914,1,BUY
2020-10-06 13:00:00,1.17912,1.18028,1.17782,1.17802,1,BUY
2020-10-06 14:00:00,1.178,1.17952,1.17797,1.17912,1,BUY
2020-10-06 15:00:00,1.17912,1.17943,1.17764,1.17776,1,BUY
2020-10-06 16:00:00,1.17778,1.17827,1.17729,1.1781,1,BUY
2020-10-06 17:00:00,1.17809,1.17816,1.17722,1.17788,1,BUY
2020-10-06 18:00:00,1.17788,1.17904,1.17356,1.17556,1,BUY
2020-10-06 19:00:00,1.17555,1.17606,1.17357,1.17504,0,SELL
2020-10-06 20:00:00,1.17506,1.1753,1.1732,1.1734,0,SELL
2020-10-06 21:00:00,1.17338,1.17358,1.1732,1.17336,0,SELL
2020-10-06 22:00:00,1.17338,1.1738,1.17304,1.17341,0,SELL
2020-10-06 23:00:00,1.17339,1.17376,1.17325,1.17372,0,SELL
2020-10-07 00:00:00,1.17374,1.17406,1.17308,1.17356,0,SELL
2020-10-07 01:00:00,1.17354,1.17354,1.17252,1.17285,0,SELL
2020-10-07 02:00:00,1.17284,1.17344,1.17252,1.17314,0,SELL
2020-10-07 03:00:00,1.17316,1.17319,1.17273,1.17284,0,SELL
2020-10-07 04:00:00,1.17282,1.17349,1.17278,1.17338,0,SELL
2020-10-07 05:00:00,1.17336,1.17412,1.17298,1.17384,0,SELL
2020-10-07 06:00:00,1.17384,1.17553,1.1735,1.17548,0,SELL
2020-10-07 07:00:00,1.17547,1.17672,1.17521,1.17666,0,SELL
2020-10-07 08:00:00,1.17668,1.17672,1.175,1.1758,0,SELL
2020-10-07 09:00:00,1.17578,1.1765,1.17519,1.176,0,SELL
2020-10-07 10:00:00,1.17598,1.17636,1.17493,1.17588,1,BUY
2020-10-07 11:00:00,1.1759,1.17771,1.17589,1.17738,1,BUY
2020-10-07 12:00:00,1.17739,1.17819,1.17648,1.17786,1,BUY
2020-10-07 13:00:00,1.17784,1.17792,1.17615,1.17618,1,BUY
2020-10-07 14:00:00,1.1762,1.17697,1.1758,1.17614,1,BUY
2020-10-07 15:00:00,1.17615,1.17734,1.17598,1.17668,1,BUY
2020-10-07 16:00:00,1.17666,1.17738,1.17639,1.17717,1,BUY
2020-10-07 17:00:00,1.17716,1.17752,1.17666,1.17669,1,BUY
2020-10-07 18:00:00,1.17672,1.17737,1.17617,1.17675,1,BUY
2020-10-07 19:00:00,1.17674,1.17694,1.17603,1.17604,1,BUY
2020-10-07 20:00:00,1.17604,1.17662,1.17604,1.17645,1,BUY
2020-10-07 21:00:00,1.17634,1.17674,1.17625,1.17651,0,SELL
2020-10-07 22:00:00,1.17656,1.17706,1.17656,1.17684,0,SELL
2020-10-07 23:00:00,1.17686,1.17695,1.17654,1.17658,0,SELL
2020-10-08 00:00:00,1.17657,1.17689,1.17614,1.17652,0,SELL
2020-10-08 01:00:00,1.17651,1.17692,1.17596,1.17664,0,SELL
2020-10-08 02:00:00,1.17662,1.17718,1.17616,1.1771,1,BUY
2020-10-08 03:00:00,1.17708,1.1772,1.17677,1.17703,1,BUY
2020-10-08 04:00:00,1.17702,1.17707,1.17673,1.17686,1,BUY
2020-10-08 05:00:00,1.17688,1.17762,1.17682,1.17748,1,BUY
2020-10-08 06:00:00,1.17746,1.17818,1.17704,1.17784,1,BUY
2020-10-08 07:00:00,1.17786,1.17792,1.17623,1.17664,1,BUY
2020-10-08 08:00:00,1.17666,1.17679,1.17558,1.17608,1,BUY
2020-10-08 09:00:00,1.17606,1.17677,1.17529,1.17588,1,BUY
2020-10-08 10:00:00,1.17587,1.17665,1.1757,1.17603,0,SELL
2020-10-08 11:00:00,1.17604,1.1763,1.1752,1.17601,0,SELL
2020-10-08 12:00:00,1.176,1.1769,1.17544,1.17553,0,SELL
2020-10-08 13:00:00,1.17552,1.17562,1.17328,1.17446,0,SELL
2020-10-08 14:00:00,1.17446,1.17518,1.17342,1.17474,0,SELL
2020-10-08 15:00:00,1.17475,1.1758,1.17446,1.17518,0,SELL
2020-10-08 16:00:00,1.1752,1.17575,1.17519,1.17546,0,SELL
2020-10-08 17:00:00,1.17547,1.17598,1.17517,1.17584,0,SELL
2020-10-08 18:00:00,1.17586,1.17598,1.17548,1.17576,0,SELL
2020-10-08 19:00:00,1.17575,1.17608,1.17538,1.17592,0,SELL
2020-10-08 20:00:00,1.17594,1.17616,1.17568,1.17602,0,SELL
2020-10-08 21:00:00,1.17602,1.1761,1.17529,1.17588,0,SELL
2020-10-08 22:00:00,1.17592,1.1765,1.17592,1.17642,0,SELL
2020-10-08 23:00:00,1.17644,1.17672,1.17634,1.1767,0,SELL
2020-10-09 00:00:00,1.17669,1.17674,1.17577,1.17609,0,SELL
2020-10-09 01:00:00,1.1761,1.17742,1.17602,1.17721,1,BUY
2020-10-09 02:00:00,1.17722,1.17791,1.17702,1.17784,1,BUY
2020-10-09 03:00:00,1.17786,1.17809,1.17767,1.17773,1,BUY
2020-10-09 04:00:00,1.17772,1.17778,1.17736,1.17752,1,BUY
2020-10-09 05:00:00,1.17754,1.17777,1.17716,1.17724,1,BUY
2020-10-09 06:00:00,1.17724,1.17768,1.17668,1.1774,1,BUY
2020-10-09 07:00:00,1.17739,1.17786,1.17706,1.1777,1,BUY
2020-10-09 08:00:00,1.1777,1.18042,1.1777,1.18018,1,BUY
2020-10-09 09:00:00,1.18019,1.1803,1.17915,1.17966,1,BUY
2020-10-09 10:00:00,1.17965,1.18088,1.17926,1.18031,1,BUY
2020-10-09 11:00:00,1.1803,1.18072,1.17971,1.1799,1,BUY
2020-10-09 12:00:00,1.17991,1.18101,1.17932,1.18092,1,BUY
2020-10-09 13:00:00,1.18091,1.18185,1.18008,1.18066,1,BUY
2020-10-09 14:00:00,1.18068,1.18238,1.1805,1.18149,1,BUY
2020-10-09 15:00:00,1.1815,1.1825,1.18079,1.18188,1,BUY
2020-10-09 16:00:00,1.18187,1.18281,1.18146,1.18234,1,BUY
2020-10-09 17:00:00,1.18232,1.18278,1.18181,1.18232,1,BUY
2020-10-09 18:00:00,1.1823,1.1828,1.18198,1.18251,1,BUY
2020-10-09 19:00:00,1.18252,1.18268,1.1823,1.18256,1,BUY
2020-10-09 20:00:00,1.18255,1.18314,1.18226,1.18283,1,BUY
2020-10-11 21:00:00,1.18127,1.18232,1.18114,1.18141,1,BUY
2020-10-11 22:00:00,1.18144,1.18196,1.18111,1.18166,1,BUY
2020-10-11 23:00:00,1.18168,1.18218,1.18148,1.18158,1,BUY
2020-10-12 00:00:00,1.18157,1.18186,1.18105,1.18128,1,BUY
2020-10-12 01:00:00,1.18127,1.1822,1.18088,1.18177,1,BUY
2020-10-12 02:00:00,1.18175,1.18196,1.18141,1.18175,1,BUY
2020-10-12 03:00:00,1.18176,1.18215,1.18149,1.18168,1,BUY
2020-10-12 04:00:00,1.18167,1.1821,1.18162,1.18185,1,BUY
2020-10-12 05:00:00,1.18184,1.18269,1.1817,1.18209,1,BUY
2020-10-12 06:00:00,1.18207,1.1823,1.18108,1.18158,1,BUY
2020-10-12 07:00:00,1.18156,1.18232,1.18059,1.18202,1,BUY
2020-10-12 08:00:00,1.18201,1.18201,1.1806,1.18112,1,BUY
2020-10-12 09:00:00,1.18114,1.1814,1.1795,1.18026,1,BUY
2020-10-12 10:00:00,1.18024,1.18092,1.17964,1.17967,1,BUY
2020-10-12 11:00:00,1.17968,1.17972,1.17868,1.1794,1,BUY
2020-10-12 12:00:00,1.17942,1.18136,1.17942,1.18096,1,BUY
2020-10-12 13:00:00,1.18096,1.18157,1.18038,1.18152,1,BUY
2020-10-12 14:00:00,1.18151,1.18168,1.18062,1.1814,1,BUY
2020-10-12 15:00:00,1.18141,1.18152,1.18023,1.18044,1,BUY
2020-10-12 16:00:00,1.18046,1.18143,1.18023,1.18109,1,BUY
2020-10-12 17:00:00,1.1811,1.18112,1.18048,1.18096,1,BUY
2020-10-12 18:00:00,1.18097,1.1811,1.18078,1.18102,1,BUY
2020-10-12 19:00:00,1.18104,1.18136,1.18098,1.18128,1,BUY
2020-10-12 20:00:00,1.18126,1.18151,1.18112,1.18127,1,BUY
2020-10-12 21:00:00,1.18138,1.18162,1.18085,1.18142,1,BUY
2020-10-12 22:00:00,1.18138,1.18155,1.18125,1.1814,1,BUY
2020-10-12 23:00:00,1.18141,1.1815,1.18122,1.1813,1,BUY
2020-10-13 00:00:00,1.18132,1.18141,1.17942,1.18002,1,BUY
2020-10-13 01:00:00,1.18,1.18056,1.17955,1.17962,1,BUY
2020-10-13 02:00:00,1.1796,1.17972,1.17906,1.17966,0,SELL
2020-10-13 03:00:00,1.17966,1.17972,1.17921,1.17952,0,SELL
2020-10-13 04:00:00,1.1795,1.17988,1.1792,1.17984,0,SELL
2020-10-13 05:00:00,1.17983,1.18033,1.17924,1.17942,0,SELL
2020-10-13 06:00:00,1.17944,1.18,1.1787,1.17871,0,SELL
2020-10-13 07:00:00,1.1787,1.17892,1.17784,1.17805,0,SELL
2020-10-13 08:00:00,1.17804,1.17994,1.17795,1.17938,0,SELL
2020-10-13 09:00:00,1.1794,1.17968,1.17856,1.17882,0,SELL
2020-10-13 10:00:00,1.17882,1.17919,1.17856,1.17911,0,SELL
2020-10-13 11:00:00,1.17912,1.17964,1.17834,1.17884,0,SELL
2020-10-13 12:00:00,1.17886,1.17988,1.17862,1.1791,0,SELL
2020-10-13 13:00:00,1.17912,1.17912,1.17478,1.17542,0,SELL
2020-10-13 14:00:00,1.17541,1.17562,1.17372,1.17444,0,SELL
2020-10-13 15:00:00,1.17445,1.17484,1.17353,1.17388,0,SELL
2020-10-13 16:00:00,1.17386,1.17386,1.17306,1.17346,0,SELL
2020-10-13 17:00:00,1.17347,1.17395,1.1731,1.1738,0,SELL
2020-10-13 18:00:00,1.1738,1.17469,1.17348,1.17449,0,SELL
2020-10-13 19:00:00,1.17448,1.17494,1.1744,1.1748,0,SELL
2020-10-13 20:00:00,1.17478,1.17496,1.17436,1.17457,0,SELL
2020-10-13 21:00:00,1.17457,1.17472,1.17454,1.17457,0,SELL
2020-10-13 22:00:00,1.17452,1.1746,1.17437,1.17439,0,SELL
2020-10-13 23:00:00,1.1744,1.17446,1.17416,1.17424,0,SELL
2020-10-14 00:00:00,1.17422,1.1751,1.17382,1.17455,0,SELL
2020-10-14 01:00:00,1.17456,1.17467,1.17352,1.17432,0,SELL
2020-10-14 02:00:00,1.17434,1.17448,1.17392,1.17436,0,SELL
2020-10-14 03:00:00,1.17437,1.17474,1.17427,1.17441,0,SELL
2020-10-14 04:00:00,1.17442,1.1747,1.17402,1.1743,0,SELL
2020-10-14 05:00:00,1.17432,1.17472,1.17398,1.17455,0,SELL
2020-10-14 06:00:00,1.17456,1.17469,1.17402,1.17442,0,SELL
2020-10-14 07:00:00,1.1744,1.17464,1.17286,1.17416,0,SELL
2020-10-14 08:00:00,1.17418,1.17538,1.1737,1.17405,0,SELL
2020-10-14 09:00:00,1.17404,1.1746,1.172,1.17298,0,SELL
2020-10-14 10:00:00,1.17299,1.17394,1.17273,1.17344,0,SELL
2020-10-14 11:00:00,1.17342,1.17492,1.17342,1.17486,0,SELL
2020-10-14 12:00:00,1.17488,1.17692,1.1745,1.17614,0,SELL
2020-10-14 13:00:00,1.17615,1.1765,1.17528,1.17614,0,SELL
2020-10-14 14:00:00,1.17615,1.1771,1.17566,1.17586,0,SELL
2020-10-14 15:00:00,1.17588,1.17678,1.17532,1.17542,0,SELL
2020-10-14 16:00:00,1.17541,1.17597,1.17456,1.17516,0,SELL
2020-10-14 17:00:00,1.17514,1.17574,1.17499,1.17542,0,SELL
2020-10-14 18:00:00,1.17541,1.17543,1.1744,1.17506,0,SELL
2020-10-14 19:00:00,1.17506,1.17556,1.17502,1.17516,0,SELL
2020-10-14 20:00:00,1.17516,1.1753,1.17444,1.17462,0,SELL
2020-10-14 21:00:00,1.17462,1.17498,1.17454,1.17484,0,SELL
2020-10-14 22:00:00,1.17488,1.1751,1.17408,1.17428,0,SELL
2020-10-14 23:00:00,1.17429,1.17457,1.17422,1.17447,0,SELL
2020-10-15 00:00:00,1.17448,1.17514,1.17445,1.1748,0,SELL
2020-10-15 01:00:00,1.1748,1.1756,1.17454,1.17536,0,SELL
2020-10-15 02:00:00,1.17535,1.17542,1.17431,1.17438,0,SELL
2020-10-15 03:00:00,1.17436,1.17506,1.17432,1.17494,0,SELL
2020-10-15 04:00:00,1.17496,1.17536,1.1747,1.17524,0,SELL
2020-10-15 05:00:00,1.17522,1.1758,1.17514,1.17548,0,SELL
2020-10-15 06:00:00,1.17548,1.17548,1.17353,1.17368,0,SELL
2020-10-15 07:00:00,1.1737,1.17428,1.17316,1.17376,0,SELL
2020-10-15 08:00:00,1.17376,1.17376,1.17032,1.17066,0,SELL
2020-10-15 09:00:00,1.17065,1.17127,1.1704,1.17123,0,SELL
2020-10-15 10:00:00,1.17122,1.17254,1.17062,1.1718,0,SELL
2020-10-15 11:00:00,1.17179,1.17222,1.17067,1.17084,0,SELL
2020-10-15 12:00:00,1.17083,1.1712,1.16924,1.16992,0,SELL
2020-10-15 13:00:00,1.16993,1.17061,1.16886,1.16985,0,SELL
2020-10-15 14:00:00,1.16984,1.1707,1.16886,1.16998,0,SELL
2020-10-15 15:00:00,1.16996,1.17062,1.16924,1.17,0,SELL
2020-10-15 16:00:00,1.16998,1.17052,1.16908,1.16973,0,SELL
2020-10-15 17:00:00,1.16972,1.17064,1.16949,1.16954,0,SELL
2020-10-15 18:00:00,1.16953,1.17005,1.16928,1.16972,0,SELL
2020-10-15 19:00:00,1.1697,1.1706,1.16965,1.17049,0,SELL
2020-10-15 20:00:00,1.17048,1.17102,1.17027,1.17073,0,SELL
2020-10-15 21:00:00,1.17073,1.17108,1.17072,1.17105,0,SELL
2020-10-15 22:00:00,1.17102,1.17114,1.17054,1.17058,0,SELL
2020-10-15 23:00:00,1.17056,1.17088,1.1705,1.17066,0,SELL
2020-10-16 00:00:00,1.17066,1.17126,1.17006,1.17121,0,SELL
2020-10-16 01:00:00,1.1712,1.17157,1.17072,1.1709,0,SELL
2020-10-16 02:00:00,1.17089,1.1709,1.17021,1.17036,0,SELL
2020-10-16 03:00:00,1.17038,1.1706,1.1702,1.17027,0,SELL
2020-10-16 04:00:00,1.17028,1.17053,1.17022,1.1703,0,SELL
2020-10-16 05:00:00,1.1703,1.1709,1.17028,1.17085,0,SELL
2020-10-16 06:00:00,1.17084,1.17097,1.1694,1.17036,0,SELL
2020-10-16 07:00:00,1.17035,1.17203,1.17004,1.1716,0,SELL
2020-10-16 08:00:00,1.1716,1.17184,1.17042,1.17046,0,SELL
2020-10-16 09:00:00,1.17046,1.17146,1.17026,1.17103,0,SELL
2020-10-16 10:00:00,1.17102,1.17239,1.17069,1.1718,0,SELL
2020-10-16 11:00:00,1.17182,1.17396,1.17136,1.17316,0,SELL
2020-10-16 12:00:00,1.17316,1.17462,1.17316,1.17328,0,SELL
2020-10-16 13:00:00,1.17326,1.17396,1.17254,1.17302,0,SELL
2020-10-16 14:00:00,1.173,1.17361,1.17136,1.17202,0,SELL
2020-10-16 15:00:00,1.172,1.17223,1.17139,1.17162,0,SELL
2020-10-16 16:00:00,1.1716,1.1725,1.17146,1.1719,0,SELL
2020-10-16 17:00:00,1.1719,1.17228,1.17163,1.17169,0,SELL
2020-10-16 18:00:00,1.1717,1.17224,1.17154,1.1719,0,SELL
2020-10-16 19:00:00,1.17188,1.17198,1.17131,1.17188,0,SELL
2020-10-16 20:00:00,1.17186,1.17204,1.17134,1.17174,0,SELL
2020-10-18 21:00:00,1.1721,1.1722,1.17161,1.17189,0,SELL
2020-10-18 22:00:00,1.17193,1.172,1.17124,1.17129,0,SELL
2020-10-18 23:00:00,1.17128,1.1716,1.17114,1.17156,0,SELL
2020-10-19 00:00:00,1.17154,1.17236,1.1715,1.17236,0,SELL
2020-10-19 01:00:00,1.17238,1.1725,1.17145,1.17154,0,SELL
2020-10-19 02:00:00,1.17153,1.17153,1.17087,1.17148,0,SELL
2020-10-19 03:00:00,1.17146,1.17146,1.17058,1.17066,0,SELL
2020-10-19 04:00:00,1.17066,1.17073,1.1704,1.17056,0,SELL
2020-10-19 05:00:00,1.17055,1.17142,1.17047,1.17126,0,SELL
2020-10-19 06:00:00,1.17127,1.17127,1.17033,1.17046,0,SELL
2020-10-19 07:00:00,1.17046,1.1725,1.17044,1.17222,0,SELL
2020-10-19 08:00:00,1.1722,1.1742,1.1721,1.17377,0,SELL
2020-10-19 09:00:00,1.17378,1.17629,1.17372,1.17562,0,SELL
2020-10-19 10:00:00,1.17562,1.17672,1.17528,1.17668,1,BUY
2020-10-19 11:00:00,1.17669,1.17888,1.17646,1.17864,1,BUY
2020-10-19 12:00:00,1.17865,1.17879,1.17743,1.17774,1,BUY
2020-10-19 13:00:00,1.17773,1.17862,1.17766,1.17829,1,BUY
2020-10-19 14:00:00,1.17828,1.17938,1.17729,1.17822,1,BUY
2020-10-19 15:00:00,1.1782,1.17907,1.17775,1.17877,1,BUY
2020-10-19 16:00:00,1.17878,1.17904,1.17803,1.17819,1,BUY
2020-10-19 17:00:00,1.1782,1.17854,1.17784,1.17804,1,BUY
2020-10-19 18:00:00,1.17802,1.17826,1.1767,1.17671,1,BUY
2020-10-19 19:00:00,1.1767,1.17727,1.17645,1.17702,1,BUY
2020-10-19 20:00:00,1.177,1.17736,1.1766,1.17704,1,BUY
2020-10-19 21:00:00,1.17695,1.17718,1.17668,1.17682,1,BUY
2020-10-19 22:00:00,1.1768,1.17708,1.17676,1.17684,1,BUY
2020-10-19 23:00:00,1.17686,1.17699,1.17651,1.17684,1,BUY
2020-10-20 00:00:00,1.17685,1.17762,1.17676,1.1775,1,BUY
2020-10-20 01:00:00,1.1775,1.17758,1.1765,1.17668,1,BUY
2020-10-20 02:00:00,1.17668,1.17695,1.17641,1.17688,1,BUY
2020-10-20 03:00:00,1.17688,1.17768,1.17678,1.17763,1,BUY
2020-10-20 04:00:00,1.17761,1.1778,1.17734,1.1777,1,BUY
2020-10-20 05:00:00,1.17772,1.17806,1.17734,1.17776,1,BUY
2020-10-20 06:00:00,1.17778,1.17788,1.17667,1.17672,1,BUY
2020-10-20 07:00:00,1.17674,1.17787,1.17599,1.17768,1,BUY
2020-10-20 08:00:00,1.17767,1.17934,1.17704,1.1782,1,BUY
2020-10-20 09:00:00,1.17818,1.18092,1.1781,1.18064,1,BUY
2020-10-20 10:00:00,1.18064,1.18181,1.18038,1.18135,1,BUY
2020-10-20 11:00:00,1.18136,1.18154,1.18007,1.18057,1,BUY
2020-10-20 12:00:00,1.18058,1.1817,1.18026,1.18087,1,BUY
2020-10-20 13:00:00,1.18088,1.18231,1.18076,1.18197,1,BUY
2020-10-20 14:00:00,1.18198,1.18408,1.18154,1.18306,1,BUY
2020-10-20 15:00:00,1.18305,1.1833,1.18216,1.18232,1,BUY
2020-10-20 16:00:00,1.18234,1.1832,1.18197,1.18265,1,BUY
2020-10-20 17:00:00,1.18266,1.18362,1.18265,1.18319,1,BUY
2020-10-20 18:00:00,1.18317,1.18348,1.18262,1.18274,1,BUY
2020-10-20 19:00:00,1.18272,1.183,1.18224,1.18244,1,BUY
2020-10-20 20:00:00,1.18245,1.1827,1.18201,1.18222,1,BUY
2020-10-20 21:00:00,1.18226,1.1826,1.1822,1.18246,1,BUY
2020-10-20 22:00:00,1.18243,1.18292,1.18228,1.18282,1,BUY
2020-10-20 23:00:00,1.18281,1.1832,1.1826,1.18292,1,BUY
2020-10-21 00:00:00,1.1829,1.1835,1.18281,1.18336,1,BUY
2020-10-21 01:00:00,1.18334,1.18436,1.18302,1.18355,1,BUY
2020-10-21 02:00:00,1.18356,1.18436,1.18352,1.18382,1,BUY
2020-10-21 03:00:00,1.1838,1.18485,1.18372,1.1847,1,BUY
2020-10-21 04:00:00,1.18469,1.18498,1.18446,1.18477,1,BUY
2020-10-21 05:00:00,1.18478,1.18499,1.18428,1.18459,1,BUY
2020-10-21 06:00:00,1.1846,1.18629,1.18434,1.18552,1,BUY
2020-10-21 07:00:00,1.18551,1.18704,1.18474,1.18676,1,BUY
2020-10-21 08:00:00,1.18674,1.18676,1.18494,1.18507,1,BUY
2020-10-21 09:00:00,1.18506,1.18564,1.18436,1.18448,1,BUY
2020-10-21 10:00:00,1.1845,1.18598,1.18428,1.18591,1,BUY
2020-10-21 11:00:00,1.18592,1.1861,1.18415,1.18504,1,BUY
2020-10-21 12:00:00,1.18506,1.18662,1.18466,1.18628,1,BUY
2020-10-21 13:00:00,1.18629,1.18632,1.18442,1.18604,1,BUY
2020-10-21 14:00:00,1.18605,1.18808,1.18578,1.18739,1,BUY
2020-10-21 15:00:00,1.18738,1.1878,1.18656,1.18694,1,BUY
2020-10-21 16:00:00,1.18692,1.18799,1.18692,1.18736,1,BUY
2020-10-21 17:00:00,1.18734,1.18771,1.18662,1.18672,1,BUY
2020-10-21 18:00:00,1.1867,1.18697,1.18613,1.18614,1,BUY
2020-10-21 19:00:00,1.18615,1.18634,1.18571,1.18591,1,BUY
2020-10-21 20:00:00,1.18592,1.18616,1.18541,1.18596,1,BUY
2020-10-21 21:00:00,1.18589,1.18635,1.18549,1.1861,1,BUY
2020-10-21 22:00:00,1.18608,1.18652,1.18594,1.18596,1,BUY
2020-10-21 23:00:00,1.18595,1.18611,1.18506,1.18516,1,BUY
2020-10-22 00:00:00,1.18515,1.18524,1.18426,1.1846,1,BUY
2020-10-22 01:00:00,1.18458,1.18511,1.18448,1.18451,1,BUY
2020-10-22 02:00:00,1.18452,1.18454,1.18384,1.18425,1,BUY
2020-10-22 03:00:00,1.18424,1.18432,1.18398,1.18422,1,BUY
2020-10-22 04:00:00,1.18424,1.18454,1.18412,1.18448,1,BUY
2020-10-22 05:00:00,1.18448,1.185,1.18426,1.18484,1,BUY
2020-10-22 06:00:00,1.18485,1.18596,1.18478,1.18485,1,BUY
2020-10-22 07:00:00,1.18484,1.1867,1.18404,1.18614,1,BUY
2020-10-22 08:00:00,1.18613,1.18613,1.1842,1.18444,1,BUY
2020-10-22 09:00:00,1.18445,1.18457,1.18272,1.18331,1,BUY
2020-10-22 10:00:00,1.1833,1.18408,1.18248,1.18292,1,BUY
2020-10-22 11:00:00,1.18291,1.18297,1.1816,1.18244,1,BUY
2020-10-22 12:00:00,1.18245,1.18294,1.18114,1.18261,0,SELL
2020-10-22 13:00:00,1.18262,1.18368,1.18218,1.1823,0,SELL
2020-10-22 14:00:00,1.18232,1.18313,1.18156,1.18288,0,SELL
2020-10-22 15:00:00,1.18289,1.18334,1.18204,1.18232,0,SELL
2020-10-22 16:00:00,1.18231,1.18252,1.18198,1.18221,0,SELL
2020-10-22 17:00:00,1.18222,1.18263,1.18186,1.18194,0,SELL
2020-10-22 18:00:00,1.18196,1.18216,1.18164,1.18189,0,SELL
2020-10-22 19:00:00,1.18188,1.18208,1.18159,1.18187,0,SELL
2020-10-22 20:00:00,1.18188,1.1821,1.18178,1.18186,0,SELL
2020-10-22 21:00:00,1.18186,1.18231,1.18178,1.18205,0,SELL
2020-10-22 22:00:00,1.18208,1.18234,1.18186,1.1823,0,SELL
2020-10-22 23:00:00,1.18231,1.18235,1.18133,1.18148,0,SELL
2020-10-23 00:00:00,1.18147,1.18147,1.17868,1.17999,0,SELL
2020-10-23 01:00:00,1.17998,1.18046,1.17951,1.18041,0,SELL
2020-10-23 02:00:00,1.1804,1.18042,1.17977,1.18039,0,SELL
2020-10-23 03:00:00,1.18038,1.18048,1.17982,1.18006,0,SELL
2020-10-23 04:00:00,1.18005,1.18023,1.17954,1.1802,0,SELL
2020-10-23 05:00:00,1.18022,1.18038,1.17978,1.18038,0,SELL
2020-10-23 06:00:00,1.18039,1.18039,1.17916,1.17988,0,SELL
2020-10-23 07:00:00,1.1799,1.1831,1.17969,1.18286,0,SELL
2020-10-23 08:00:00,1.18287,1.18468,1.18276,1.18386,0,SELL
2020-10-23 09:00:00,1.18384,1.18538,1.18343,1.18466,0,SELL
2020-10-23 10:00:00,1.18465,1.18509,1.18414,1.18478,1,BUY
2020-10-23 11:00:00,1.1848,1.18534,1.18426,1.18449,1,BUY
2020-10-23 12:00:00,1.18451,1.18602,1.18448,1.18532,1,BUY
2020-10-23 13:00:00,1.1853,1.18547,1.18372,1.18391,1,BUY
2020-10-23 14:00:00,1.18392,1.18392,1.18254,1.18354,1,BUY
2020-10-23 15:00:00,1.18356,1.18449,1.18332,1.1843,1,BUY
2020-10-23 16:00:00,1.18428,1.18444,1.18338,1.18433,1,BUY
2020-10-23 17:00:00,1.18434,1.18575,1.18424,1.18555,1,BUY
2020-10-23 18:00:00,1.18554,1.18618,1.1855,1.18586,1,BUY
2020-10-23 19:00:00,1.18584,1.18628,1.18568,1.18625,1,BUY
2020-10-23 20:00:00,1.18624,1.1865,1.18581,1.18612,1,BUY
2020-10-25 21:00:00,1.18529,1.18568,1.1852,1.18568,1,BUY
2020-10-25 22:00:00,1.1857,1.18605,1.1841,1.1842,1,BUY
2020-10-25 23:00:00,1.18422,1.18488,1.18394,1.18481,1,BUY
2020-10-26 00:00:00,1.18479,1.18507,1.18438,1.18445,1,BUY
2020-10-26 01:00:00,1.18446,1.18494,1.18338,1.184,1,BUY
2020-10-26 02:00:00,1.18398,1.18446,1.18363,1.18365,1,BUY
2020-10-26 03:00:00,1.18364,1.1838,1.18328,1.18338,0,SELL
2020-10-26 04:00:00,1.18337,1.18372,1.18324,1.1833,0,SELL
2020-10-26 05:00:00,1.1833,1.18367,1.18288,1.18314,0,SELL
2020-10-26 06:00:00,1.18314,1.1837,1.18304,1.18343,0,SELL
2020-10-26 07:00:00,1.18344,1.18476,1.18281,1.18332,0,SELL
2020-10-26 08:00:00,1.1833,1.18363,1.18131,1.18182,0,SELL
2020-10-26 09:00:00,1.1818,1.18208,1.18056,1.18101,0,SELL
2020-10-26 10:00:00,1.18102,1.1824,1.18033,1.18234,0,SELL
2020-10-26 11:00:00,1.18235,1.18279,1.18193,1.18215,0,SELL
2020-10-26 12:00:00,1.18216,1.18235,1.18058,1.18135,0,SELL
2020-10-26 13:00:00,1.18134,1.1825,1.18108,1.1817,0,SELL
2020-10-26 14:00:00,1.18169,1.18207,1.18096,1.18126,0,SELL
2020-10-26 15:00:00,1.18125,1.18226,1.18078,1.18156,0,SELL
2020-10-26 16:00:00,1.18154,1.18242,1.1815,1.18242,0,SELL
2020-10-26 17:00:00,1.18241,1.18264,1.18134,1.18158,0,SELL
2020-10-26 18:00:00,1.1816,1.18182,1.18109,1.1813,0,SELL
2020-10-26 19:00:00,1.18131,1.18158,1.18062,1.18071,0,SELL
2020-10-26 20:00:00,1.18069,1.18105,1.18062,1.18094,0,SELL
2020-10-26 21:00:00,1.18094,1.18128,1.18094,1.18096,0,SELL
2020-10-26 22:00:00,1.18092,1.18108,1.18068,1.18075,0,SELL
2020-10-26 23:00:00,1.18076,1.1811,1.1807,1.18092,0,SELL
2020-10-27 00:00:00,1.18091,1.1821,1.18079,1.18208,0,SELL
2020-10-27 01:00:00,1.18209,1.1823,1.18156,1.18184,0,SELL
2020-10-27 02:00:00,1.18186,1.18252,1.18186,1.1823,0,SELL
2020-10-27 03:00:00,1.18228,1.18228,1.18172,1.18207,0,SELL
2020-10-27 04:00:00,1.18208,1.18253,1.18208,1.18246,0,SELL
2020-10-27 05:00:00,1.18246,1.18348,1.18246,1.18336,0,SELL
2020-10-27 06:00:00,1.18335,1.1836,1.18297,1.1832,1,BUY
2020-10-27 07:00:00,1.18321,1.18321,1.18155,1.18186,1,BUY
2020-10-27 08:00:00,1.18187,1.18232,1.17963,1.18094,0,SELL
2020-10-27 09:00:00,1.18092,1.18172,1.18008,1.18089,0,SELL
2020-10-27 10:00:00,1.18087,1.18164,1.18046,1.18145,0,SELL
2020-10-27 11:00:00,1.18146,1.1827,1.18136,1.1824,0,SELL
2020-10-27 12:00:00,1.18242,1.18334,1.1824,1.18272,0,SELL
2020-10-27 13:00:00,1.18274,1.18378,1.18244,1.18348,0,SELL
2020-10-27 14:00:00,1.1835,1.18388,1.18198,1.18242,0,SELL
2020-10-27 15:00:00,1.18244,1.1835,1.18206,1.18338,0,SELL
2020-10-27 16:00:00,1.18336,1.1837,1.18232,1.18292,1,BUY
2020-10-27 17:00:00,1.18291,1.18305,1.18246,1.18253,1,BUY
2020-10-27 18:00:00,1.18252,1.18278,1.1812,1.18122,0,SELL
2020-10-27 19:00:00,1.18121,1.18161,1.1808,1.18091,0,SELL
2020-10-27 20:00:00,1.18092,1.18157,1.17928,1.17954,0,SELL
2020-10-27 21:00:00,1.17972,1.17976,1.17833,1.17871,0,SELL
2020-10-27 22:00:00,1.17873,1.17877,1.17694,1.17802,0,SELL
2020-10-27 23:00:00,1.17804,1.17822,1.17776,1.17817,0,SELL
2020-10-28 00:00:00,1.17818,1.17826,1.17729,1.17791,0,SELL
2020-10-28 01:00:00,1.17792,1.1788,1.17774,1.178,0,SELL
2020-10-28 02:00:00,1.17802,1.1782,1.17772,1.17781,0,SELL
2020-10-28 03:00:00,1.1778,1.17814,1.17762,1.1777,0,SELL
2020-10-28 04:00:00,1.17772,1.17812,1.17745,1.17794,0,SELL
2020-10-28 05:00:00,1.17794,1.17849,1.17761,1.17842,0,SELL
2020-10-28 06:00:00,1.17842,1.17853,1.17648,1.17679,0,SELL
2020-10-28 07:00:00,1.17678,1.17782,1.17676,1.17706,0,SELL
2020-10-28 08:00:00,1.17705,1.17708,1.17499,1.17648,0,SELL
2020-10-28 09:00:00,1.17647,1.17649,1.17432,1.17485,0,SELL
2020-10-28 10:00:00,1.17486,1.1753,1.17374,1.17382,0,SELL
2020-10-28 11:00:00,1.1738,1.17468,1.17298,1.17366,0,SELL
2020-10-28 12:00:00,1.17367,1.17368,1.17178,1.17268,0,SELL
2020-10-28 13:00:00,1.17268,1.17408,1.17216,1.17344,0,SELL
2020-10-28 14:00:00,1.17342,1.17419,1.17207,1.17328,0,SELL
2020-10-28 15:00:00,1.17326,1.17516,1.17308,1.17508,0,SELL
2020-10-28 16:00:00,1.17508,1.17606,1.1746,1.17512,0,SELL
2020-10-28 17:00:00,1.1751,1.17526,1.17457,1.17506,0,SELL
2020-10-28 18:00:00,1.17508,1.17582,1.17486,1.17508,0,SELL
2020-10-28 19:00:00,1.1751,1.1756,1.17447,1.17469,0,SELL
2020-10-28 20:00:00,1.17468,1.1751,1.17448,1.1746,0,SELL
2020-10-28 21:00:00,1.1746,1.17478,1.17448,1.1746,0,SELL
2020-10-28 22:00:00,1.17456,1.17536,1.17452,1.17486,0,SELL
2020-10-28 23:00:00,1.17486,1.17492,1.17442,1.17484,0,SELL
2020-10-29 00:00:00,1.17484,1.17564,1.1744,1.17515,0,SELL
2020-10-29 01:00:00,1.17516,1.17589,1.17478,1.1757,0,SELL
2020-10-29 02:00:00,1.17571,1.17582,1.17475,1.17478,0,SELL
2020-10-29 03:00:00,1.17479,1.17531,1.17442,1.17525,0,SELL
2020-10-29 04:00:00,1.17524,1.17552,1.17512,1.17529,0,SELL
2020-10-29 05:00:00,1.1753,1.17551,1.17492,1.1755,0,SELL
2020-10-29 06:00:00,1.17548,1.17576,1.17509,1.17548,0,SELL
2020-10-29 07:00:00,1.17546,1.17556,1.17352,1.17363,0,SELL
2020-10-29 08:00:00,1.17364,1.17403,1.17247,1.17292,0,SELL
2020-10-29 09:00:00,1.1729,1.17386,1.17237,1.17258,0,SELL
2020-10-29 10:00:00,1.17259,1.17283,1.17151,1.17173,0,SELL
2020-10-29 11:00:00,1.17174,1.1721,1.1702,1.1704,0,SELL
2020-10-29 12:00:00,1.17041,1.17174,1.1695,1.17043,0,SELL
2020-10-29 13:00:00,1.17042,1.17146,1.16797,1.16924,0,SELL
2020-10-29 14:00:00,1.16926,1.17002,1.16746,1.1684,0,SELL
2020-10-29 15:00:00,1.16841,1.16848,1.16549,1.16572,0,SELL
2020-10-29 16:00:00,1.16572,1.16657,1.16564,1.16606,0,SELL
2020-10-29 17:00:00,1.16606,1.16616,1.16502,1.1658,0,SELL
2020-10-29 18:00:00,1.16581,1.16744,1.16576,1.16703,0,SELL
2020-10-29 19:00:00,1.16704,1.16784,1.167,1.16744,0,SELL
2020-10-29 20:00:00,1.16743,1.1677,1.16708,1.16728,0,SELL
2020-10-29 21:00:00,1.16745,1.16761,1.16722,1.16747,0,SELL
2020-10-29 22:00:00,1.16746,1.16746,1.16682,1.16698,0,SELL
2020-10-29 23:00:00,1.16699,1.16789,1.16692,1.16784,0,SELL
2020-10-30 00:00:00,1.16783,1.16783,1.16688,1.16743,0,SELL
2020-10-30 01:00:00,1.16744,1.16852,1.16725,1.16844,0,SELL
2020-10-30 02:00:00,1.16842,1.169,1.16814,1.16858,0,SELL
2020-10-30 03:00:00,1.1686,1.16946,1.1685,1.16906,0,SELL
2020-10-30 04:00:00,1.16908,1.16915,1.16812,1.16816,0,SELL
2020-10-30 05:00:00,1.16818,1.16834,1.1675,1.16808,0,SELL
2020-10-30 06:00:00,1.16807,1.16845,1.16756,1.16783,0,SELL
2020-10-30 07:00:00,1.16784,1.16836,1.16649,1.16766,0,SELL
2020-10-30 08:00:00,1.16768,1.16836,1.16605,1.16688,0,SELL
2020-10-30 09:00:00,1.16689,1.16828,1.16689,1.16732,0,SELL
2020-10-30 10:00:00,1.16734,1.16755,1.16646,1.1673,0,SELL
2020-10-30 11:00:00,1.16728,1.16776,1.16647,1.16724,0,SELL
2020-10-30 12:00:00,1.16723,1.17043,1.16704,1.16994,0,SELL
2020-10-30 13:00:00,1.16995,1.1703,1.16772,1.1687,0,SELL
2020-10-30 14:00:00,1.1687,1.16897,1.16756,1.1678,0,SELL
2020-10-30 15:00:00,1.16781,1.16882,1.16421,1.16467,0,SELL
2020-10-30 16:00:00,1.16468,1.16566,1.16444,1.1651,0,SELL
2020-10-30 17:00:00,1.16508,1.16513,1.164,1.16458,0,SELL
2020-10-30 18:00:00,1.16456,1.1648,1.16424,1.16441,0,SELL
2020-10-30 19:00:00,1.16442,1.1651,1.1644,1.16464,0,SELL
2020-10-30 20:00:00,1.16465,1.16488,1.16422,1.1648,0,SELL
2020-11-01 22:00:00,1.16501,1.16506,1.16432,1.16443,0,SELL
2020-11-01 23:00:00,1.1644,1.1646,1.16386,1.16416,0,SELL
2020-11-02 00:00:00,1.16415,1.16466,1.16378,1.16418,0,SELL
2020-11-02 01:00:00,1.16416,1.16488,1.16399,1.16419,0,SELL
2020-11-02 02:00:00,1.1642,1.16472,1.16391,1.16441,0,SELL
2020-11-02 03:00:00,1.16442,1.16443,1.16394,1.16406,0,SELL
2020-11-02 04:00:00,1.16404,1.16406,1.163,1.16312,0,SELL
2020-11-02 05:00:00,1.1631,1.16396,1.1631,1.16374,0,SELL
2020-11-02 06:00:00,1.16373,1.16432,1.16338,1.16432,0,SELL
2020-11-02 07:00:00,1.16431,1.16437,1.1627,1.16302,0,SELL
2020-11-02 08:00:00,1.163,1.16362,1.16222,1.16334,0,SELL
2020-11-02 09:00:00,1.16332,1.16492,1.16321,1.16402,0,SELL
2020-11-02 10:00:00,1.16404,1.1651,1.16382,1.16478,0,SELL
2020-11-02 11:00:00,1.16476,1.16558,1.16446,1.16511,0,SELL
2020-11-02 12:00:00,1.16512,1.16544,1.16427,1.16459,0,SELL
2020-11-02 13:00:00,1.1646,1.16526,1.16362,1.16372,0,SELL
2020-11-02 14:00:00,1.16371,1.16386,1.16294,1.16322,0,SELL
2020-11-02 15:00:00,1.1632,1.16383,1.16252,1.16359,0,SELL
2020-11-02 16:00:00,1.1636,1.16408,1.16283,1.16334,0,SELL
2020-11-02 17:00:00,1.16333,1.16346,1.16238,1.16277,0,SELL
2020-11-02 18:00:00,1.16278,1.16286,1.16227,1.16246,0,SELL
2020-11-02 19:00:00,1.16246,1.16327,1.16238,1.1631,0,SELL
2020-11-02 20:00:00,1.16311,1.1641,1.16304,1.16377,0,SELL
2020-11-02 21:00:00,1.16378,1.16408,1.16368,1.16404,0,SELL
2020-11-02 22:00:00,1.16387,1.1641,1.16236,1.16406,0,SELL
2020-11-02 23:00:00,1.16404,1.16426,1.16396,1.16406,0,SELL
2020-11-03 00:00:00,1.16404,1.16456,1.16372,1.16425,0,SELL
2020-11-03 01:00:00,1.16426,1.16514,1.16411,1.16501,0,SELL
2020-11-03 02:00:00,1.16502,1.16522,1.16478,1.16511,0,SELL
2020-11-03 03:00:00,1.16512,1.16546,1.16473,1.16516,0,SELL
2020-11-03 04:00:00,1.16517,1.16544,1.16492,1.16496,0,SELL
2020-11-03 05:00:00,1.16496,1.16598,1.16492,1.1655,0,SELL
2020-11-03 06:00:00,1.1655,1.16661,1.16533,1.16608,0,SELL
2020-11-03 07:00:00,1.16609,1.1673,1.16583,1.16717,0,SELL
2020-11-03 08:00:00,1.16716,1.16889,1.16666,1.16838,0,SELL
2020-11-03 09:00:00,1.16837,1.16978,1.16786,1.16968,1,BUY
2020-11-03 10:00:00,1.16966,1.16985,1.16918,1.16974,1,BUY
2020-11-03 11:00:00,1.16976,1.17182,1.16957,1.17068,1,BUY
2020-11-03 12:00:00,1.1707,1.17118,1.16986,1.16992,1,BUY
2020-11-03 13:00:00,1.16994,1.17136,1.16994,1.17045,1,BUY
2020-11-03 14:00:00,1.17046,1.17222,1.17024,1.17116,1,BUY
2020-11-03 15:00:00,1.17116,1.17354,1.17116,1.17297,1,BUY
2020-11-03 16:00:00,1.17296,1.17399,1.17212,1.17237,1,BUY
2020-11-03 17:00:00,1.17238,1.17293,1.17082,1.17096,1,BUY
2020-11-03 18:00:00,1.17097,1.17129,1.16996,1.16996,1,BUY
2020-11-03 19:00:00,1.16998,1.17058,1.16988,1.17052,1,BUY
2020-11-03 20:00:00,1.1705,1.17059,1.16956,1.17024,1,BUY
2020-11-03 21:00:00,1.17022,1.17228,1.1701,1.17196,1,BUY
2020-11-03 22:00:00,1.17178,1.17282,1.17172,1.17282,1,BUY
2020-11-03 23:00:00,1.17282,1.17641,1.17258,1.1762,1,BUY
2020-11-04 00:00:00,1.17622,1.17707,1.16886,1.16894,1,BUY
2020-11-04 01:00:00,1.16896,1.17266,1.16738,1.16842,1,BUY
2020-11-04 02:00:00,1.16843,1.1686,1.16027,1.16191,1,BUY
2020-11-04 03:00:00,1.16193,1.16654,1.16156,1.16446,0,SELL
2020-11-04 04:00:00,1.16444,1.16766,1.16312,1.16544,0,SELL
2020-11-04 05:00:00,1.16542,1.16823,1.16486,1.1659,0,SELL
2020-11-04 06:00:00,1.16588,1.1666,1.16361,1.16444,0,SELL
2020-11-04 07:00:00,1.16442,1.16618,1.16284,1.16614,0,SELL
2020-11-04 08:00:00,1.16612,1.16954,1.16541,1.16681,0,SELL
2020-11-04 09:00:00,1.16679,1.16898,1.16631,1.16758,0,SELL
2020-11-04 10:00:00,1.1676,1.16973,1.16722,1.16933,0,SELL
2020-11-04 11:00:00,1.16932,1.171,1.16884,1.17074,0,SELL
2020-11-04 12:00:00,1.17073,1.17457,1.16972,1.1719,1,BUY
2020-11-04 13:00:00,1.1719,1.17284,1.17016,1.17104,1,BUY
2020-11-04 14:00:00,1.17106,1.17166,1.16803,1.17086,1,BUY
2020-11-04 15:00:00,1.17084,1.17198,1.1702,1.17082,1,BUY
2020-11-04 16:00:00,1.1708,1.17342,1.16978,1.17296,1,BUY
2020-11-04 17:00:00,1.17295,1.17296,1.17116,1.17151,1,BUY
2020-11-04 18:00:00,1.1715,1.17218,1.17102,1.17188,1,BUY
2020-11-04 19:00:00,1.1719,1.1726,1.17131,1.17251,1,BUY
2020-11-04 20:00:00,1.1725,1.17286,1.17158,1.17158,1,BUY
2020-11-04 21:00:00,1.17157,1.17268,1.17156,1.17226,1,BUY
2020-11-04 22:00:00,1.17226,1.17304,1.17178,1.1721,1,BUY
2020-11-04 23:00:00,1.17212,1.17376,1.17212,1.17324,1,BUY
2020-11-05 00:00:00,1.17322,1.17396,1.17288,1.17294,1,BUY
2020-11-05 01:00:00,1.17296,1.17322,1.17184,1.17214,1,BUY
2020-11-05 02:00:00,1.17214,1.17344,1.17109,1.17332,1,BUY
2020-11-05 03:00:00,1.17333,1.17398,1.17276,1.17351,1,BUY
2020-11-05 04:00:00,1.17353,1.1742,1.17345,1.1738,1,BUY
2020-11-05 05:00:00,1.17382,1.17444,1.17336,1.17362,1,BUY
2020-11-05 06:00:00,1.17364,1.17428,1.17346,1.17354,1,BUY
2020-11-05 07:00:00,1.17353,1.17488,1.17275,1.17456,1,BUY
2020-11-05 08:00:00,1.17455,1.17702,1.17402,1.1763,1,BUY
2020-11-05 09:00:00,1.17628,1.18026,1.17552,1.17946,1,BUY
2020-11-05 10:00:00,1.17944,1.18114,1.17889,1.18114,1,BUY
2020-11-05 11:00:00,1.18112,1.18148,1.17998,1.18102,1,BUY
2020-11-05 12:00:00,1.181,1.18468,1.18056,1.1845,1,BUY
2020-11-05 13:00:00,1.18452,1.18598,1.18312,1.18392,1,BUY
2020-11-05 14:00:00,1.18391,1.18399,1.18184,1.1828,1,BUY
2020-11-05 15:00:00,1.18281,1.18332,1.18012,1.18249,1,BUY
2020-11-05 16:00:00,1.1825,1.1832,1.1805,1.18083,1,BUY
2020-11-05 17:00:00,1.18082,1.18098,1.17913,1.18033,1,BUY
2020-11-05 18:00:00,1.18035,1.1816,1.17953,1.18112,1,BUY
2020-11-05 19:00:00,1.18114,1.18396,1.18078,1.18386,1,BUY
2020-11-05 20:00:00,1.18385,1.18443,1.18109,1.18262,1,BUY
2020-11-05 21:00:00,1.18261,1.18346,1.1826,1.18284,1,BUY
2020-11-05 22:00:00,1.18254,1.18362,1.18226,1.18226,1,BUY
2020-11-05 23:00:00,1.18229,1.18468,1.18086,1.1817,1,BUY
2020-11-06 00:00:00,1.18172,1.1832,1.18042,1.18048,1,BUY
2020-11-06 01:00:00,1.1805,1.18144,1.17954,1.18121,1,BUY
2020-11-06 02:00:00,1.18122,1.18269,1.18077,1.18244,1,BUY
2020-11-06 03:00:00,1.18242,1.18335,1.18201,1.18241,1,BUY
2020-11-06 04:00:00,1.18242,1.18268,1.18187,1.1819,1,BUY
2020-11-06 05:00:00,1.1819,1.18272,1.18142,1.18146,1,BUY
2020-11-06 06:00:00,1.18145,1.18316,1.18131,1.18294,1,BUY
2020-11-06 07:00:00,1.18295,1.18408,1.18274,1.18404,1,BUY
2020-11-06 08:00:00,1.18405,1.18536,1.1833,1.18433,1,BUY
2020-11-06 09:00:00,1.18432,1.18537,1.18255,1.18532,1,BUY
2020-11-06 10:00:00,1.18531,1.18756,1.18466,1.18658,1,BUY
2020-11-06 11:00:00,1.18659,1.18806,1.18659,1.18776,1,BUY
2020-11-06 12:00:00,1.18776,1.18845,1.1862,1.18751,1,BUY
2020-11-06 13:00:00,1.1875,1.18904,1.18658,1.18892,1,BUY
2020-11-06 14:00:00,1.18893,1.1891,1.18512,1.18613,1,BUY
2020-11-06 15:00:00,1.18614,1.18849,1.1859,1.18724,1,BUY
2020-11-06 16:00:00,1.18726,1.18904,1.18708,1.18853,1,BUY
2020-11-06 17:00:00,1.18854,1.18903,1.18772,1.1881,1,BUY
2020-11-06 18:00:00,1.18811,1.18854,1.18788,1.18826,1,BUY
2020-11-06 19:00:00,1.18825,1.18867,1.18802,1.18817,1,BUY
2020-11-06 20:00:00,1.18818,1.1883,1.18762,1.18788,1,BUY
2020-11-06 21:00:00,1.18788,1.18818,1.18717,1.18737,1,BUY
2020-11-08 22:00:00,1.18906,1.18906,1.18863,1.18884,1,BUY
2020-11-08 23:00:00,1.18882,1.18952,1.18839,1.18926,1,BUY
2020-11-09 00:00:00,1.18928,1.18932,1.18794,1.18859,1,BUY
2020-11-09 01:00:00,1.1886,1.18954,1.18826,1.18881,1,BUY
2020-11-09 02:00:00,1.18879,1.18931,1.1887,1.18906,1,BUY
2020-11-09 03:00:00,1.18905,1.18918,1.18876,1.18914,1,BUY
2020-11-09 04:00:00,1.18915,1.18944,1.18866,1.18869,1,BUY
2020-11-09 05:00:00,1.1887,1.18959,1.188,1.18807,1,BUY
2020-11-09 06:00:00,1.18808,1.18934,1.18808,1.18927,1,BUY
2020-11-09 07:00:00,1.18926,1.18984,1.18812,1.18886,1,BUY
2020-11-09 08:00:00,1.18887,1.18964,1.18648,1.18717,1,BUY
2020-11-09 09:00:00,1.18718,1.18852,1.18666,1.18738,1,BUY
2020-11-09 10:00:00,1.18738,1.18804,1.18701,1.18801,1,BUY
2020-11-09 11:00:00,1.188,1.19002,1.186,1.18865,1,BUY
2020-11-09 12:00:00,1.18866,1.18998,1.18706,1.18941,1,BUY
2020-11-09 13:00:00,1.1894,1.19069,1.18714,1.1893,1,BUY
2020-11-09 14:00:00,1.18928,1.19202,1.18616,1.18626,1,BUY
2020-11-09 15:00:00,1.18624,1.18704,1.18142,1.18282,1,BUY
2020-11-09 16:00:00,1.18284,1.18284,1.17955,1.18098,1,BUY
2020-11-09 17:00:00,1.18096,1.18232,1.18076,1.18188,0,SELL
2020-11-09 18:00:00,1.18187,1.18216,1.1803,1.18162,0,SELL
2020-11-09 19:00:00,1.18164,1.18326,1.18152,1.18324,0,SELL
2020-11-09 20:00:00,1.18324,1.18364,1.18104,1.18121,0,SELL
2020-11-09 21:00:00,1.1812,1.1821,1.18102,1.18136,0,SELL
2020-11-09 22:00:00,1.18147,1.1822,1.18111,1.18171,0,SELL
2020-11-09 23:00:00,1.18174,1.18278,1.18143,1.18243,0,SELL
2020-11-10 00:00:00,1.18242,1.18262,1.18071,1.18147,0,SELL
2020-11-10 01:00:00,1.18146,1.18283,1.1814,1.18242,0,SELL
2020-11-10 02:00:00,1.18244,1.18386,1.18238,1.18257,0,SELL
2020-11-10 03:00:00,1.18258,1.18318,1.18229,1.1831,0,SELL
2020-11-10 04:00:00,1.18308,1.18375,1.18305,1.18354,0,SELL
2020-11-10 05:00:00,1.18356,1.18372,1.1825,1.18337,0,SELL
2020-11-10 06:00:00,1.18336,1.18349,1.18198,1.18298,0,SELL
2020-11-10 07:00:00,1.183,1.1836,1.1814,1.18168,0,SELL
2020-11-10 08:00:00,1.18167,1.18434,1.18164,1.18347,0,SELL
2020-11-10 09:00:00,1.18348,1.18406,1.18003,1.18066,0,SELL
2020-11-10 10:00:00,1.18067,1.18099,1.17798,1.17803,0,SELL
2020-11-10 11:00:00,1.17802,1.18081,1.17796,1.1801,0,SELL
2020-11-10 12:00:00,1.18008,1.182,1.17955,1.18098,0,SELL
2020-11-10 13:00:00,1.18096,1.18148,1.1793,1.18104,0,SELL
2020-11-10 14:00:00,1.18103,1.18269,1.18012,1.18137,0,SELL
2020-11-10 15:00:00,1.18136,1.18344,1.18072,1.18208,0,SELL
2020-11-10 16:00:00,1.18206,1.18234,1.18028,1.18099,0,SELL
2020-11-10 17:00:00,1.18098,1.18225,1.18082,1.18198,0,SELL
2020-11-10 18:00:00,1.18197,1.18238,1.18156,1.18208,0,SELL
2020-11-10 19:00:00,1.1821,1.1826,1.18132,1.18139,0,SELL
2020-11-10 20:00:00,1.18138,1.18156,1.18034,1.18088,0,SELL
2020-11-10 21:00:00,1.18088,1.18188,1.18045,1.18156,0,SELL
2020-11-10 22:00:00,1.18153,1.1821,1.1811,1.18188,0,SELL
2020-11-10 23:00:00,1.1819,1.18206,1.18168,1.18185,0,SELL
2020-11-11 00:00:00,1.18184,1.18263,1.1817,1.18181,0,SELL
2020-11-11 01:00:00,1.1818,1.18284,1.18174,1.18273,0,SELL
2020-11-11 02:00:00,1.18274,1.18286,1.18215,1.1825,0,SELL
2020-11-11 03:00:00,1.18249,1.1833,1.1824,1.18271,0,SELL
2020-11-11 04:00:00,1.18272,1.1829,1.18227,1.18229,0,SELL
2020-11-11 05:00:00,1.18228,1.18264,1.18212,1.1825,0,SELL
2020-11-11 06:00:00,1.1825,1.18269,1.18168,1.1824,0,SELL
2020-11-11 07:00:00,1.18242,1.18283,1.1807,1.18082,0,SELL
2020-11-11 08:00:00,1.18084,1.18102,1.17841,1.17892,0,SELL
2020-11-11 09:00:00,1.17891,1.18002,1.17798,1.1793,0,SELL
2020-11-11 10:00:00,1.17928,1.17972,1.17748,1.1785,0,SELL
2020-11-11 11:00:00,1.17852,1.17922,1.1762,1.17687,0,SELL
2020-11-11 12:00:00,1.17688,1.1773,1.17538,1.17725,0,SELL
2020-11-11 13:00:00,1.17726,1.17744,1.17538,1.17586,0,SELL
2020-11-11 14:00:00,1.17585,1.1764,1.17458,1.17524,0,SELL
2020-11-11 15:00:00,1.17526,1.17595,1.17456,1.17578,0,SELL
2020-11-11 16:00:00,1.1758,1.1768,1.17562,1.1766,0,SELL
2020-11-11 17:00:00,1.17661,1.17744,1.17628,1.1773,0,SELL
2020-11-11 18:00:00,1.17732,1.1778,1.17709,1.17727,0,SELL
2020-11-11 19:00:00,1.17726,1.17753,1.17692,1.17739,0,SELL
2020-11-11 20:00:00,1.17738,1.17814,1.17702,1.17805,0,SELL
2020-11-11 21:00:00,1.17802,1.17824,1.1778,1.17783,0,SELL
2020-11-11 22:00:00,1.17762,1.17795,1.17746,1.17774,0,SELL
2020-11-11 23:00:00,1.1777,1.178,1.17752,1.17796,0,SELL
2020-11-12 00:00:00,1.17794,1.17816,1.17732,1.17794,0,SELL
2020-11-12 01:00:00,1.17794,1.17885,1.1776,1.1782,0,SELL
2020-11-12 02:00:00,1.17819,1.17834,1.17779,1.17806,0,SELL
2020-11-12 03:00:00,1.17807,1.17814,1.17725,1.17735,0,SELL
2020-11-12 04:00:00,1.17736,1.17764,1.17694,1.17702,0,SELL
2020-11-12 05:00:00,1.17702,1.17742,1.17678,1.17738,0,SELL
2020-11-12 06:00:00,1.17738,1.17744,1.17587,1.17654,0,SELL
2020-11-12 07:00:00,1.17654,1.17753,1.17629,1.177,0,SELL
2020-11-12 08:00:00,1.17701,1.17925,1.177,1.17892,0,SELL
2020-11-12 09:00:00,1.17891,1.18122,1.17838,1.18092,0,SELL
2020-11-12 10:00:00,1.18092,1.18204,1.18088,1.18104,0,SELL
2020-11-12 11:00:00,1.18102,1.18232,1.18082,1.18104,0,SELL
2020-11-12 12:00:00,1.18102,1.1813,1.17916,1.17982,1,BUY
2020-11-12 13:00:00,1.17984,1.18127,1.179,1.18095,1,BUY
2020-11-12 14:00:00,1.18096,1.18135,1.17873,1.17966,1,BUY
2020-11-12 15:00:00,1.17968,1.1816,1.17926,1.18106,1,BUY
2020-11-12 16:00:00,1.18105,1.18176,1.18094,1.18143,1,BUY
2020-11-12 17:00:00,1.18142,1.1815,1.17988,1.18001,1,BUY
2020-11-12 18:00:00,1.18,1.18106,1.17962,1.18103,1,BUY
2020-11-12 19:00:00,1.18102,1.18115,1.18012,1.18062,1,BUY
2020-11-12 20:00:00,1.1806,1.18076,1.17991,1.18072,1,BUY
2020-11-12 21:00:00,1.1807,1.18093,1.18039,1.1805,1,BUY
2020-11-12 22:00:00,1.1805,1.18077,1.18026,1.18068,0,SELL
2020-11-12 23:00:00,1.18071,1.18078,1.18029,1.18041,0,SELL
2020-11-13 00:00:00,1.18042,1.18137,1.18038,1.18073,0,SELL
2020-11-13 01:00:00,1.18072,1.18135,1.18067,1.18086,0,SELL
2020-11-13 02:00:00,1.18084,1.18084,1.1801,1.18046,0,SELL
2020-11-13 03:00:00,1.18047,1.18068,1.18007,1.1802,0,SELL
2020-11-13 04:00:00,1.18018,1.18056,1.1799,1.1804,0,SELL
2020-11-13 05:00:00,1.18038,1.181,1.18034,1.18064,0,SELL
2020-11-13 06:00:00,1.18065,1.18092,1.18033,1.18071,0,SELL
2020-11-13 07:00:00,1.18072,1.1818,1.18008,1.18156,0,SELL
2020-11-13 08:00:00,1.18156,1.18229,1.18088,1.1814,1,BUY
2020-11-13 09:00:00,1.18141,1.18272,1.1807,1.1827,1,BUY
2020-11-13 10:00:00,1.18272,1.18345,1.1821,1.18264,1,BUY
2020-11-13 11:00:00,1.18262,1.18306,1.18151,1.18178,1,BUY
2020-11-13 12:00:00,1.18179,1.18194,1.18118,1.18163,1,BUY
2020-11-13 13:00:00,1.18164,1.18264,1.18082,1.18206,1,BUY
2020-11-13 14:00:00,1.18208,1.18259,1.18134,1.18167,1,BUY
2020-11-13 15:00:00,1.18168,1.18318,1.18147,1.18202,1,BUY
2020-11-13 16:00:00,1.18201,1.18293,1.18178,1.18236,1,BUY
2020-11-13 17:00:00,1.18238,1.18315,1.18227,1.18264,1,BUY
2020-11-13 18:00:00,1.18266,1.18332,1.18242,1.1825,1,BUY
2020-11-13 19:00:00,1.18251,1.18351,1.18242,1.18329,1,BUY
2020-11-13 20:00:00,1.18328,1.18354,1.18306,1.18328,1,BUY
2020-11-13 21:00:00,1.18326,1.18375,1.18321,1.18348,1,BUY
2020-11-15 22:00:00,1.18421,1.18422,1.18292,1.18376,1,BUY
2020-11-15 23:00:00,1.18374,1.1849,1.18374,1.18448,1,BUY
2020-11-16 00:00:00,1.18447,1.18453,1.18374,1.18398,1,BUY
2020-11-16 01:00:00,1.18397,1.1849,1.18384,1.18482,1,BUY
2020-11-16 02:00:00,1.18482,1.18504,1.18454,1.185,1,BUY
2020-11-16 03:00:00,1.185,1.18543,1.18495,1.18524,1,BUY
2020-11-16 04:00:00,1.18522,1.18548,1.1851,1.18518,1,BUY
2020-11-16 05:00:00,1.18519,1.1853,1.1847,1.18472,1,BUY
2020-11-16 06:00:00,1.1847,1.18518,1.18464,1.18518,1,BUY
2020-11-16 07:00:00,1.18516,1.1857,1.18442,1.18561,1,BUY
2020-11-16 08:00:00,1.1856,1.1869,1.18536,1.18593,1,BUY
2020-11-16 09:00:00,1.18592,1.18607,1.18405,1.1845,1,BUY
2020-11-16 10:00:00,1.18451,1.18477,1.18352,1.18442,1,BUY
2020-11-16 11:00:00,1.1844,1.18492,1.18258,1.18295,1,BUY
2020-11-16 12:00:00,1.18296,1.18493,1.18252,1.18336,1,BUY
2020-11-16 13:00:00,1.18337,1.18348,1.18143,1.18212,1,BUY
2020-11-16 14:00:00,1.18214,1.18351,1.18188,1.18269,0,SELL
2020-11-16 15:00:00,1.1827,1.1842,1.18206,1.18351,0,SELL
2020-11-16 16:00:00,1.18352,1.18456,1.18348,1.18438,0,SELL
2020-11-16 17:00:00,1.18439,1.18442,1.18386,1.1842,0,SELL
2020-11-16 18:00:00,1.18419,1.18466,1.18368,1.18399,1,BUY
2020-11-16 19:00:00,1.18398,1.18465,1.18382,1.18426,1,BUY
2020-11-16 20:00:00,1.18428,1.18526,1.18423,1.18524,1,BUY
2020-11-16 21:00:00,1.18523,1.1857,1.1849,1.18531,1,BUY
2020-11-16 22:00:00,1.18522,1.18566,1.18515,1.18559,1,BUY
2020-11-16 23:00:00,1.1856,1.18608,1.18551,1.18594,1,BUY
2020-11-17 00:00:00,1.18593,1.18646,1.18587,1.18644,1,BUY
2020-11-17 01:00:00,1.18642,1.18666,1.18598,1.186,1,BUY
2020-11-17 02:00:00,1.18598,1.1867,1.18592,1.18626,1,BUY
2020-11-17 03:00:00,1.18626,1.18628,1.1859,1.18603,1,BUY
2020-11-17 04:00:00,1.18601,1.18608,1.18576,1.1859,1,BUY
2020-11-17 05:00:00,1.18591,1.18594,1.18542,1.18564,1,BUY
2020-11-17 06:00:00,1.18564,1.18584,1.18513,1.1856,1,BUY
2020-11-17 07:00:00,1.18558,1.186,1.1846,1.18461,1,BUY
2020-11-17 08:00:00,1.18462,1.18758,1.18426,1.18742,1,BUY
2020-11-17 09:00:00,1.1874,1.18751,1.18648,1.1868,1,BUY
2020-11-17 10:00:00,1.18678,1.18772,1.18653,1.1875,1,BUY
2020-11-17 11:00:00,1.18748,1.18858,1.18746,1.18774,1,BUY
2020-11-17 12:00:00,1.18776,1.18813,1.18667,1.18807,1,BUY
2020-11-17 13:00:00,1.18808,1.18938,1.18724,1.18859,1,BUY
2020-11-17 14:00:00,1.1886,1.1886,1.18666,1.18716,1,BUY
2020-11-17 15:00:00,1.18716,1.18766,1.18578,1.1876,1,BUY
2020-11-17 16:00:00,1.18762,1.18776,1.18606,1.18614,1,BUY
2020-11-17 17:00:00,1.18612,1.18658,1.18573,1.18632,1,BUY
2020-11-17 18:00:00,1.1863,1.18686,1.18625,1.18676,1,BUY
2020-11-17 19:00:00,1.18675,1.18696,1.18634,1.18642,1,BUY
2020-11-17 20:00:00,1.18644,1.18661,1.18614,1.18654,1,BUY
2020-11-17 21:00:00,1.18652,1.18664,1.18606,1.1861,1,BUY
2020-11-17 22:00:00,1.1861,1.18652,1.1861,1.18632,1,BUY
2020-11-17 23:00:00,1.1863,1.18642,1.18606,1.18637,1,BUY
2020-11-18 00:00:00,1.18636,1.1866,1.18555,1.1859,1,BUY
2020-11-18 01:00:00,1.18588,1.18594,1.18504,1.18547,1,BUY
2020-11-18 02:00:00,1.18548,1.18602,1.18536,1.1859,1,BUY
2020-11-18 03:00:00,1.18588,1.18622,1.18576,1.18622,1,BUY
2020-11-18 04:00:00,1.18622,1.18698,1.18607,1.18682,1,BUY
2020-11-18 05:00:00,1.18684,1.18772,1.18672,1.18735,1,BUY
2020-11-18 06:00:00,1.18735,1.18786,1.18692,1.1877,1,BUY
2020-11-18 07:00:00,1.18768,1.18863,1.18758,1.18823,1,BUY
2020-11-18 08:00:00,1.18824,1.18912,1.18758,1.18783,1,BUY
2020-11-18 09:00:00,1.18782,1.18893,1.18762,1.18882,1,BUY
2020-11-18 10:00:00,1.18882,1.18883,1.18722,1.18772,1,BUY
2020-11-18 11:00:00,1.1877,1.18788,1.18696,1.18724,1,BUY
2020-11-18 12:00:00,1.18723,1.18726,1.18612,1.18672,1,BUY
2020-11-18 13:00:00,1.18674,1.18698,1.18515,1.18594,1,BUY
2020-11-18 14:00:00,1.18596,1.1873,1.18542,1.18658,1,BUY
2020-11-18 15:00:00,1.1866,1.18768,1.18638,1.1875,1,BUY
2020-11-18 16:00:00,1.18752,1.18766,1.18626,1.18689,1,BUY
2020-11-18 17:00:00,1.1869,1.1872,1.18642,1.18696,1,BUY
2020-11-18 18:00:00,1.18695,1.18702,1.18644,1.18652,1,BUY
2020-11-18 19:00:00,1.18652,1.1868,1.18582,1.18638,1,BUY
2020-11-18 20:00:00,1.18639,1.18672,1.18528,1.18528,0,SELL
2020-11-18 21:00:00,1.18528,1.18564,1.18492,1.18542,0,SELL
2020-11-18 22:00:00,1.18558,1.18576,1.18517,1.18517,0,SELL
2020-11-18 23:00:00,1.18516,1.18537,1.18449,1.18452,0,SELL
2020-11-19 00:00:00,1.1845,1.1845,1.1832,1.18372,0,SELL
2020-11-19 01:00:00,1.18374,1.18436,1.18336,1.1843,0,SELL
2020-11-19 02:00:00,1.18428,1.18513,1.18428,1.18457,0,SELL
2020-11-19 03:00:00,1.18455,1.18486,1.18409,1.18422,0,SELL
2020-11-19 04:00:00,1.18422,1.1848,1.18413,1.18472,0,SELL
2020-11-19 05:00:00,1.18473,1.18522,1.18428,1.18504,0,SELL
2020-11-19 06:00:00,1.18504,1.18522,1.18454,1.18509,0,SELL
2020-11-19 07:00:00,1.18508,1.18523,1.18425,1.18444,0,SELL
2020-11-19 08:00:00,1.18446,1.185,1.18218,1.18268,0,SELL
2020-11-19 09:00:00,1.18269,1.18358,1.18227,1.18297,0,SELL
2020-11-19 10:00:00,1.18296,1.18324,1.18163,1.18274,0,SELL
2020-11-19 11:00:00,1.18272,1.18385,1.18231,1.18381,0,SELL
2020-11-19 12:00:00,1.1838,1.18415,1.18322,1.1836,0,SELL
2020-11-19 13:00:00,1.18361,1.18366,1.18274,1.18303,0,SELL
2020-11-19 14:00:00,1.18304,1.18332,1.18185,1.18312,0,SELL
2020-11-19 15:00:00,1.18312,1.18456,1.18284,1.18398,0,SELL
2020-11-19 16:00:00,1.18397,1.18447,1.18346,1.18423,0,SELL
2020-11-19 17:00:00,1.18422,1.18508,1.18408,1.18464,0,SELL
2020-11-19 18:00:00,1.18466,1.18543,1.18463,1.1854,0,SELL
2020-11-19 19:00:00,1.18539,1.1876,1.18532,1.18758,0,SELL
2020-11-19 20:00:00,1.18756,1.18803,1.1874,1.18788,1,BUY
2020-11-19 21:00:00,1.18789,1.18826,1.18729,1.1874,1,BUY
2020-11-19 22:00:00,1.1874,1.18763,1.18686,1.18707,1,BUY
2020-11-19 23:00:00,1.18711,1.18722,1.18652,1.18655,1,BUY
2020-11-20 00:00:00,1.18656,1.1875,1.18656,1.18748,1,BUY
2020-11-20 01:00:00,1.1875,1.18782,1.1874,1.18767,1,BUY
2020-11-20 02:00:00,1.18768,1.18768,1.18706,1.18731,1,BUY
2020-11-20 03:00:00,1.18732,1.18789,1.18726,1.18757,1,BUY
2020-11-20 04:00:00,1.18758,1.18862,1.18747,1.18847,1,BUY
2020-11-20 05:00:00,1.18848,1.18908,1.18812,1.18843,1,BUY
2020-11-20 06:00:00,1.18841,1.1889,1.18808,1.18837,1,BUY
2020-11-20 07:00:00,1.18836,1.18862,1.18662,1.18698,1,BUY
2020-11-20 08:00:00,1.18697,1.18742,1.18658,1.18732,1,BUY
2020-11-20 09:00:00,1.1873,1.18732,1.18562,1.18592,1,BUY
2020-11-20 10:00:00,1.1859,1.186,1.18513,1.18545,1,BUY
2020-11-20 11:00:00,1.18543,1.18751,1.18526,1.1874,0,SELL
2020-11-20 12:00:00,1.1874,1.18783,1.18678,1.18718,0,SELL
2020-11-20 13:00:00,1.1872,1.1872,1.18566,1.18678,0,SELL
2020-11-20 14:00:00,1.18678,1.18759,1.18669,1.18692,0,SELL
2020-11-20 15:00:00,1.18691,1.18738,1.18502,1.18544,0,SELL
2020-11-20 16:00:00,1.18544,1.18632,1.18532,1.18565,0,SELL
2020-11-20 17:00:00,1.18564,1.18579,1.18506,1.18542,0,SELL
2020-11-20 18:00:00,1.18541,1.18596,1.18498,1.18577,0,SELL
2020-11-20 19:00:00,1.18576,1.18588,1.18548,1.18584,0,SELL
2020-11-20 20:00:00,1.18585,1.18616,1.1857,1.18583,0,SELL
2020-11-20 21:00:00,1.18581,1.18636,1.18554,1.18564,0,SELL
2020-11-22 22:00:00,1.18558,1.18588,1.18538,1.18588,0,SELL
2020-11-22 23:00:00,1.18592,1.1866,1.18572,1.18656,0,SELL
2020-11-23 00:00:00,1.18658,1.18736,1.18638,1.1872,0,SELL
2020-11-23 01:00:00,1.18719,1.18782,1.18716,1.18766,1,BUY
2020-11-23 02:00:00,1.18766,1.18766,1.1872,1.18746,1,BUY
2020-11-23 03:00:00,1.18746,1.1876,1.18723,1.18725,1,BUY
2020-11-23 04:00:00,1.18724,1.18732,1.18714,1.18732,1,BUY
2020-11-23 05:00:00,1.18732,1.18772,1.1872,1.18768,1,BUY
2020-11-23 06:00:00,1.18768,1.18788,1.18723,1.1875,1,BUY
2020-11-23 07:00:00,1.18749,1.1879,1.18672,1.1868,1,BUY
2020-11-23 08:00:00,1.18682,1.1876,1.1863,1.1873,1,BUY
2020-11-23 09:00:00,1.1873,1.18829,1.187,1.18778,1,BUY
2020-11-23 10:00:00,1.18777,1.18986,1.18756,1.18954,1,BUY
2020-11-23 11:00:00,1.18954,1.19058,1.1892,1.1904,1,BUY
2020-11-23 12:00:00,1.19038,1.19062,1.1898,1.19024,1,BUY
2020-11-23 13:00:00,1.19024,1.19046,1.18901,1.18995,1,BUY
2020-11-23 14:00:00,1.18996,1.19006,1.18649,1.18688,1,BUY
2020-11-23 15:00:00,1.18687,1.18687,1.18126,1.18163,1,BUY
2020-11-23 16:00:00,1.18164,1.18272,1.18002,1.18259,0,SELL
2020-11-23 17:00:00,1.18258,1.18426,1.18248,1.18414,0,SELL
2020-11-23 18:00:00,1.18414,1.1845,1.18394,1.18424,0,SELL
2020-11-23 19:00:00,1.18422,1.1846,1.18349,1.18419,0,SELL
2020-11-23 20:00:00,1.18418,1.1848,1.1837,1.18381,0,SELL
2020-11-23 21:00:00,1.18383,1.18426,1.1837,1.18412,0,SELL
2020-11-23 22:00:00,1.18412,1.18412,1.18369,1.18398,0,SELL
2020-11-23 23:00:00,1.18394,1.18476,1.18388,1.18424,0,SELL
2020-11-24 00:00:00,1.18426,1.18439,1.18384,1.18387,0,SELL
2020-11-24 01:00:00,1.18388,1.18475,1.18388,1.1842,0,SELL
2020-11-24 02:00:00,1.18421,1.1848,1.18416,1.18464,0,SELL
2020-11-24 03:00:00,1.18463,1.18476,1.1842,1.18449,0,SELL
2020-11-24 04:00:00,1.18451,1.18553,1.18437,1.18541,0,SELL
2020-11-24 05:00:00,1.1854,1.18542,1.18492,1.1852,0,SELL
2020-11-24 06:00:00,1.18522,1.18571,1.18502,1.18521,0,SELL
2020-11-24 07:00:00,1.18523,1.18561,1.1846,1.1848,0,SELL
2020-11-24 08:00:00,1.18481,1.1879,1.18481,1.18734,0,SELL
2020-11-24 09:00:00,1.18732,1.18905,1.18704,1.18836,1,BUY
2020-11-24 10:00:00,1.18838,1.18942,1.1879,1.18806,1,BUY
2020-11-24 11:00:00,1.18808,1.18849,1.1866,1.18671,1,BUY
2020-11-24 12:00:00,1.18672,1.18761,1.18612,1.18682,1,BUY
2020-11-24 13:00:00,1.18683,1.18757,1.18504,1.18543,1,BUY
2020-11-24 14:00:00,1.18544,1.18674,1.18414,1.18644,1,BUY
2020-11-24 15:00:00,1.18642,1.18824,1.18559,1.18736,1,BUY
2020-11-24 16:00:00,1.18738,1.18865,1.18693,1.1874,1,BUY
2020-11-24 17:00:00,1.18742,1.1875,1.18652,1.18727,1,BUY
2020-11-24 18:00:00,1.18728,1.18817,1.18678,1.18814,1,BUY
2020-11-24 19:00:00,1.18814,1.18848,1.18754,1.18833,1,BUY
2020-11-24 20:00:00,1.18832,1.18942,1.18824,1.18924,1,BUY
2020-11-24 21:00:00,1.18922,1.1896,1.1888,1.18924,1,BUY
2020-11-24 22:00:00,1.18912,1.18959,1.18911,1.18922,1,BUY
2020-11-24 23:00:00,1.18924,1.1898,1.18898,1.18977,1,BUY
2020-11-25 00:00:00,1.18976,1.19018,1.18947,1.18967,1,BUY
2020-11-25 01:00:00,1.18966,1.19063,1.18965,1.18982,1,BUY
2020-11-25 02:00:00,1.18981,1.19056,1.18956,1.19047,1,BUY
2020-11-25 03:00:00,1.19048,1.19092,1.19028,1.19066,1,BUY
2020-11-25 04:00:00,1.19068,1.19102,1.19042,1.19044,1,BUY
2020-11-25 05:00:00,1.19044,1.19077,1.18962,1.1898,1,BUY
2020-11-25 06:00:00,1.1898,1.19018,1.18912,1.18978,1,BUY
2020-11-25 07:00:00,1.18978,1.19146,1.18942,1.19069,1,BUY
2020-11-25 08:00:00,1.19068,1.19298,1.1901,1.191,1,BUY
2020-11-25 09:00:00,1.19099,1.19102,1.18918,1.19048,1,BUY
2020-11-25 10:00:00,1.19046,1.19048,1.18928,1.18946,1,BUY
2020-11-25 11:00:00,1.18945,1.18998,1.18819,1.18824,1,BUY
2020-11-25 12:00:00,1.18822,1.18966,1.1882,1.18957,1,BUY
2020-11-25 13:00:00,1.18959,1.19154,1.18892,1.19044,1,BUY
2020-11-25 14:00:00,1.19046,1.19157,1.18916,1.19075,1,BUY
2020-11-25 15:00:00,1.19074,1.19264,1.1895,1.1902,1,BUY
2020-11-25 16:00:00,1.19018,1.1911,1.18985,1.19074,1,BUY
2020-11-25 17:00:00,1.19076,1.19221,1.1906,1.19157,1,BUY
2020-11-25 18:00:00,1.19158,1.19208,1.1914,1.19162,1,BUY
2020-11-25 19:00:00,1.19164,1.19225,1.19078,1.19155,1,BUY
2020-11-25 20:00:00,1.19153,1.19247,1.19134,1.19236,1,BUY
2020-11-25 21:00:00,1.19238,1.19241,1.19114,1.19136,1,BUY
2020-11-25 22:00:00,1.19169,1.19169,1.1914,1.19152,1,BUY
2020-11-25 23:00:00,1.19155,1.19183,1.19149,1.19165,1,BUY
2020-11-26 00:00:00,1.19166,1.19262,1.19165,1.19224,1,BUY
2020-11-26 01:00:00,1.19222,1.19294,1.19222,1.19267,1,BUY
2020-11-26 02:00:00,1.19268,1.19278,1.19214,1.19274,1,BUY
2020-11-26 03:00:00,1.19276,1.19286,1.19227,1.19235,1,BUY
2020-11-26 04:00:00,1.19236,1.19276,1.19224,1.19244,1,BUY
2020-11-26 05:00:00,1.19245,1.19282,1.19202,1.19262,1,BUY
2020-11-26 06:00:00,1.19262,1.19388,1.19261,1.19349,1,BUY
2020-11-26 07:00:00,1.19351,1.1941,1.19259,1.19262,1,BUY
2020-11-26 08:00:00,1.19262,1.19344,1.19148,1.19156,1,BUY
2020-11-26 09:00:00,1.19154,1.19247,1.1902,1.19036,1,BUY
2020-11-26 10:00:00,1.19037,1.19148,1.19016,1.19078,1,BUY
2020-11-26 11:00:00,1.19076,1.19122,1.19016,1.1903,1,BUY
2020-11-26 12:00:00,1.19028,1.19052,1.18854,1.1896,0,SELL
2020-11-26 13:00:00,1.18961,1.19028,1.18949,1.18981,0,SELL
2020-11-26 14:00:00,1.18982,1.19035,1.18932,1.19008,0,SELL
2020-11-26 15:00:00,1.19007,1.19067,1.18958,1.1901,0,SELL
2020-11-26 16:00:00,1.1901,1.191,1.1901,1.19092,0,SELL
2020-11-26 17:00:00,1.1909,1.19148,1.19054,1.19132,0,SELL
2020-11-26 18:00:00,1.19131,1.19145,1.19096,1.19137,0,SELL
2020-11-26 19:00:00,1.19138,1.19186,1.19132,1.19148,1,BUY
2020-11-26 20:00:00,1.1915,1.19154,1.19126,1.19126,1,BUY
2020-11-26 21:00:00,1.19124,1.19145,1.19108,1.19136,1,BUY
2020-11-26 22:00:00,1.1913,1.19138,1.19076,1.19101,1,BUY
2020-11-26 23:00:00,1.19104,1.1913,1.19096,1.19108,1,BUY
2020-11-27 00:00:00,1.1911,1.19146,1.19094,1.19139,1,BUY
2020-11-27 01:00:00,1.19137,1.19152,1.19114,1.19137,1,BUY
2020-11-27 02:00:00,1.19136,1.1915,1.19102,1.1915,1,BUY
2020-11-27 03:00:00,1.19148,1.19242,1.19142,1.19236,1,BUY
2020-11-27 04:00:00,1.19238,1.1925,1.19226,1.19244,1,BUY
2020-11-27 05:00:00,1.19244,1.19288,1.19229,1.19268,1,BUY
2020-11-27 06:00:00,1.19267,1.1929,1.19241,1.19248,1,BUY
2020-11-27 07:00:00,1.19248,1.19301,1.19192,1.19277,1,BUY
2020-11-27 08:00:00,1.19276,1.19328,1.19208,1.19312,1,BUY
2020-11-27 09:00:00,1.19311,1.19318,1.19148,1.1923,1,BUY
2020-11-27 10:00:00,1.19229,1.19258,1.19162,1.19232,1,BUY
2020-11-27 11:00:00,1.1923,1.19273,1.19198,1.19228,1,BUY
2020-11-27 12:00:00,1.19226,1.19259,1.19141,1.19248,1,BUY
2020-11-27 13:00:00,1.1925,1.19392,1.19204,1.19368,1,BUY
2020-11-27 14:00:00,1.19369,1.19461,1.19314,1.19434,1,BUY
2020-11-27 15:00:00,1.19433,1.19513,1.19345,1.19444,1,BUY
2020-11-27 16:00:00,1.19446,1.19618,1.19434,1.19538,1,BUY
2020-11-27 17:00:00,1.1954,1.1957,1.19504,1.19567,1,BUY
2020-11-27 18:00:00,1.19568,1.19572,1.195,1.19562,1,BUY
2020-11-27 19:00:00,1.1956,1.1963,1.19554,1.19577,1,BUY
2020-11-27 20:00:00,1.19579,1.19617,1.19564,1.19604,1,BUY
2020-11-27 21:00:00,1.19602,1.19644,1.19587,1.19634,1,BUY
2020-11-29 22:00:00,1.19618,1.19686,1.19618,1.19664,1,BUY
2020-11-29 23:00:00,1.19667,1.1974,1.19636,1.1972,1,BUY
2020-11-30 00:00:00,1.19722,1.19724,1.1964,1.19707,1,BUY
2020-11-30 01:00:00,1.19708,1.19744,1.19688,1.1974,1,BUY
2020-11-30 02:00:00,1.19739,1.1974,1.19657,1.19688,1,BUY
2020-11-30 03:00:00,1.19688,1.19738,1.19672,1.19684,1,BUY
2020-11-30 04:00:00,1.19682,1.19706,1.19652,1.19682,1,BUY
2020-11-30 05:00:00,1.19684,1.1975,1.19683,1.19722,1,BUY
2020-11-30 06:00:00,1.19722,1.19767,1.1963,1.19632,1,BUY
2020-11-30 07:00:00,1.19631,1.19743,1.19622,1.19738,1,BUY
2020-11-30 08:00:00,1.1974,1.19838,1.19678,1.19782,1,BUY
2020-11-30 09:00:00,1.19783,1.19854,1.19706,1.19846,1,BUY
2020-11-30 10:00:00,1.19845,1.19854,1.198,1.19848,1,BUY
2020-11-30 11:00:00,1.19847,1.19905,1.19836,1.19878,1,BUY
2020-11-30 12:00:00,1.1988,1.19924,1.19731,1.19764,1,BUY
2020-11-30 13:00:00,1.19766,1.199,1.19732,1.19864,1,BUY
2020-11-30 14:00:00,1.19866,1.19993,1.19808,1.19948,1,BUY
2020-11-30 15:00:00,1.19949,1.20033,1.19552,1.19637,1,BUY
2020-11-30 16:00:00,1.19636,1.19654,1.19428,1.19477,1,BUY
2020-11-30 17:00:00,1.19476,1.19549,1.19419,1.19544,1,BUY
2020-11-30 18:00:00,1.19545,1.19598,1.19504,1.1952,1,BUY
2020-11-30 19:00:00,1.19518,1.19524,1.19424,1.19473,0,SELL
2020-11-30 20:00:00,1.19472,1.19474,1.19272,1.19276,0,SELL
2020-11-30 21:00:00,1.19278,1.19308,1.19232,1.19249,0,SELL
2020-11-30 22:00:00,1.19271,1.19356,1.19269,1.19305,0,SELL
2020-11-30 23:00:00,1.19302,1.19389,1.19295,1.19375,0,SELL
2020-12-01 00:00:00,1.19377,1.19458,1.19354,1.19434,0,SELL
2020-12-01 01:00:00,1.19435,1.19496,1.19408,1.19494,0,SELL
2020-12-01 02:00:00,1.19495,1.19578,1.19481,1.19561,0,SELL
2020-12-01 03:00:00,1.19562,1.19597,1.19562,1.19577,0,SELL
2020-12-01 04:00:00,1.19576,1.196,1.1956,1.19576,1,BUY
2020-12-01 05:00:00,1.19577,1.19596,1.19552,1.1957,1,BUY
2020-12-01 06:00:00,1.19572,1.19592,1.19548,1.19574,1,BUY
2020-12-01 07:00:00,1.19575,1.19731,1.19541,1.19687,1,BUY
2020-12-01 08:00:00,1.19686,1.19857,1.19632,1.19801,1,BUY
2020-12-01 09:00:00,1.198,1.19827,1.19718,1.19806,1,BUY
2020-12-01 10:00:00,1.19805,1.19819,1.19658,1.19687,1,BUY
2020-12-01 11:00:00,1.19686,1.1971,1.19602,1.19702,1,BUY
2020-12-01 12:00:00,1.197,1.19728,1.19643,1.19672,1,BUY
2020-12-01 13:00:00,1.19674,1.1994,1.19656,1.19924,1,BUY
2020-12-01 14:00:00,1.19923,1.20006,1.19752,1.19948,1,BUY
2020-12-01 15:00:00,1.19946,1.20421,1.1984,1.20314,1,BUY
2020-12-01 16:00:00,1.20315,1.20547,1.20314,1.20378,1,BUY
2020-12-01 17:00:00,1.2038,1.2052,1.20375,1.20452,1,BUY
2020-12-01 18:00:00,1.20454,1.20524,1.20431,1.20436,1,BUY
2020-12-01 19:00:00,1.20434,1.2051,1.20427,1.2048,1,BUY
2020-12-01 20:00:00,1.20478,1.20752,1.20478,1.2072,1,BUY
2020-12-01 21:00:00,1.20718,1.20766,1.20672,1.20722,1,BUY
2020-12-01 22:00:00,1.20705,1.20743,1.20686,1.20728,1,BUY
2020-12-01 23:00:00,1.2073,1.20732,1.20686,1.20708,1,BUY
2020-12-02 00:00:00,1.20709,1.20724,1.20654,1.20667,1,BUY
2020-12-02 01:00:00,1.20668,1.207,1.20607,1.20685,1,BUY
2020-12-02 02:00:00,1.20684,1.20797,1.20682,1.20736,1,BUY
2020-12-02 03:00:00,1.20734,1.20835,1.20726,1.20824,1,BUY
2020-12-02 04:00:00,1.20823,1.20832,1.20748,1.20752,1,BUY
2020-12-02 05:00:00,1.2075,1.20756,1.20666,1.20684,1,BUY
2020-12-02 06:00:00,1.20682,1.20773,1.2064,1.2065,1,BUY
2020-12-02 07:00:00,1.2065,1.20876,1.20648,1.2069,1,BUY
2020-12-02 08:00:00,1.20689,1.20764,1.20466,1.20482,1,BUY
2020-12-02 09:00:00,1.20484,1.20648,1.20455,1.20536,1,BUY
2020-12-02 10:00:00,1.20534,1.2062,1.20463,1.20494,1,BUY
2020-12-02 11:00:00,1.20493,1.20534,1.20422,1.20518,1,BUY
2020-12-02 12:00:00,1.20519,1.20628,1.204,1.20597,1,BUY
2020-12-02 13:00:00,1.20596,1.20786,1.2058,1.20662,1,BUY
2020-12-02 14:00:00,1.20664,1.2083,1.20602,1.20826,1,BUY
2020-12-02 15:00:00,1.20824,1.21084,1.20752,1.20782,1,BUY
2020-12-02 16:00:00,1.20781,1.20958,1.20756,1.20929,1,BUY
2020-12-02 17:00:00,1.2093,1.20992,1.20881,1.20934,1,BUY
2020-12-02 18:00:00,1.20934,1.20984,1.20922,1.20933,1,BUY
2020-12-02 19:00:00,1.20932,1.21028,1.209,1.20998,1,BUY
2020-12-02 20:00:00,1.20999,1.21046,1.20958,1.21018,1,BUY
2020-12-02 21:00:00,1.2102,1.21186,1.21019,1.21161,1,BUY
2020-12-02 22:00:00,1.21144,1.21167,1.21124,1.21128,1,BUY
2020-12-02 23:00:00,1.21127,1.21156,1.21088,1.2114,1,BUY
2020-12-03 00:00:00,1.21142,1.21144,1.21041,1.21058,1,BUY
2020-12-03 01:00:00,1.21058,1.2115,1.21042,1.21132,1,BUY
2020-12-03 02:00:00,1.21134,1.21208,1.2112,1.21202,1,BUY
2020-12-03 03:00:00,1.21203,1.21252,1.21192,1.21238,1,BUY
2020-12-03 04:00:00,1.2124,1.21245,1.21162,1.21174,1,BUY
2020-12-03 05:00:00,1.21176,1.21228,1.21166,1.21196,1,BUY
2020-12-03 06:00:00,1.21196,1.21216,1.21134,1.2118,1,BUY
2020-12-03 07:00:00,1.21182,1.21258,1.21158,1.21229,1,BUY
2020-12-03 08:00:00,1.2123,1.21394,1.21146,1.21216,1,BUY
2020-12-03 09:00:00,1.21217,1.21219,1.2101,1.21114,1,BUY
2020-12-03 10:00:00,1.21112,1.21189,1.2104,1.21157,1,BUY
2020-12-03 11:00:00,1.21156,1.21299,1.21114,1.2129,1,BUY
2020-12-03 12:00:00,1.21292,1.21613,1.21186,1.21556,1,BUY
2020-12-03 13:00:00,1.21557,1.21566,1.21444,1.2151,1,BUY
2020-12-03 14:00:00,1.21512,1.21685,1.21446,1.21602,1,BUY
2020-12-03 15:00:00,1.21604,1.21746,1.2157,1.21613,1,BUY
2020-12-03 16:00:00,1.21612,1.21634,1.21464,1.21512,1,BUY
2020-12-03 17:00:00,1.21513,1.21517,1.21379,1.21463,1,BUY
2020-12-03 18:00:00,1.21462,1.21477,1.21328,1.21396,1,BUY
2020-12-03 19:00:00,1.21395,1.2144,1.2138,1.21426,1,BUY
2020-12-03 20:00:00,1.21428,1.21485,1.21334,1.21456,1,BUY
2020-12-03 21:00:00,1.21457,1.21494,1.21426,1.21482,1,BUY
2020-12-03 22:00:00,1.21461,1.21474,1.21418,1.21444,1,BUY
2020-12-03 23:00:00,1.2144,1.21498,1.21432,1.21452,1,BUY
2020-12-04 00:00:00,1.21451,1.2154,1.2141,1.21498,1,BUY
2020-12-04 01:00:00,1.21499,1.2153,1.21414,1.21438,1,BUY
2020-12-04 02:00:00,1.2144,1.21454,1.2139,1.21447,1,BUY
2020-12-04 03:00:00,1.21448,1.21478,1.21418,1.21455,1,BUY
2020-12-04 04:00:00,1.21454,1.21473,1.21413,1.21421,1,BUY
2020-12-04 05:00:00,1.21422,1.21514,1.2141,1.21502,1,BUY
2020-12-04 06:00:00,1.21501,1.21578,1.2148,1.21554,1,BUY
2020-12-04 07:00:00,1.21552,1.21608,1.21512,1.21534,1,BUY
2020-12-04 08:00:00,1.21535,1.21664,1.21438,1.21607,1,BUY
2020-12-04 09:00:00,1.21606,1.21734,1.21596,1.2167,1,BUY
2020-12-04 10:00:00,1.21668,1.21775,1.21566,1.21752,1,BUY
2020-12-04 11:00:00,1.2175,1.21759,1.21624,1.21685,1,BUY
2020-12-04 12:00:00,1.21686,1.21748,1.21569,1.21587,1,BUY
2020-12-04 13:00:00,1.21586,1.21706,1.21316,1.21458,1,BUY
2020-12-04 14:00:00,1.2146,1.2172,1.2144,1.21565,1,BUY
2020-12-04 15:00:00,1.21566,1.21665,1.21355,1.21401,1,BUY
2020-12-04 16:00:00,1.214,1.21464,1.21332,1.21412,1,BUY
2020-12-04 17:00:00,1.21413,1.21506,1.21396,1.21437,1,BUY
2020-12-04 18:00:00,1.21438,1.21518,1.21412,1.21418,1,BUY
2020-12-04 19:00:00,1.2142,1.21459,1.21336,1.21374,1,BUY
2020-12-04 20:00:00,1.21373,1.21405,1.21125,1.21274,1,BUY
2020-12-04 21:00:00,1.21276,1.21299,1.21104,1.21218,1,BUY
2020-12-06 22:00:00,1.21323,1.21323,1.21202,1.21276,0,SELL
2020-12-06 23:00:00,1.2128,1.21327,1.21198,1.21202,0,SELL
2020-12-07 00:00:00,1.21202,1.2131,1.2119,1.2128,0,SELL
2020-12-07 01:00:00,1.21278,1.21362,1.21248,1.21352,0,SELL
2020-12-07 02:00:00,1.2135,1.21404,1.21327,1.21366,0,SELL
2020-12-07 03:00:00,1.21368,1.21387,1.2134,1.21344,0,SELL
2020-12-07 04:00:00,1.21343,1.21347,1.21325,1.21326,1,BUY
2020-12-07 05:00:00,1.21327,1.21341,1.21306,1.21318,1,BUY
2020-12-07 06:00:00,1.21317,1.2133,1.21251,1.21292,1,BUY
2020-12-07 07:00:00,1.21291,1.21296,1.21144,1.21212,1,BUY
2020-12-07 08:00:00,1.2121,1.21226,1.20906,1.2097,0,SELL
2020-12-07 09:00:00,1.20972,1.20978,1.20786,1.20932,0,SELL
2020-12-07 10:00:00,1.20934,1.21133,1.2085,1.21086,0,SELL
2020-12-07 11:00:00,1.21088,1.21143,1.21035,1.21131,0,SELL
2020-12-07 12:00:00,1.2113,1.21194,1.21056,1.21184,0,SELL
2020-12-07 13:00:00,1.21183,1.21395,1.21141,1.21374,0,SELL
2020-12-07 14:00:00,1.21372,1.21664,1.2132,1.21507,0,SELL
2020-12-07 15:00:00,1.21506,1.21529,1.21322,1.21326,1,BUY
2020-12-07 16:00:00,1.21327,1.21418,1.213,1.21385,1,BUY
2020-12-07 17:00:00,1.21383,1.21418,1.213,1.21332,1,BUY
2020-12-07 18:00:00,1.21331,1.21332,1.21178,1.21249,1,BUY
2020-12-07 19:00:00,1.2125,1.21298,1.21189,1.21195,1,BUY
2020-12-07 20:00:00,1.21196,1.21206,1.21084,1.21084,0,SELL
2020-12-07 21:00:00,1.21083,1.21142,1.21076,1.21097,0,SELL
2020-12-07 22:00:00,1.21102,1.21104,1.21075,1.21103,0,SELL
2020-12-07 23:00:00,1.21102,1.21134,1.21094,1.21095,0,SELL
2020-12-08 00:00:00,1.21094,1.21102,1.21042,1.21078,0,SELL
2020-12-08 01:00:00,1.21076,1.21112,1.21064,1.21072,0,SELL
2020-12-08 02:00:00,1.2107,1.21132,1.21053,1.21117,0,SELL
2020-12-08 03:00:00,1.21116,1.21154,1.21104,1.21143,0,SELL
2020-12-08 04:00:00,1.21142,1.21162,1.21132,1.21144,0,SELL
2020-12-08 05:00:00,1.21145,1.21197,1.21142,1.21185,0,SELL
2020-12-08 06:00:00,1.21185,1.21232,1.21137,1.21157,0,SELL
2020-12-08 07:00:00,1.21158,1.21186,1.21073,1.21128,0,SELL
2020-12-08 08:00:00,1.2113,1.21322,1.20954,1.21251,0,SELL
2020-12-08 09:00:00,1.21252,1.21341,1.21188,1.21296,0,SELL
2020-12-08 10:00:00,1.21294,1.2133,1.21138,1.21138,0,SELL
2020-12-08 11:00:00,1.21136,1.21232,1.21073,1.21075,0,SELL
2020-12-08 12:00:00,1.21076,1.21264,1.21076,1.21148,0,SELL
2020-12-08 13:00:00,1.21146,1.21304,1.21124,1.21183,0,SELL
2020-12-08 14:00:00,1.21184,1.21338,1.21176,1.21248,0,SELL
2020-12-08 15:00:00,1.2125,1.2129,1.21002,1.21136,0,SELL
2020-12-08 16:00:00,1.21138,1.21158,1.21038,1.21109,0,SELL
2020-12-08 17:00:00,1.21108,1.21164,1.21073,1.21152,0,SELL
2020-12-08 18:00:00,1.21154,1.21174,1.21012,1.21022,0,SELL
2020-12-08 19:00:00,1.21024,1.21082,1.21011,1.21038,0,SELL
2020-12-08 20:00:00,1.21036,1.21069,1.21001,1.21068,0,SELL
2020-12-08 21:00:00,1.21068,1.21078,1.21032,1.2104,0,SELL
2020-12-08 22:00:00,1.21033,1.21066,1.21017,1.21058,0,SELL
2020-12-08 23:00:00,1.21062,1.21102,1.21052,1.21096,0,SELL
2020-12-09 00:00:00,1.21094,1.21148,1.21072,1.21118,0,SELL
2020-12-09 01:00:00,1.2112,1.21132,1.2108,1.21114,0,SELL
2020-12-09 02:00:00,1.21112,1.212,1.21103,1.212,0,SELL
2020-12-09 03:00:00,1.212,1.21237,1.21176,1.21212,0,SELL
2020-12-09 04:00:00,1.21211,1.21296,1.2121,1.2129,0,SELL
2020-12-09 05:00:00,1.21289,1.21313,1.21259,1.21313,1,BUY
2020-12-09 06:00:00,1.21312,1.21474,1.21311,1.21388,1,BUY
2020-12-09 07:00:00,1.21389,1.21416,1.2127,1.21294,1,BUY
2020-12-09 08:00:00,1.21293,1.21374,1.2125,1.21364,1,BUY
2020-12-09 09:00:00,1.21365,1.21365,1.212,1.21257,1,BUY
2020-12-09 10:00:00,1.21256,1.21364,1.2119,1.21213,1,BUY
2020-12-09 11:00:00,1.21212,1.21288,1.21078,1.2113,1,BUY
2020-12-09 12:00:00,1.21131,1.21189,1.21012,1.21098,0,SELL
2020-12-09 13:00:00,1.21097,1.21208,1.21026,1.21206,0,SELL
2020-12-09 14:00:00,1.21205,1.21239,1.2096,1.20992,0,SELL
2020-12-09 15:00:00,1.20991,1.21043,1.20776,1.20832,0,SELL
2020-12-09 16:00:00,1.2083,1.2083,1.20724,1.20799,0,SELL
2020-12-09 17:00:00,1.208,1.2085,1.20588,1.20724,0,SELL
2020-12-09 18:00:00,1.20726,1.20734,1.20608,1.20618,0,SELL
2020-12-09 19:00:00,1.20618,1.20734,1.20616,1.2073,0,SELL
2020-12-09 20:00:00,1.20728,1.20823,1.20705,1.208,0,SELL
2020-12-09 21:00:00,1.20798,1.20839,1.20796,1.20814,0,SELL
2020-12-09 22:00:00,1.208,1.20826,1.20754,1.20804,0,SELL
2020-12-09 23:00:00,1.20808,1.20816,1.20758,1.20786,0,SELL
2020-12-10 00:00:00,1.20787,1.20846,1.20787,1.20821,0,SELL
2020-12-10 01:00:00,1.2082,1.20842,1.20798,1.20817,0,SELL
2020-12-10 02:00:00,1.20816,1.20916,1.2081,1.20893,0,SELL
2020-12-10 03:00:00,1.20894,1.20956,1.20878,1.20936,0,SELL
2020-12-10 04:00:00,1.20934,1.21004,1.20933,1.20994,0,SELL
2020-12-10 05:00:00,1.20992,1.20993,1.20932,1.20963,0,SELL
2020-12-10 06:00:00,1.20963,1.20966,1.20868,1.20878,0,SELL
2020-12-10 07:00:00,1.20877,1.20986,1.20857,1.20902,0,SELL
2020-12-10 08:00:00,1.20903,1.20996,1.20859,1.20908,0,SELL
2020-12-10 09:00:00,1.20906,1.21088,1.20834,1.21062,0,SELL
2020-12-10 10:00:00,1.21061,1.21087,1.20969,1.20971,0,SELL
2020-12-10 11:00:00,1.2097,1.20991,1.2085,1.20898,0,SELL
2020-12-10 12:00:00,1.20899,1.21185,1.20812,1.21111,0,SELL
2020-12-10 13:00:00,1.21112,1.21354,1.21036,1.21258,0,SELL
2020-12-10 14:00:00,1.2126,1.2155,1.20966,1.21523,1,BUY
2020-12-10 15:00:00,1.21522,1.21591,1.21212,1.21328,1,BUY
2020-12-10 16:00:00,1.21329,1.21348,1.21107,1.21168,1,BUY
2020-12-10 17:00:00,1.21167,1.21273,1.21167,1.21203,1,BUY
2020-12-10 18:00:00,1.21202,1.21288,1.21133,1.21254,1,BUY
2020-12-10 19:00:00,1.21254,1.21364,1.21206,1.21336,1,BUY
2020-12-10 20:00:00,1.21336,1.21448,1.2132,1.21429,1,BUY
2020-12-10 21:00:00,1.21428,1.21435,1.21351,1.21418,1,BUY
2020-12-10 22:00:00,1.21388,1.21419,1.21388,1.21414,1,BUY
2020-12-10 23:00:00,1.21418,1.21442,1.21406,1.21435,1,BUY
2020-12-11 00:00:00,1.21436,1.21468,1.21404,1.21449,1,BUY
2020-12-11 01:00:00,1.2145,1.21602,1.2145,1.21558,1,BUY
2020-12-11 02:00:00,1.21556,1.2159,1.21512,1.21574,1,BUY
2020-12-11 03:00:00,1.21573,1.21596,1.2154,1.21578,1,BUY
2020-12-11 04:00:00,1.2158,1.21604,1.21552,1.21556,1,BUY
2020-12-11 05:00:00,1.21554,1.21579,1.21536,1.21554,1,BUY
2020-12-11 06:00:00,1.21555,1.2163,1.2155,1.21567,1,BUY
2020-12-11 07:00:00,1.21568,1.21595,1.21258,1.2131,1,BUY
2020-12-11 08:00:00,1.21308,1.21354,1.21142,1.21257,1,BUY
2020-12-11 09:00:00,1.21259,1.21341,1.21125,1.21177,1,BUY
2020-12-11 10:00:00,1.21176,1.21378,1.21163,1.21194,0,SELL
2020-12-11 11:00:00,1.21194,1.21256,1.21104,1.2122,0,SELL
2020-12-11 12:00:00,1.2122,1.21304,1.2114,1.21264,0,SELL
2020-12-11 13:00:00,1.21265,1.21304,1.21141,1.21156,0,SELL
2020-12-11 14:00:00,1.21156,1.21332,1.21112,1.21171,0,SELL
2020-12-11 15:00:00,1.21172,1.21293,1.21054,1.21068,0,SELL
2020-12-11 16:00:00,1.21069,1.21158,1.21061,1.21124,0,SELL
2020-12-11 17:00:00,1.21122,1.21179,1.2108,1.21166,0,SELL
2020-12-11 18:00:00,1.21167,1.21172,1.21111,1.21162,0,SELL
2020-12-11 19:00:00,1.21164,1.21204,1.21124,1.21131,0,SELL
2020-12-11 20:00:00,1.2113,1.21188,1.21128,1.21174,0,SELL
2020-12-11 21:00:00,1.21176,1.21179,1.21073,1.21122,0,SELL
2020-12-13 22:00:00,1.21379,1.2144,1.21338,1.21344,0,SELL
2020-12-13 23:00:00,1.21347,1.21395,1.2133,1.21332,0,SELL
2020-12-14 00:00:00,1.21333,1.21335,1.21157,1.21212,0,SELL
2020-12-14 01:00:00,1.2121,1.21316,1.21188,1.21292,1,BUY
2020-12-14 02:00:00,1.2129,1.21334,1.21286,1.2132,1,BUY
2020-12-14 03:00:00,1.2132,1.21339,1.21306,1.21326,1,BUY
2020-12-14 04:00:00,1.21327,1.21338,1.21304,1.21332,1,BUY
2020-12-14 05:00:00,1.21333,1.21418,1.21312,1.21406,1,BUY
2020-12-14 06:00:00,1.21406,1.21441,1.21393,1.21435,1,BUY
2020-12-14 07:00:00,1.21434,1.21554,1.21384,1.21534,1,BUY
2020-12-14 08:00:00,1.21534,1.21565,1.21426,1.21438,1,BUY
2020-12-14 09:00:00,1.21437,1.21604,1.21387,1.21578,1,BUY
2020-12-14 10:00:00,1.21576,1.21599,1.2148,1.21507,1,BUY
2020-12-14 11:00:00,1.21505,1.21606,1.215,1.21552,1,BUY
2020-12-14 12:00:00,1.21554,1.21708,1.21526,1.21576,1,BUY
2020-12-14 13:00:00,1.21576,1.21768,1.21566,1.21715,1,BUY
2020-12-14 14:00:00,1.21713,1.21716,1.21548,1.21644,1,BUY
2020-12-14 15:00:00,1.21644,1.21662,1.21232,1.21248,1,BUY
2020-12-14 16:00:00,1.2125,1.21474,1.2123,1.21446,1,BUY
2020-12-14 17:00:00,1.21446,1.21605,1.21432,1.21576,1,BUY
2020-12-14 18:00:00,1.21577,1.21608,1.21473,1.21506,1,BUY
2020-12-14 19:00:00,1.21504,1.21526,1.21451,1.21468,1,BUY
2020-12-14 20:00:00,1.2147,1.21488,1.21392,1.21474,1,BUY
2020-12-14 21:00:00,1.21476,1.21518,1.21416,1.21429,1,BUY
2020-12-14 22:00:00,1.21436,1.21461,1.2143,1.21454,1,BUY
2020-12-14 23:00:00,1.21456,1.21491,1.21434,1.21488,1,BUY
2020-12-15 00:00:00,1.21486,1.21594,1.21475,1.21574,1,BUY
2020-12-15 01:00:00,1.21574,1.21606,1.2152,1.216,1,BUY
2020-12-15 02:00:00,1.216,1.21632,1.2157,1.21592,1,BUY
2020-12-15 03:00:00,1.21594,1.21602,1.21493,1.21522,1,BUY
2020-12-15 04:00:00,1.2152,1.21532,1.2146,1.21466,1,BUY
2020-12-15 05:00:00,1.21468,1.21549,1.21452,1.21548,1,BUY
2020-12-15 06:00:00,1.21547,1.21547,1.21478,1.21484,1,BUY
2020-12-15 07:00:00,1.21484,1.2152,1.21346,1.2137,1,BUY
2020-12-15 08:00:00,1.2137,1.21445,1.21315,1.21432,1,BUY
2020-12-15 09:00:00,1.2143,1.21622,1.21415,1.2158,0,SELL
2020-12-15 10:00:00,1.21578,1.21622,1.21552,1.21588,1,BUY
2020-12-15 11:00:00,1.21586,1.21662,1.21487,1.21603,1,BUY
2020-12-15 12:00:00,1.21602,1.21625,1.2121,1.2125,1,BUY
2020-12-15 13:00:00,1.21248,1.21497,1.21248,1.21395,0,SELL
2020-12-15 14:00:00,1.21396,1.21588,1.2138,1.21436,0,SELL
2020-12-15 15:00:00,1.21438,1.21606,1.21429,1.2153,0,SELL
2020-12-15 16:00:00,1.21532,1.21605,1.21492,1.21576,0,SELL
2020-12-15 17:00:00,1.21577,1.21614,1.21475,1.2161,1,BUY
2020-12-15 18:00:00,1.21609,1.2169,1.21514,1.21516,1,BUY
2020-12-15 19:00:00,1.21515,1.21606,1.21489,1.21568,1,BUY
2020-12-15 20:00:00,1.21568,1.21608,1.21541,1.21608,1,BUY
2020-12-15 21:00:00,1.21608,1.21628,1.21523,1.21531,1,BUY
2020-12-15 22:00:00,1.21522,1.21538,1.215,1.21513,1,BUY
2020-12-15 23:00:00,1.21516,1.2155,1.21514,1.21544,1,BUY
2020-12-16 00:00:00,1.21542,1.21544,1.21452,1.21502,1,BUY
2020-12-16 01:00:00,1.21501,1.21554,1.21468,1.21511,1,BUY
2020-12-16 02:00:00,1.21512,1.21575,1.21512,1.21563,1,BUY
2020-12-16 03:00:00,1.21564,1.21638,1.21558,1.21616,1,BUY
2020-12-16 04:00:00,1.21614,1.2165,1.21582,1.21648,1,BUY
2020-12-16 05:00:00,1.21648,1.21652,1.21603,1.21624,1,BUY
2020-12-16 06:00:00,1.21624,1.21632,1.21589,1.21631,1,BUY
2020-12-16 07:00:00,1.21632,1.21722,1.21535,1.21546,1,BUY
2020-12-16 08:00:00,1.21548,1.22122,1.21524,1.2209,1,BUY
2020-12-16 09:00:00,1.22089,1.22098,1.21937,1.22064,1,BUY
2020-12-16 10:00:00,1.22062,1.22068,1.21954,1.2197,1,BUY
2020-12-16 11:00:00,1.21968,1.22008,1.21864,1.21952,1,BUY
2020-12-16 12:00:00,1.21953,1.21986,1.21861,1.21946,1,BUY
2020-12-16 13:00:00,1.21947,1.21954,1.2179,1.21878,1,BUY
2020-12-16 14:00:00,1.21879,1.22066,1.21866,1.21961,1,BUY
2020-12-16 15:00:00,1.21962,1.21986,1.21822,1.21874,1,BUY
2020-12-16 16:00:00,1.21874,1.21898,1.21673,1.21748,1,BUY
2020-12-16 17:00:00,1.21746,1.21768,1.21628,1.21688,1,BUY
2020-12-16 18:00:00,1.21687,1.21757,1.21672,1.21708,1,BUY
2020-12-16 19:00:00,1.21712,1.21779,1.21252,1.21624,1,BUY
2020-12-16 20:00:00,1.21625,1.21992,1.21622,1.21837,0,SELL
2020-12-16 21:00:00,1.21838,1.22014,1.21812,1.21998,1,BUY
2020-12-16 22:00:00,1.21991,1.22022,1.21956,1.21981,1,BUY
2020-12-16 23:00:00,1.21983,1.21985,1.21918,1.21962,1,BUY
2020-12-17 00:00:00,1.2196,1.2197,1.21901,1.21944,1,BUY
2020-12-17 01:00:00,1.21945,1.22087,1.21924,1.22024,1,BUY
2020-12-17 02:00:00,1.22024,1.22132,1.22012,1.22122,1,BUY
2020-12-17 03:00:00,1.22122,1.22122,1.22083,1.22108,1,BUY
2020-12-17 04:00:00,1.22109,1.22356,1.22104,1.22252,1,BUY
2020-12-17 05:00:00,1.22254,1.223,1.22248,1.2226,1,BUY
2020-12-17 06:00:00,1.2226,1.2235,1.22253,1.22308,1,BUY
2020-12-17 07:00:00,1.2231,1.22388,1.22264,1.22334,1,BUY
2020-12-17 08:00:00,1.22332,1.2244,1.22298,1.22349,1,BUY
2020-12-17 09:00:00,1.2235,1.22401,1.2224,1.22326,1,BUY
2020-12-17 10:00:00,1.22325,1.22339,1.22252,1.22282,1,BUY
2020-12-17 11:00:00,1.22283,1.22394,1.2228,1.22379,1,BUY
2020-12-17 12:00:00,1.22381,1.22491,1.22326,1.22484,1,BUY
2020-12-17 13:00:00,1.22482,1.22588,1.224,1.22419,1,BUY
2020-12-17 14:00:00,1.22418,1.2256,1.22402,1.22508,1,BUY
2020-12-17 15:00:00,1.2251,1.22613,1.22404,1.22452,1,BUY
2020-12-17 16:00:00,1.22452,1.22602,1.22391,1.22587,1,BUY
2020-12-17 17:00:00,1.22586,1.22678,1.22564,1.22603,1,BUY
2020-12-17 18:00:00,1.22602,1.2271,1.22602,1.22674,1,BUY
2020-12-17 19:00:00,1.22672,1.22728,1.22622,1.22624,1,BUY
2020-12-17 20:00:00,1.22622,1.2268,1.22583,1.22626,1,BUY
2020-12-17 21:00:00,1.2263,1.22726,1.22621,1.22685,1,BUY
2020-12-17 22:00:00,1.22678,1.22719,1.22649,1.22679,1,BUY
2020-12-17 23:00:00,1.22682,1.22684,1.22614,1.22616,1,BUY
2020-12-18 00:00:00,1.22617,1.22643,1.22506,1.22547,1,BUY
2020-12-18 01:00:00,1.22546,1.22602,1.22521,1.22564,1,BUY
2020-12-18 02:00:00,1.22565,1.22586,1.22446,1.22464,1,BUY
2020-12-18 03:00:00,1.22466,1.22502,1.22465,1.22466,1,BUY
2020-12-18 04:00:00,1.22464,1.22472,1.22386,1.22408,1,BUY
2020-12-18 05:00:00,1.22408,1.22444,1.22393,1.22434,1,BUY
2020-12-18 06:00:00,1.22434,1.22556,1.22429,1.22532,1,BUY
2020-12-18 07:00:00,1.22531,1.22562,1.22476,1.22478,1,BUY
2020-12-18 08:00:00,1.22479,1.2263,1.22433,1.22578,1,BUY
2020-12-18 09:00:00,1.2258,1.22625,1.22454,1.22496,1,BUY
2020-12-18 10:00:00,1.22494,1.2258,1.22433,1.22543,1,BUY
2020-12-18 11:00:00,1.22544,1.22604,1.22486,1.22559,1,BUY
2020-12-18 12:00:00,1.22558,1.22688,1.22527,1.22546,1,BUY
2020-12-18 13:00:00,1.22547,1.22606,1.22457,1.22486,1,BUY
2020-12-18 14:00:00,1.22487,1.22535,1.22281,1.22378,1,BUY
2020-12-18 15:00:00,1.22376,1.22472,1.22264,1.22348,1,BUY
2020-12-18 16:00:00,1.2235,1.22362,1.22257,1.22354,1,BUY
2020-12-18 17:00:00,1.22354,1.22459,1.22326,1.22366,1,BUY
2020-12-18 18:00:00,1.22368,1.22434,1.22363,1.22423,1,BUY
2020-12-18 19:00:00,1.22424,1.22434,1.2235,1.22422,1,BUY
2020-12-18 20:00:00,1.22424,1.22489,1.22365,1.22462,1,BUY
2020-12-18 21:00:00,1.2246,1.22592,1.22448,1.22563,1,BUY
2020-12-20 22:00:00,1.22221,1.22347,1.22216,1.22294,1,BUY
2020-12-20 23:00:00,1.22289,1.22351,1.22115,1.22119,1,BUY
2020-12-21 00:00:00,1.22118,1.22196,1.22048,1.22191,0,SELL
2020-12-21 01:00:00,1.22189,1.2226,1.22057,1.22082,0,SELL
2020-12-21 02:00:00,1.22082,1.22125,1.21788,1.21894,0,SELL
2020-12-21 03:00:00,1.21892,1.21914,1.21844,1.21848,0,SELL
2020-12-21 04:00:00,1.2185,1.2192,1.2185,1.2191,0,SELL
2020-12-21 05:00:00,1.21909,1.21916,1.2181,1.21914,0,SELL
2020-12-21 06:00:00,1.21913,1.21994,1.21823,1.21988,0,SELL
2020-12-21 07:00:00,1.21986,1.21992,1.21682,1.2176,0,SELL
2020-12-21 08:00:00,1.21762,1.2227,1.2173,1.22174,0,SELL
2020-12-21 09:00:00,1.22174,1.22178,1.2172,1.21754,0,SELL
2020-12-21 10:00:00,1.21755,1.21768,1.21294,1.21478,0,SELL
2020-12-21 11:00:00,1.2148,1.21814,1.2148,1.21622,0,SELL
2020-12-21 12:00:00,1.21623,1.21876,1.21566,1.21636,0,SELL
2020-12-21 13:00:00,1.21638,1.22148,1.21629,1.21914,0,SELL
2020-12-21 14:00:00,1.21916,1.22188,1.21916,1.2209,0,SELL
2020-12-21 15:00:00,1.22088,1.22203,1.22067,1.22112,0,SELL
2020-12-21 16:00:00,1.22111,1.22349,1.22101,1.22312,0,SELL
2020-12-21 17:00:00,1.2231,1.22388,1.2227,1.22363,0,SELL
2020-12-21 18:00:00,1.22362,1.22475,1.22292,1.22442,1,BUY
2020-12-21 19:00:00,1.2244,1.22528,1.22408,1.22488,1,BUY
2020-12-21 20:00:00,1.2249,1.22531,1.22311,1.22322,1,BUY
2020-12-21 21:00:00,1.22321,1.2245,1.2228,1.22443,1,BUY
2020-12-21 22:00:00,1.2243,1.22431,1.22338,1.22393,1,BUY
2020-12-21 23:00:00,1.22398,1.22499,1.22341,1.22349,1,BUY
2020-12-22 00:00:00,1.2235,1.22436,1.22286,1.2231,1,BUY
2020-12-22 01:00:00,1.22308,1.22376,1.22285,1.22313,1,BUY
2020-12-22 02:00:00,1.22312,1.22354,1.22298,1.22326,1,BUY
2020-12-22 03:00:00,1.22328,1.2233,1.22241,1.2229,1,BUY
2020-12-22 04:00:00,1.22292,1.22298,1.22194,1.22232,0,SELL
2020-12-22 05:00:00,1.2223,1.22238,1.22158,1.22186,0,SELL
2020-12-22 06:00:00,1.22186,1.22258,1.2216,1.22172,0,SELL
2020-12-22 07:00:00,1.2217,1.22298,1.22137,1.22168,0,SELL
2020-12-22 08:00:00,1.22169,1.22245,1.22062,1.22218,0,SELL
2020-12-22 09:00:00,1.2222,1.22262,1.22049,1.22073,0,SELL
2020-12-22 10:00:00,1.22074,1.22345,1.22044,1.22302,0,SELL
2020-12-22 11:00:00,1.22302,1.22442,1.22209,1.22438,0,SELL
2020-12-22 12:00:00,1.22436,1.22571,1.22384,1.22394,0,SELL
2020-12-22 13:00:00,1.22394,1.2244,1.22296,1.22304,1,BUY
2020-12-22 14:00:00,1.22302,1.22391,1.22056,1.22073,1,BUY
2020-12-22 15:00:00,1.22074,1.22117,1.21654,1.21736,0,SELL
2020-12-22 16:00:00,1.21738,1.21808,1.21607,1.21722,0,SELL
2020-12-22 17:00:00,1.21722,1.21784,1.21668,1.21746,0,SELL
2020-12-22 18:00:00,1.21746,1.21748,1.21563,1.21631,0,SELL
2020-12-22 19:00:00,1.2163,1.21648,1.21568,1.21608,0,SELL
2020-12-22 20:00:00,1.21607,1.21614,1.21523,1.21571,0,SELL
2020-12-22 21:00:00,1.2157,1.2167,1.2156,1.2163,0,SELL
2020-12-22 22:00:00,1.2163,1.21652,1.21622,1.21643,0,SELL
2020-12-22 23:00:00,1.21645,1.21878,1.21639,1.21872,0,SELL
2020-12-23 00:00:00,1.2187,1.21875,1.21628,1.21633,0,SELL
2020-12-23 01:00:00,1.21634,1.21808,1.21541,1.21772,0,SELL
2020-12-23 02:00:00,1.21771,1.21798,1.21665,1.21756,0,SELL
2020-12-23 03:00:00,1.21758,1.21911,1.21754,1.21902,0,SELL
2020-12-23 04:00:00,1.219,1.21922,1.2186,1.2188,0,SELL
2020-12-23 05:00:00,1.21881,1.21897,1.21846,1.21892,0,SELL
2020-12-23 06:00:00,1.2189,1.21896,1.21814,1.21842,0,SELL
2020-12-23 07:00:00,1.2184,1.22008,1.21794,1.21974,0,SELL
2020-12-23 08:00:00,1.21973,1.21976,1.21722,1.21888,0,SELL
2020-12-23 09:00:00,1.21886,1.21998,1.21866,1.2194,0,SELL
2020-12-23 10:00:00,1.2194,1.21987,1.2178,1.218,0,SELL
2020-12-23 11:00:00,1.21801,1.21978,1.21796,1.21914,0,SELL
2020-12-23 12:00:00,1.21916,1.21946,1.21806,1.21824,0,SELL
2020-12-23 13:00:00,1.21825,1.21868,1.21604,1.21763,0,SELL
2020-12-23 14:00:00,1.21762,1.22211,1.21737,1.2207,0,SELL
2020-12-23 15:00:00,1.22072,1.22188,1.218,1.21842,0,SELL
2020-12-23 16:00:00,1.21844,1.22034,1.21844,1.21932,0,SELL
2020-12-23 17:00:00,1.21933,1.21973,1.21806,1.21868,0,SELL
2020-12-23 18:00:00,1.2187,1.21884,1.21799,1.21818,0,SELL
2020-12-23 19:00:00,1.21816,1.21846,1.21725,1.21806,0,SELL
2020-12-23 20:00:00,1.21807,1.21965,1.21734,1.21955,0,SELL
2020-12-23 21:00:00,1.21954,1.21958,1.21812,1.21856,0,SELL
2020-12-23 22:00:00,1.21873,1.21904,1.2185,1.21904,0,SELL
2020-12-23 23:00:00,1.21902,1.21942,1.21842,1.21942,0,SELL
2020-12-24 00:00:00,1.21943,1.22046,1.2193,1.22024,0,SELL
2020-12-24 01:00:00,1.22022,1.22124,1.22016,1.22084,0,SELL
2020-12-24 02:00:00,1.22083,1.22158,1.22072,1.22113,0,SELL
2020-12-24 03:00:00,1.22114,1.22156,1.22056,1.22096,1,BUY
2020-12-24 04:00:00,1.22094,1.22094,1.2202,1.22046,1,BUY
2020-12-24 05:00:00,1.22048,1.22083,1.22024,1.2205,1,BUY
2020-12-24 06:00:00,1.22052,1.2208,1.22029,1.22072,1,BUY
2020-12-24 07:00:00,1.22071,1.221,1.2203,1.22055,1,BUY
2020-12-24 08:00:00,1.22056,1.22098,1.21938,1.22013,1,BUY
2020-12-24 09:00:00,1.22014,1.22032,1.21872,1.21916,0,SELL
2020-12-24 10:00:00,1.21916,1.22004,1.21882,1.2199,0,SELL
2020-12-24 11:00:00,1.21989,1.22034,1.21938,1.21954,0,SELL
2020-12-24 12:00:00,1.21954,1.2199,1.21878,1.21884,0,SELL
2020-12-24 13:00:00,1.21886,1.21947,1.21858,1.21882,0,SELL
2020-12-24 14:00:00,1.21881,1.21976,1.21774,1.2189,0,SELL
2020-12-24 15:00:00,1.21889,1.21979,1.21784,1.21824,0,SELL
2020-12-24 16:00:00,1.21823,1.21893,1.21814,1.21818,0,SELL
2020-12-24 17:00:00,1.2182,1.21891,1.21803,1.21834,0,SELL
2020-12-24 18:00:00,1.21836,1.21858,1.2178,1.21811,0,SELL
2020-12-24 19:00:00,1.21812,1.21813,1.21795,1.21804,0,SELL
2020-12-24 20:00:00,1.21806,1.21862,1.21802,1.2184,0,SELL
2020-12-24 21:00:00,1.21838,1.21856,1.2183,1.21849,0,SELL
2020-12-27 22:00:00,1.21892,1.21922,1.21892,1.219,0,SELL
2020-12-27 23:00:00,1.21895,1.22073,1.21874,1.2204,0,SELL
2020-12-28 00:00:00,1.22042,1.22082,1.21812,1.21925,0,SELL
2020-12-28 01:00:00,1.21926,1.22066,1.21911,1.2205,0,SELL
2020-12-28 02:00:00,1.22051,1.22138,1.22044,1.22088,1,BUY
2020-12-28 03:00:00,1.22088,1.22161,1.22088,1.22128,1,BUY
2020-12-28 04:00:00,1.22129,1.2214,1.22093,1.22104,1,BUY
2020-12-28 05:00:00,1.22106,1.22238,1.22092,1.22236,1,BUY
2020-12-28 06:00:00,1.22236,1.22272,1.22201,1.22251,1,BUY
2020-12-28 07:00:00,1.22253,1.22332,1.22198,1.22311,1,BUY
2020-12-28 08:00:00,1.22312,1.22406,1.22257,1.22394,1,BUY
2020-12-28 09:00:00,1.22393,1.22504,1.22348,1.22488,1,BUY
2020-12-28 10:00:00,1.2249,1.22504,1.22074,1.22135,1,BUY
2020-12-28 11:00:00,1.22134,1.22157,1.21926,1.21948,1,BUY
2020-12-28 12:00:00,1.21946,1.22086,1.21914,1.22086,1,BUY
2020-12-28 13:00:00,1.22084,1.22224,1.2207,1.2213,1,BUY
2020-12-28 14:00:00,1.22131,1.224,1.22086,1.2232,1,BUY
2020-12-28 15:00:00,1.22318,1.22348,1.22072,1.22149,1,BUY
2020-12-28 16:00:00,1.22148,1.2229,1.22124,1.2213,1,BUY
2020-12-28 17:00:00,1.22132,1.22165,1.22052,1.22064,0,SELL
2020-12-28 18:00:00,1.22064,1.22132,1.22027,1.22086,0,SELL
2020-12-28 19:00:00,1.22085,1.22115,1.22036,1.22068,0,SELL
2020-12-28 20:00:00,1.22068,1.2214,1.22031,1.22133,0,SELL
2020-12-28 21:00:00,1.22134,1.22164,1.22064,1.22152,0,SELL
2020-12-28 22:00:00,1.22145,1.22154,1.22086,1.22096,0,SELL
2020-12-28 23:00:00,1.22092,1.2221,1.22092,1.22197,0,SELL
2020-12-29 00:00:00,1.22195,1.22348,1.22194,1.22257,1,BUY
2020-12-29 01:00:00,1.22259,1.22309,1.22258,1.22274,1,BUY
2020-12-29 02:00:00,1.22276,1.22377,1.22247,1.22338,1,BUY
2020-12-29 03:00:00,1.2234,1.22431,1.22316,1.22419,1,BUY
2020-12-29 04:00:00,1.2242,1.22428,1.22377,1.22398,1,BUY
2020-12-29 05:00:00,1.22399,1.2241,1.22352,1.22364,1,BUY
2020-12-29 06:00:00,1.22362,1.22428,1.22359,1.22424,1,BUY
2020-12-29 07:00:00,1.22425,1.22517,1.22393,1.22404,1,BUY
2020-12-29 08:00:00,1.22403,1.22582,1.22393,1.22455,1,BUY
2020-12-29 09:00:00,1.22456,1.22525,1.22366,1.22498,1,BUY
2020-12-29 10:00:00,1.22499,1.22572,1.22456,1.22494,1,BUY
2020-12-29 11:00:00,1.22492,1.2253,1.22392,1.22489,1,BUY
2020-12-29 12:00:00,1.2249,1.22616,1.22466,1.2256,1,BUY
2020-12-29 13:00:00,1.22561,1.22594,1.22483,1.22536,1,BUY
2020-12-29 14:00:00,1.22537,1.22752,1.22502,1.22672,1,BUY
2020-12-29 15:00:00,1.22671,1.22678,1.22402,1.2244,1,BUY
2020-12-29 16:00:00,1.22438,1.22558,1.22381,1.22519,1,BUY
2020-12-29 17:00:00,1.2252,1.22548,1.22372,1.22417,1,BUY
2020-12-29 18:00:00,1.22416,1.22478,1.22361,1.2246,1,BUY
2020-12-29 19:00:00,1.22462,1.22588,1.22442,1.22514,1,BUY
2020-12-29 20:00:00,1.22512,1.22562,1.22468,1.22502,1,BUY
2020-12-29 21:00:00,1.22501,1.22531,1.2247,1.22502,1,BUY
2020-12-29 22:00:00,1.22508,1.22535,1.22495,1.22535,1,BUY
2020-12-29 23:00:00,1.2254,1.22592,1.22518,1.22523,1,BUY
2020-12-30 00:00:00,1.22521,1.22782,1.22515,1.22687,1,BUY
2020-12-30 01:00:00,1.22686,1.2295,1.22665,1.2291,1,BUY
2020-12-30 02:00:00,1.22911,1.22923,1.22847,1.22872,1,BUY
2020-12-30 03:00:00,1.22873,1.22889,1.22821,1.2283,1,BUY
2020-12-30 04:00:00,1.22832,1.22898,1.22818,1.2285,1,BUY
2020-12-30 05:00:00,1.22851,1.22908,1.22838,1.2285,1,BUY
2020-12-30 06:00:00,1.2285,1.22866,1.22763,1.22818,1,BUY
2020-12-30 07:00:00,1.22816,1.22854,1.22654,1.22675,1,BUY
2020-12-30 08:00:00,1.22676,1.22701,1.22528,1.22588,1,BUY
2020-12-30 09:00:00,1.2259,1.22723,1.22552,1.22686,1,BUY
2020-12-30 10:00:00,1.22686,1.22848,1.2267,1.22793,1,BUY
2020-12-30 11:00:00,1.22792,1.22802,1.22664,1.22734,1,BUY
2020-12-30 12:00:00,1.22732,1.22937,1.22707,1.22899,1,BUY
2020-12-30 13:00:00,1.22898,1.22914,1.22768,1.22912,1,BUY
2020-12-30 14:00:00,1.22914,1.23102,1.22712,1.22968,1,BUY
2020-12-30 15:00:00,1.2297,1.23049,1.22809,1.23008,1,BUY
2020-12-30 16:00:00,1.2301,1.23023,1.22784,1.22791,1,BUY
2020-12-30 17:00:00,1.2279,1.22889,1.22762,1.22887,1,BUY
2020-12-30 18:00:00,1.22888,1.22913,1.22857,1.2291,1,BUY
2020-12-30 19:00:00,1.22912,1.22928,1.22806,1.22886,1,BUY
2020-12-30 20:00:00,1.22887,1.22952,1.22887,1.22919,1,BUY
2020-12-30 21:00:00,1.22918,1.23019,1.22911,1.23,1,BUY
2020-12-30 22:00:00,1.22979,1.23,1.22935,1.2297,1,BUY
2020-12-30 23:00:00,1.22974,1.23046,1.22974,1.22986,1,BUY
2020-12-31 00:00:00,1.22986,1.23083,1.2295,1.23065,1,BUY
2020-12-31 01:00:00,1.23066,1.23094,1.22992,1.23067,1,BUY
2020-12-31 02:00:00,1.23065,1.23093,1.22856,1.22899,1,BUY
2020-12-31 03:00:00,1.22897,1.2294,1.22865,1.22912,1,BUY
2020-12-31 04:00:00,1.2291,1.22914,1.22853,1.22868,1,BUY
2020-12-31 05:00:00,1.22866,1.22972,1.22854,1.22896,1,BUY
2020-12-31 06:00:00,1.22896,1.2293,1.22864,1.22916,1,BUY
2020-12-31 07:00:00,1.22916,1.23032,1.2291,1.22966,1,BUY
2020-12-31 08:00:00,1.22964,1.23043,1.22872,1.23012,1,BUY
2020-12-31 09:00:00,1.23014,1.23014,1.2277,1.22792,1,BUY
2020-12-31 10:00:00,1.22792,1.22885,1.22748,1.22798,1,BUY
2020-12-31 11:00:00,1.22796,1.22882,1.22668,1.2275,1,BUY
2020-12-31 12:00:00,1.22749,1.22816,1.22596,1.22718,1,BUY
2020-12-31 13:00:00,1.22717,1.22872,1.22642,1.22844,0,SELL
2020-12-31 14:00:00,1.22846,1.22853,1.22652,1.22694,0,SELL
2020-12-31 15:00:00,1.22692,1.22706,1.22249,1.22386,0,SELL
2020-12-31 16:00:00,1.22387,1.22404,1.22211,1.22302,0,SELL
2020-12-31 17:00:00,1.22302,1.22348,1.22219,1.22253,0,SELL
2020-12-31 18:00:00,1.22254,1.2228,1.22151,1.22169,0,SELL
2020-12-31 19:00:00,1.22167,1.2223,1.22094,1.221,0,SELL
2020-12-31 20:00:00,1.22102,1.22194,1.221,1.22162,0,SELL
2020-12-31 21:00:00,1.2216,1.22281,1.22148,1.22156,0,SELL
2021-01-03 22:00:00,1.224,1.22427,1.22324,1.22342,0,SELL
2021-01-03 23:00:00,1.22339,1.22528,1.2231,1.225,0,SELL
2021-01-04 00:00:00,1.22498,1.22498,1.22388,1.22409,0,SELL
2021-01-04 01:00:00,1.2241,1.22558,1.224,1.22527,0,SELL
2021-01-04 02:00:00,1.22526,1.22586,1.22496,1.22542,0,SELL
2021-01-04 03:00:00,1.22543,1.22578,1.22486,1.2255,0,SELL
2021-01-04 04:00:00,1.22552,1.22552,1.22438,1.2249,0,SELL
2021-01-04 05:00:00,1.22492,1.22594,1.22415,1.22554,0,SELL
2021-01-04 06:00:00,1.22556,1.22578,1.22422,1.22563,0,SELL
2021-01-04 07:00:00,1.22564,1.22692,1.22542,1.22639,0,SELL
2021-01-04 08:00:00,1.22638,1.22864,1.22619,1.22814,1,BUY
2021-01-04 09:00:00,1.22814,1.23006,1.2279,1.22933,1,BUY
2021-01-04 10:00:00,1.22932,1.23,1.22897,1.22924,1,BUY
2021-01-04 11:00:00,1.22925,1.22997,1.22914,1.22932,1,BUY
2021-01-04 12:00:00,1.22931,1.23062,1.22871,1.23035,1,BUY
2021-01-04 13:00:00,1.23036,1.23052,1.22864,1.2299,1,BUY
2021-01-04 14:00:00,1.2299,1.23098,1.22837,1.22892,1,BUY
2021-01-04 15:00:00,1.22894,1.22908,1.22605,1.22718,1,BUY
2021-01-04 16:00:00,1.22716,1.22774,1.22526,1.22538,1,BUY
2021-01-04 17:00:00,1.22537,1.22613,1.22501,1.2253,1,BUY
2021-01-04 18:00:00,1.22528,1.22568,1.22426,1.22511,0,SELL
2021-01-04 19:00:00,1.2251,1.22526,1.2244,1.22522,0,SELL
2021-01-04 20:00:00,1.2252,1.22524,1.22414,1.22493,0,SELL
2021-01-04 21:00:00,1.22492,1.22528,1.22418,1.22525,0,SELL
2021-01-04 22:00:00,1.22525,1.22525,1.2247,1.22506,0,SELL
2021-01-04 23:00:00,1.22504,1.22536,1.22472,1.22527,0,SELL
2021-01-05 00:00:00,1.22526,1.22571,1.22472,1.22558,0,SELL
2021-01-05 01:00:00,1.2256,1.22631,1.22551,1.22572,0,SELL
2021-01-05 02:00:00,1.22574,1.2273,1.2257,1.22705,0,SELL
2021-01-05 03:00:00,1.22706,1.2277,1.22676,1.22728,0,SELL
2021-01-05 04:00:00,1.22726,1.22726,1.22661,1.22691,0,SELL
2021-01-05 05:00:00,1.2269,1.22736,1.22672,1.22722,1,BUY
2021-01-05 06:00:00,1.22722,1.22744,1.22668,1.22698,1,BUY
2021-01-05 07:00:00,1.22696,1.22712,1.22553,1.22584,1,BUY
2021-01-05 08:00:00,1.22586,1.22787,1.22582,1.22742,1,BUY
2021-01-05 09:00:00,1.22742,1.2284,1.22686,1.22724,1,BUY
2021-01-05 10:00:00,1.22726,1.22844,1.22716,1.22774,1,BUY
2021-01-05 11:00:00,1.22774,1.22906,1.22768,1.22832,1,BUY
2021-01-05 12:00:00,1.2283,1.22848,1.22659,1.22726,1,BUY
2021-01-05 13:00:00,1.22725,1.2276,1.22604,1.22626,1,BUY
2021-01-05 14:00:00,1.22628,1.22786,1.22592,1.22646,1,BUY
2021-01-05 15:00:00,1.22638,1.22828,1.2254,1.22756,0,SELL
2021-01-05 16:00:00,1.22757,1.22966,1.22732,1.22946,1,BUY
2021-01-05 17:00:00,1.22947,1.23053,1.22927,1.22995,1,BUY
2021-01-05 18:00:00,1.22996,1.23048,1.22928,1.22934,1,BUY
2021-01-05 19:00:00,1.22936,1.23039,1.22899,1.23034,1,BUY
2021-01-05 20:00:00,1.23033,1.23057,1.22928,1.22938,1,BUY
2021-01-05 21:00:00,1.22937,1.22996,1.22896,1.22986,1,BUY
2021-01-05 22:00:00,1.22986,1.22994,1.22935,1.22966,1,BUY
2021-01-05 23:00:00,1.22964,1.23016,1.22946,1.22988,1,BUY
2021-01-06 00:00:00,1.2299,1.23264,1.22921,1.2309,1,BUY
2021-01-06 01:00:00,1.23092,1.23152,1.2281,1.22894,1,BUY
2021-01-06 02:00:00,1.22895,1.22937,1.22769,1.22788,1,BUY
2021-01-06 03:00:00,1.22786,1.22954,1.22757,1.2286,1,BUY
2021-01-06 04:00:00,1.22858,1.23066,1.22837,1.22918,1,BUY
2021-01-06 05:00:00,1.22917,1.23058,1.22917,1.22967,1,BUY
2021-01-06 06:00:00,1.22966,1.2322,1.22966,1.23165,1,BUY
2021-01-06 07:00:00,1.23166,1.23454,1.23126,1.23397,1,BUY
2021-01-06 08:00:00,1.23398,1.23404,1.23222,1.23248,1,BUY
2021-01-06 09:00:00,1.23247,1.2339,1.23206,1.23385,1,BUY
2021-01-06 10:00:00,1.23384,1.23446,1.23332,1.23382,1,BUY
2021-01-06 11:00:00,1.23384,1.23496,1.23334,1.23375,1,BUY
2021-01-06 12:00:00,1.23374,1.23495,1.23298,1.23402,1,BUY
2021-01-06 13:00:00,1.234,1.23448,1.23168,1.23196,1,BUY
2021-01-06 14:00:00,1.23198,1.23209,1.22924,1.23094,1,BUY
2021-01-06 15:00:00,1.23093,1.23178,1.22754,1.22824,1,BUY
2021-01-06 16:00:00,1.22823,1.22926,1.22656,1.22898,1,BUY
2021-01-06 17:00:00,1.22898,1.23042,1.22852,1.2299,0,SELL
2021-01-06 18:00:00,1.22989,1.23176,1.22966,1.231,0,SELL
2021-01-06 19:00:00,1.23104,1.23162,1.22978,1.2307,0,SELL
2021-01-06 20:00:00,1.23071,1.234,1.23069,1.23238,0,SELL
2021-01-06 21:00:00,1.2324,1.23314,1.23218,1.23272,1,BUY
2021-01-06 22:00:00,1.23264,1.23314,1.23248,1.23284,1,BUY
2021-01-06 23:00:00,1.23286,1.23401,1.23276,1.23384,1,BUY
2021-01-07 00:00:00,1.23386,1.23444,1.23302,1.23328,1,BUY
2021-01-07 01:00:00,1.23328,1.23373,1.23284,1.23306,1,BUY
2021-01-07 02:00:00,1.23308,1.23325,1.2319,1.23245,1,BUY
2021-01-07 03:00:00,1.23246,1.23287,1.23235,1.23276,1,BUY
2021-01-07 04:00:00,1.23277,1.23316,1.23242,1.23249,1,BUY
2021-01-07 05:00:00,1.23251,1.23255,1.2311,1.23128,1,BUY
2021-01-07 06:00:00,1.23127,1.2325,1.23074,1.23206,1,BUY
2021-01-07 07:00:00,1.23205,1.23258,1.23081,1.23113,1,BUY
2021-01-07 08:00:00,1.23112,1.2317,1.22928,1.22944,0,SELL
2021-01-07 09:00:00,1.22942,1.22958,1.22641,1.2269,0,SELL
2021-01-07 10:00:00,1.22688,1.22744,1.22451,1.22496,0,SELL
2021-01-07 11:00:00,1.22494,1.22664,1.22479,1.2257,0,SELL
2021-01-07 12:00:00,1.22568,1.22734,1.22508,1.22675,0,SELL
2021-01-07 13:00:00,1.22676,1.22786,1.22618,1.22686,0,SELL
2021-01-07 14:00:00,1.22684,1.22828,1.22534,1.22592,0,SELL
2021-01-07 15:00:00,1.2259,1.22676,1.22464,1.22594,0,SELL
2021-01-07 16:00:00,1.22593,1.22774,1.2259,1.22639,0,SELL
2021-01-07 17:00:00,1.22638,1.22716,1.22548,1.22657,0,SELL
2021-01-07 18:00:00,1.22659,1.22792,1.22631,1.22742,0,SELL
2021-01-07 19:00:00,1.22741,1.22756,1.22641,1.22677,0,SELL
2021-01-07 20:00:00,1.22678,1.2272,1.22632,1.22658,0,SELL
2021-01-07 21:00:00,1.22657,1.2277,1.2263,1.22692,0,SELL
2021-01-07 22:00:00,1.22729,1.22729,1.22632,1.22658,0,SELL
2021-01-07 23:00:00,1.22662,1.22722,1.22662,1.2269,0,SELL
2021-01-08 00:00:00,1.22692,1.22724,1.22568,1.22578,0,SELL
2021-01-08 01:00:00,1.2258,1.22601,1.2235,1.22482,0,SELL
2021-01-08 02:00:00,1.2248,1.22606,1.22458,1.226,0,SELL
2021-01-08 03:00:00,1.226,1.22648,1.22589,1.22622,0,SELL
2021-01-08 04:00:00,1.2262,1.22634,1.22563,1.22634,0,SELL
2021-01-08 05:00:00,1.22635,1.22682,1.2257,1.22579,0,SELL
2021-01-08 06:00:00,1.22579,1.22682,1.22576,1.22634,0,SELL
2021-01-08 07:00:00,1.22633,1.22692,1.22324,1.22389,0,SELL
2021-01-08 08:00:00,1.22387,1.22387,1.22134,1.22238,0,SELL
2021-01-08 09:00:00,1.22239,1.22408,1.22176,1.22404,0,SELL
2021-01-08 10:00:00,1.22407,1.22448,1.22362,1.22393,0,SELL
2021-01-08 11:00:00,1.22392,1.22537,1.22324,1.22506,0,SELL
2021-01-08 12:00:00,1.22505,1.22528,1.22454,1.22486,0,SELL
2021-01-08 13:00:00,1.22486,1.22848,1.22346,1.2271,0,SELL
2021-01-08 14:00:00,1.22709,1.22834,1.22434,1.22498,0,SELL
2021-01-08 15:00:00,1.22499,1.22582,1.22224,1.22551,0,SELL
2021-01-08 16:00:00,1.22552,1.22635,1.22366,1.22518,0,SELL
2021-01-08 17:00:00,1.22516,1.2253,1.22242,1.22286,0,SELL
2021-01-08 18:00:00,1.22286,1.22287,1.2193,1.2195,0,SELL
2021-01-08 19:00:00,1.21952,1.22178,1.21951,1.22148,0,SELL
2021-01-08 20:00:00,1.2215,1.2227,1.2212,1.22263,0,SELL
2021-01-08 21:00:00,1.22262,1.22272,1.22168,1.2221,0,SELL
2021-01-10 22:00:00,1.2219,1.22274,1.22137,1.22172,0,SELL
2021-01-10 23:00:00,1.22178,1.22184,1.21825,1.21872,0,SELL
2021-01-11 00:00:00,1.2187,1.2196,1.21814,1.21888,0,SELL
2021-01-11 01:00:00,1.21889,1.21908,1.21714,1.21778,0,SELL
2021-01-11 02:00:00,1.21777,1.21802,1.2167,1.21802,0,SELL
2021-01-11 03:00:00,1.218,1.21803,1.21712,1.21734,0,SELL
2021-01-11 04:00:00,1.21736,1.2177,1.21667,1.21738,0,SELL
2021-01-11 05:00:00,1.2174,1.2182,1.21701,1.21817,0,SELL
2021-01-11 06:00:00,1.21816,1.21907,1.21773,1.21901,0,SELL
2021-01-11 07:00:00,1.21899,1.21936,1.21769,1.21786,0,SELL
2021-01-11 08:00:00,1.21784,1.21999,1.21784,1.21902,0,SELL
2021-01-11 09:00:00,1.21904,1.21939,1.216,1.21607,0,SELL
2021-01-11 10:00:00,1.21608,1.21675,1.21545,1.21672,0,SELL
2021-01-11 11:00:00,1.21674,1.2169,1.21584,1.21664,0,SELL
2021-01-11 12:00:00,1.21664,1.21721,1.21554,1.21658,0,SELL
2021-01-11 13:00:00,1.21659,1.21682,1.21392,1.21446,0,SELL
2021-01-11 14:00:00,1.21448,1.2158,1.21338,1.21376,0,SELL
2021-01-11 15:00:00,1.21374,1.21558,1.21322,1.21506,0,SELL
2021-01-11 16:00:00,1.21504,1.21718,1.21472,1.21688,0,SELL
2021-01-11 17:00:00,1.21688,1.21744,1.21658,1.2167,0,SELL
2021-01-11 18:00:00,1.21668,1.21717,1.21633,1.21656,0,SELL
2021-01-11 19:00:00,1.21657,1.21696,1.21612,1.21624,0,SELL
2021-01-11 20:00:00,1.21625,1.21653,1.21531,1.21536,0,SELL
2021-01-11 21:00:00,1.21538,1.2158,1.2149,1.21512,0,SELL
2021-01-11 22:00:00,1.21514,1.21572,1.21513,1.2153,0,SELL
2021-01-11 23:00:00,1.21527,1.21615,1.21516,1.21608,0,SELL
2021-01-12 00:00:00,1.21607,1.21619,1.21511,1.21595,0,SELL
2021-01-12 01:00:00,1.21594,1.2162,1.21406,1.21492,0,SELL
2021-01-12 02:00:00,1.21494,1.21494,1.21415,1.21442,0,SELL
2021-01-12 03:00:00,1.21443,1.21502,1.21426,1.21486,0,SELL
2021-01-12 04:00:00,1.21484,1.21486,1.21388,1.2143,0,SELL
2021-01-12 05:00:00,1.21428,1.21552,1.21401,1.21534,0,SELL
2021-01-12 06:00:00,1.21532,1.21614,1.21488,1.2161,0,SELL
2021-01-12 07:00:00,1.21608,1.21752,1.21556,1.21634,0,SELL
2021-01-12 08:00:00,1.21635,1.21672,1.21506,1.21522,0,SELL
2021-01-12 09:00:00,1.2152,1.2179,1.21503,1.21618,0,SELL
2021-01-12 10:00:00,1.21616,1.21668,1.21442,1.21455,0,SELL
2021-01-12 11:00:00,1.21457,1.21584,1.21406,1.21514,0,SELL
2021-01-12 12:00:00,1.21516,1.21598,1.21494,1.21552,0,SELL
2021-01-12 13:00:00,1.21551,1.21646,1.21406,1.21463,0,SELL
2021-01-12 14:00:00,1.21465,1.21589,1.21371,1.21513,0,SELL
2021-01-12 15:00:00,1.21512,1.21662,1.2149,1.21557,0,SELL
2021-01-12 16:00:00,1.21556,1.21684,1.2155,1.21682,0,SELL
2021-01-12 17:00:00,1.2168,1.21778,1.21625,1.21746,0,SELL
2021-01-12 18:00:00,1.21745,1.21931,1.21722,1.21872,0,SELL
2021-01-12 19:00:00,1.21873,1.22068,1.21867,1.21997,0,SELL
2021-01-12 20:00:00,1.21998,1.22082,1.2198,1.22055,0,SELL
2021-01-12 21:00:00,1.22057,1.22098,1.22025,1.22079,1,BUY
2021-01-12 22:00:00,1.22072,1.22076,1.22016,1.22053,1,BUY
2021-01-12 23:00:00,1.2205,1.22094,1.22018,1.22088,1,BUY
2021-01-13 00:00:00,1.2209,1.22161,1.22074,1.2208,1,BUY
2021-01-13 01:00:00,1.22082,1.22184,1.2205,1.22175,1,BUY
2021-01-13 02:00:00,1.22174,1.22192,1.22122,1.22127,1,BUY
2021-01-13 03:00:00,1.22129,1.22205,1.22128,1.22159,1,BUY
2021-01-13 04:00:00,1.22158,1.22158,1.22088,1.22088,1,BUY
2021-01-13 05:00:00,1.22086,1.22143,1.22074,1.22091,1,BUY
2021-01-13 06:00:00,1.22091,1.22174,1.2208,1.2214,1,BUY
2021-01-13 07:00:00,1.22139,1.22229,1.22028,1.22032,1,BUY
2021-01-13 08:00:00,1.22033,1.22079,1.21856,1.21912,1,BUY
2021-01-13 09:00:00,1.2191,1.21928,1.21823,1.21895,0,SELL
2021-01-13 10:00:00,1.21894,1.2192,1.21726,1.21776,0,SELL
2021-01-13 11:00:00,1.21778,1.21789,1.21608,1.2163,0,SELL
2021-01-13 12:00:00,1.21628,1.21758,1.21627,1.2173,0,SELL
2021-01-13 13:00:00,1.2173,1.21786,1.21544,1.21614,0,SELL
2021-01-13 14:00:00,1.21615,1.2175,1.21538,1.2164,0,SELL
2021-01-13 15:00:00,1.21639,1.21808,1.21573,1.21597,0,SELL
2021-01-13 16:00:00,1.21598,1.21656,1.21518,1.21578,0,SELL
2021-01-13 17:00:00,1.2158,1.21696,1.21398,1.21654,0,SELL
2021-01-13 18:00:00,1.21656,1.21749,1.21604,1.21614,0,SELL
2021-01-13 19:00:00,1.21614,1.2163,1.21528,1.2154,0,SELL
2021-01-13 20:00:00,1.21542,1.21582,1.21486,1.21546,0,SELL
2021-01-13 21:00:00,1.21548,1.21585,1.21534,1.2158,0,SELL
2021-01-13 22:00:00,1.21545,1.2163,1.2154,1.21568,0,SELL
2021-01-13 23:00:00,1.21564,1.21638,1.2155,1.2162,0,SELL
2021-01-14 00:00:00,1.21619,1.21709,1.21602,1.21646,0,SELL
2021-01-14 01:00:00,1.21644,1.2172,1.21638,1.2166,0,SELL
2021-01-14 02:00:00,1.21662,1.21692,1.21356,1.21522,0,SELL
2021-01-14 03:00:00,1.21523,1.2154,1.21389,1.21454,0,SELL
2021-01-14 04:00:00,1.21453,1.21504,1.21432,1.21499,0,SELL
2021-01-14 05:00:00,1.21498,1.21554,1.21452,1.21553,0,SELL
2021-01-14 06:00:00,1.21551,1.21554,1.21498,1.21502,0,SELL
2021-01-14 07:00:00,1.215,1.21507,1.21362,1.21433,0,SELL
2021-01-14 08:00:00,1.21432,1.21628,1.21412,1.21584,0,SELL
2021-01-14 09:00:00,1.21586,1.21674,1.21494,1.21662,0,SELL
2021-01-14 10:00:00,1.21662,1.21672,1.21569,1.21657,0,SELL
2021-01-14 11:00:00,1.21658,1.21663,1.21484,1.21516,0,SELL
2021-01-14 12:00:00,1.21518,1.21558,1.21248,1.21298,0,SELL
2021-01-14 13:00:00,1.213,1.21322,1.21112,1.21198,0,SELL
2021-01-14 14:00:00,1.21199,1.21288,1.21141,1.21172,0,SELL
2021-01-14 15:00:00,1.2117,1.21393,1.2112,1.21358,0,SELL
2021-01-14 16:00:00,1.21356,1.21586,1.21324,1.21545,0,SELL
2021-01-14 17:00:00,1.21547,1.21786,1.21496,1.21656,0,SELL
2021-01-14 18:00:00,1.21657,1.21773,1.21502,1.21506,0,SELL
2021-01-14 19:00:00,1.21505,1.2158,1.21466,1.21552,0,SELL
2021-01-14 20:00:00,1.21554,1.21655,1.21548,1.21642,0,SELL
2021-01-14 21:00:00,1.21644,1.21648,1.21517,1.21546,0,SELL
2021-01-14 22:00:00,1.21551,1.21569,1.21521,1.21521,0,SELL
2021-01-14 23:00:00,1.21524,1.21569,1.21502,1.21506,0,SELL
2021-01-15 00:00:00,1.21507,1.21626,1.21506,1.21545,0,SELL
2021-01-15 01:00:00,1.21544,1.21576,1.21486,1.21508,0,SELL
2021-01-15 02:00:00,1.2151,1.21517,1.21434,1.21516,0,SELL
2021-01-15 03:00:00,1.21517,1.21548,1.21494,1.21495,0,SELL
2021-01-15 04:00:00,1.21494,1.2151,1.21434,1.21471,0,SELL
2021-01-15 05:00:00,1.2147,1.2147,1.21354,1.214,0,SELL
2021-01-15 06:00:00,1.21398,1.21442,1.21339,1.21378,0,SELL
2021-01-15 07:00:00,1.21376,1.21468,1.21344,1.21352,0,SELL
2021-01-15 08:00:00,1.2135,1.21412,1.21178,1.21312,0,SELL
2021-01-15 09:00:00,1.21312,1.21416,1.2128,1.21392,0,SELL
2021-01-15 10:00:00,1.2139,1.21444,1.21268,1.21318,0,SELL
2021-01-15 11:00:00,1.21319,1.21372,1.21222,1.21234,0,SELL
2021-01-15 12:00:00,1.21232,1.21254,1.21154,1.21217,0,SELL
2021-01-15 13:00:00,1.21215,1.2133,1.2114,1.2116,0,SELL
2021-01-15 14:00:00,1.21159,1.21178,1.20938,1.20975,0,SELL
2021-01-15 15:00:00,1.20976,1.21022,1.20818,1.20933,0,SELL
2021-01-15 16:00:00,1.20932,1.21004,1.20876,1.20978,0,SELL
2021-01-15 17:00:00,1.20979,1.21003,1.20882,1.20938,0,SELL
2021-01-15 18:00:00,1.20936,1.20936,1.20774,1.20808,0,SELL
2021-01-15 19:00:00,1.20809,1.20849,1.20768,1.20768,0,SELL
2021-01-15 20:00:00,1.2077,1.2082,1.20764,1.20783,0,SELL
2021-01-15 21:00:00,1.20782,1.20804,1.2075,1.20804,0,SELL
2021-01-17 22:00:00,1.2084,1.20846,1.2076,1.20785,0,SELL
2021-01-17 23:00:00,1.2078,1.20864,1.20661,1.20664,0,SELL
2021-01-18 00:00:00,1.20662,1.20783,1.20651,1.20758,0,SELL
2021-01-18 01:00:00,1.20759,1.20812,1.20709,1.20787,0,SELL
2021-01-18 02:00:00,1.20788,1.20848,1.20756,1.2083,0,SELL
2021-01-18 03:00:00,1.20829,1.20832,1.20702,1.20742,0,SELL
2021-01-18 04:00:00,1.20744,1.20746,1.20654,1.20701,0,SELL
2021-01-18 05:00:00,1.20702,1.20778,1.20658,1.20777,0,SELL
2021-01-18 06:00:00,1.20777,1.20818,1.20738,1.20808,0,SELL
2021-01-18 07:00:00,1.20807,1.20869,1.20674,1.20676,0,SELL
2021-01-18 08:00:00,1.20675,1.20798,1.20669,1.20696,0,SELL
2021-01-18 09:00:00,1.20696,1.20754,1.20591,1.20622,0,SELL
2021-01-18 10:00:00,1.20623,1.20697,1.20562,1.20674,0,SELL
2021-01-18 11:00:00,1.20675,1.20757,1.20626,1.20654,0,SELL
2021-01-18 12:00:00,1.20654,1.2067,1.20536,1.20562,0,SELL
2021-01-18 13:00:00,1.2056,1.20693,1.20546,1.2066,0,SELL
2021-01-18 14:00:00,1.20662,1.2073,1.20628,1.20717,0,SELL
2021-01-18 15:00:00,1.20718,1.20768,1.20682,1.20748,0,SELL
2021-01-18 16:00:00,1.20749,1.20809,1.20736,1.20767,0,SELL
2021-01-18 17:00:00,1.20766,1.20767,1.20708,1.20749,0,SELL
2021-01-18 18:00:00,1.2075,1.2078,1.2072,1.2074,0,SELL
2021-01-18 19:00:00,1.20742,1.20819,1.20739,1.20792,0,SELL
2021-01-18 20:00:00,1.2079,1.20808,1.2077,1.2077,0,SELL
2021-01-18 21:00:00,1.20772,1.20809,1.20752,1.20773,0,SELL
2021-01-18 22:00:00,1.20768,1.2079,1.20768,1.20774,0,SELL
2021-01-18 23:00:00,1.20772,1.20782,1.2074,1.20778,0,SELL
2021-01-19 00:00:00,1.20776,1.20928,1.20775,1.20864,0,SELL
2021-01-19 01:00:00,1.20862,1.2097,1.2086,1.20934,0,SELL
2021-01-19 02:00:00,1.20935,1.2098,1.20908,1.20947,0,SELL
2021-01-19 03:00:00,1.20948,1.20986,1.20924,1.20971,0,SELL
2021-01-19 04:00:00,1.20972,1.20974,1.20939,1.20956,0,SELL
2021-01-19 05:00:00,1.20957,1.20971,1.2091,1.20971,0,SELL
2021-01-19 06:00:00,1.20971,1.2098,1.20926,1.2098,0,SELL
2021-01-19 07:00:00,1.20981,1.21079,1.20854,1.21043,0,SELL
2021-01-19 08:00:00,1.21042,1.2119,1.21033,1.21094,0,SELL
2021-01-19 09:00:00,1.21096,1.21229,1.21027,1.21183,1,BUY
2021-01-19 10:00:00,1.21185,1.21344,1.21182,1.21285,1,BUY
2021-01-19 11:00:00,1.21284,1.21376,1.21271,1.21274,1,BUY
2021-01-19 12:00:00,1.21275,1.21336,1.21243,1.2126,1,BUY
2021-01-19 13:00:00,1.21262,1.21414,1.21234,1.21362,1,BUY
2021-01-19 14:00:00,1.2136,1.2145,1.21224,1.21262,1,BUY
2021-01-19 15:00:00,1.21261,1.21352,1.21189,1.21282,1,BUY
2021-01-19 16:00:00,1.21281,1.21342,1.21158,1.21248,1,BUY
2021-01-19 17:00:00,1.21249,1.21262,1.21166,1.21212,1,BUY
2021-01-19 18:00:00,1.21213,1.2125,1.21189,1.21218,1,BUY
2021-01-19 19:00:00,1.21217,1.213,1.21196,1.21252,1,BUY
2021-01-19 20:00:00,1.21254,1.2128,1.21232,1.2127,1,BUY
2021-01-19 21:00:00,1.21268,1.21296,1.21246,1.21286,1,BUY
2021-01-19 22:00:00,1.21284,1.21288,1.21232,1.21281,1,BUY
2021-01-19 23:00:00,1.2128,1.214,1.21268,1.21395,1,BUY
2021-01-20 00:00:00,1.21394,1.21464,1.21274,1.21424,1,BUY
2021-01-20 01:00:00,1.21424,1.2145,1.21354,1.21409,1,BUY
2021-01-20 02:00:00,1.21408,1.21496,1.21398,1.21435,1,BUY
2021-01-20 03:00:00,1.21436,1.21472,1.21423,1.21446,1,BUY
2021-01-20 04:00:00,1.21444,1.21448,1.21397,1.21405,1,BUY
2021-01-20 05:00:00,1.21406,1.21445,1.21404,1.21444,1,BUY
2021-01-20 06:00:00,1.21446,1.2158,1.21423,1.21487,1,BUY
2021-01-20 07:00:00,1.21485,1.21578,1.21478,1.21558,1,BUY
2021-01-20 08:00:00,1.21556,1.21583,1.21308,1.21352,1,BUY
2021-01-20 09:00:00,1.21351,1.21368,1.2118,1.21274,1,BUY
2021-01-20 10:00:00,1.21276,1.21277,1.21134,1.21214,1,BUY
2021-01-20 11:00:00,1.21212,1.21228,1.21114,1.21122,1,BUY
2021-01-20 12:00:00,1.21122,1.21147,1.20962,1.20984,0,SELL
2021-01-20 13:00:00,1.20986,1.2109,1.20956,1.21072,0,SELL
2021-01-20 14:00:00,1.21072,1.21134,1.20768,1.20804,0,SELL
2021-01-20 15:00:00,1.20806,1.21178,1.20806,1.21054,0,SELL
2021-01-20 16:00:00,1.21054,1.2115,1.20924,1.21102,0,SELL
2021-01-20 17:00:00,1.21104,1.21138,1.21012,1.21068,0,SELL
2021-01-20 18:00:00,1.21068,1.21101,1.21034,1.21092,0,SELL
2021-01-20 19:00:00,1.21091,1.21092,1.21032,1.21072,0,SELL
2021-01-20 20:00:00,1.21073,1.21076,1.2099,1.21072,0,SELL
2021-01-20 21:00:00,1.2107,1.21078,1.21047,1.21062,0,SELL
2021-01-20 22:00:00,1.21059,1.21104,1.21037,1.21098,0,SELL
2021-01-20 23:00:00,1.211,1.21188,1.21094,1.21146,0,SELL
2021-01-21 00:00:00,1.21145,1.21177,1.21095,1.21176,0,SELL
2021-01-21 01:00:00,1.21174,1.21308,1.21156,1.2124,0,SELL
2021-01-21 02:00:00,1.2124,1.21338,1.2123,1.21254,0,SELL
2021-01-21 03:00:00,1.21256,1.21323,1.21255,1.21297,1,BUY
2021-01-21 04:00:00,1.21298,1.21316,1.21272,1.21296,1,BUY
2021-01-21 05:00:00,1.21297,1.21382,1.21282,1.21348,1,BUY
2021-01-21 06:00:00,1.21347,1.21371,1.21285,1.21312,1,BUY
2021-01-21 07:00:00,1.2131,1.21353,1.21178,1.21197,1,BUY
2021-01-21 08:00:00,1.21196,1.21374,1.21149,1.2132,1,BUY
2021-01-21 09:00:00,1.21319,1.2146,1.21274,1.21424,1,BUY
2021-01-21 10:00:00,1.21422,1.21472,1.21351,1.21392,1,BUY
2021-01-21 11:00:00,1.21393,1.21462,1.21325,1.21433,1,BUY
2021-01-21 12:00:00,1.21432,1.21551,1.21415,1.21432,1,BUY
2021-01-21 13:00:00,1.21434,1.21732,1.21406,1.21516,1,BUY
2021-01-21 14:00:00,1.21517,1.21574,1.21364,1.215,1,BUY
2021-01-21 15:00:00,1.21502,1.21701,1.21485,1.21512,1,BUY
2021-01-21 16:00:00,1.21514,1.21546,1.2137,1.21424,1,BUY
2021-01-21 17:00:00,1.21426,1.215,1.21358,1.21486,1,BUY
2021-01-21 18:00:00,1.21486,1.21568,1.21482,1.21554,1,BUY
2021-01-21 19:00:00,1.21552,1.21613,1.2154,1.21602,1,BUY
2021-01-21 20:00:00,1.216,1.21701,1.21569,1.21688,1,BUY
2021-01-21 21:00:00,1.2169,1.217,1.21648,1.21676,1,BUY
2021-01-21 22:00:00,1.2165,1.21677,1.21642,1.21677,1,BUY
2021-01-21 23:00:00,1.2168,1.21708,1.21648,1.21656,1,BUY
2021-01-22 00:00:00,1.21658,1.21777,1.21648,1.21691,1,BUY
2021-01-22 01:00:00,1.2169,1.21736,1.21616,1.2173,1,BUY
2021-01-22 02:00:00,1.21732,1.2176,1.21702,1.21742,1,BUY
2021-01-22 03:00:00,1.2174,1.21756,1.21712,1.21738,1,BUY
2021-01-22 04:00:00,1.21737,1.21768,1.21713,1.21736,1,BUY
2021-01-22 05:00:00,1.21734,1.21746,1.21708,1.21721,1,BUY
2021-01-22 06:00:00,1.2172,1.21721,1.2163,1.21654,1,BUY
2021-01-22 07:00:00,1.21652,1.21652,1.21534,1.21568,1,BUY
2021-01-22 08:00:00,1.21568,1.21839,1.21516,1.218,1,BUY
2021-01-22 09:00:00,1.21802,1.21896,1.21598,1.21738,1,BUY
2021-01-22 10:00:00,1.2174,1.2178,1.21663,1.21684,1,BUY
2021-01-22 11:00:00,1.21685,1.21876,1.21684,1.21766,1,BUY
2021-01-22 12:00:00,1.21766,1.21813,1.21593,1.2164,1,BUY
2021-01-22 13:00:00,1.2164,1.21708,1.21552,1.21656,1,BUY
2021-01-22 14:00:00,1.21657,1.21746,1.21543,1.2174,1,BUY
2021-01-22 15:00:00,1.21741,1.2185,1.21622,1.21723,1,BUY
2021-01-22 16:00:00,1.21724,1.21818,1.21706,1.21776,1,BUY
2021-01-22 17:00:00,1.21777,1.21793,1.2163,1.21672,1,BUY
2021-01-22 18:00:00,1.21671,1.2171,1.21654,1.2169,1,BUY
2021-01-22 19:00:00,1.21692,1.21733,1.21664,1.21666,1,BUY
2021-01-22 20:00:00,1.21665,1.2172,1.21654,1.21682,1,BUY
2021-01-22 21:00:00,1.21683,1.21756,1.21658,1.21718,1,BUY
2021-01-24 22:00:00,1.21716,1.2173,1.2164,1.21677,1,BUY
2021-01-24 23:00:00,1.2168,1.21708,1.21644,1.21672,1,BUY
2021-01-25 00:00:00,1.21673,1.21737,1.21666,1.21679,1,BUY
2021-01-25 01:00:00,1.2168,1.21688,1.21602,1.21643,1,BUY
2021-01-25 02:00:00,1.21644,1.21756,1.21644,1.21705,1,BUY
2021-01-25 03:00:00,1.21706,1.21778,1.21706,1.21751,1,BUY
2021-01-25 04:00:00,1.21752,1.21804,1.21752,1.21761,1,BUY
2021-01-25 05:00:00,1.21762,1.2181,1.2175,1.21808,1,BUY
2021-01-25 06:00:00,1.2181,1.21834,1.21739,1.21772,1,BUY
2021-01-25 07:00:00,1.21773,1.21828,1.21716,1.21797,1,BUY
2021-01-25 08:00:00,1.21796,1.21802,1.21685,1.21733,1,BUY
2021-01-25 09:00:00,1.21732,1.21748,1.21441,1.21476,1,BUY
2021-01-25 10:00:00,1.21474,1.2159,1.21402,1.21573,1,BUY
2021-01-25 11:00:00,1.21574,1.21627,1.21543,1.21568,0,SELL
2021-01-25 12:00:00,1.21566,1.21596,1.21498,1.21534,0,SELL
2021-01-25 13:00:00,1.21536,1.21537,1.21435,1.2147,0,SELL
2021-01-25 14:00:00,1.21472,1.21524,1.21198,1.21207,0,SELL
2021-01-25 15:00:00,1.21205,1.21314,1.21161,1.21302,0,SELL
2021-01-25 16:00:00,1.21301,1.21382,1.21196,1.21369,0,SELL
2021-01-25 17:00:00,1.21368,1.21475,1.21362,1.21445,0,SELL
2021-01-25 18:00:00,1.21446,1.21467,1.21402,1.2143,0,SELL
2021-01-25 19:00:00,1.21432,1.21446,1.21369,1.21388,0,SELL
2021-01-25 20:00:00,1.21389,1.21418,1.21361,1.21416,0,SELL
2021-01-25 21:00:00,1.21414,1.21436,1.21385,1.21416,0,SELL
2021-01-25 22:00:00,1.21416,1.21449,1.21374,1.21434,0,SELL
2021-01-25 23:00:00,1.21432,1.21444,1.21417,1.21428,0,SELL
2021-01-26 00:00:00,1.21427,1.21427,1.21332,1.21344,0,SELL
2021-01-26 01:00:00,1.21344,1.21458,1.21334,1.21456,0,SELL
2021-01-26 02:00:00,1.21455,1.21463,1.21424,1.21424,0,SELL
2021-01-26 03:00:00,1.21426,1.21442,1.21378,1.21398,0,SELL
2021-01-26 04:00:00,1.21396,1.214,1.21274,1.21304,0,SELL
2021-01-26 05:00:00,1.21305,1.21319,1.2127,1.21311,0,SELL
2021-01-26 06:00:00,1.2131,1.21312,1.21234,1.21273,0,SELL
2021-01-26 07:00:00,1.21275,1.21314,1.21078,1.21114,0,SELL
2021-01-26 08:00:00,1.21116,1.21416,1.21116,1.21384,0,SELL
2021-01-26 09:00:00,1.21385,1.21388,1.2121,1.2129,0,SELL
2021-01-26 10:00:00,1.21292,1.2135,1.21232,1.2127,0,SELL
2021-01-26 11:00:00,1.21268,1.21427,1.21251,1.21376,0,SELL
2021-01-26 12:00:00,1.21378,1.21492,1.21361,1.21444,0,SELL
2021-01-26 13:00:00,1.21444,1.21619,1.21406,1.21566,0,SELL
2021-01-26 14:00:00,1.21568,1.21644,1.2154,1.21593,0,SELL
2021-01-26 15:00:00,1.21592,1.2176,1.21575,1.21678,1,BUY
2021-01-26 16:00:00,1.21679,1.2169,1.21399,1.21464,1,BUY
2021-01-26 17:00:00,1.21464,1.21584,1.2146,1.21574,1,BUY
2021-01-26 18:00:00,1.21573,1.21652,1.21563,1.21639,1,BUY
2021-01-26 19:00:00,1.21638,1.21683,1.21596,1.21647,1,BUY
2021-01-26 20:00:00,1.21648,1.21678,1.2164,1.21674,1,BUY
2021-01-26 21:00:00,1.21676,1.21686,1.2159,1.216,1,BUY
2021-01-26 22:00:00,1.2162,1.21648,1.2161,1.2162,1,BUY
2021-01-26 23:00:00,1.21616,1.21638,1.21604,1.21634,1,BUY
2021-01-27 00:00:00,1.21633,1.21699,1.21606,1.21625,1,BUY
2021-01-27 01:00:00,1.21624,1.21672,1.21584,1.2161,1,BUY
2021-01-27 02:00:00,1.2161,1.21612,1.21554,1.21592,1,BUY
2021-01-27 03:00:00,1.2159,1.21594,1.21548,1.21568,1,BUY
2021-01-27 04:00:00,1.2157,1.21581,1.21531,1.21574,1,BUY
2021-01-27 05:00:00,1.21573,1.21652,1.21562,1.21632,1,BUY
2021-01-27 06:00:00,1.2163,1.2166,1.21588,1.21631,1,BUY
2021-01-27 07:00:00,1.21632,1.21632,1.21518,1.21552,1,BUY
2021-01-27 08:00:00,1.21554,1.21586,1.21439,1.21482,0,SELL
2021-01-27 09:00:00,1.2148,1.21489,1.21194,1.21228,0,SELL
2021-01-27 10:00:00,1.21226,1.2133,1.21188,1.21312,0,SELL
2021-01-27 11:00:00,1.21311,1.21312,1.21135,1.21166,0,SELL
2021-01-27 12:00:00,1.21164,1.21198,1.21056,1.21079,0,SELL
2021-01-27 13:00:00,1.21078,1.21171,1.20981,1.21112,0,SELL
2021-01-27 14:00:00,1.21113,1.21125,1.20585,1.20684,0,SELL
2021-01-27 15:00:00,1.20684,1.20984,1.20678,1.20912,0,SELL
2021-01-27 16:00:00,1.20914,1.21096,1.20894,1.21004,0,SELL
2021-01-27 17:00:00,1.21004,1.21194,1.20971,1.21179,0,SELL
2021-01-27 18:00:00,1.2118,1.21208,1.21106,1.21204,0,SELL
2021-01-27 19:00:00,1.21202,1.2129,1.2098,1.21001,0,SELL
2021-01-27 20:00:00,1.21002,1.21081,1.20933,1.2105,0,SELL
2021-01-27 21:00:00,1.21048,1.21142,1.2102,1.2112,0,SELL
2021-01-27 22:00:00,1.2112,1.2112,1.21062,1.21088,0,SELL
2021-01-27 23:00:00,1.21086,1.21112,1.20945,1.2103,0,SELL
2021-01-28 00:00:00,1.21028,1.2105,1.20826,1.20881,0,SELL
2021-01-28 01:00:00,1.20879,1.2106,1.20862,1.21014,0,SELL
2021-01-28 02:00:00,1.21013,1.21052,1.20907,1.20944,0,SELL
2021-01-28 03:00:00,1.20943,1.20943,1.20877,1.20913,0,SELL
2021-01-28 04:00:00,1.20914,1.2094,1.2087,1.20937,0,SELL
2021-01-28 05:00:00,1.20936,1.21056,1.20916,1.21056,0,SELL
2021-01-28 06:00:00,1.21054,1.21054,1.20934,1.21035,0,SELL
2021-01-28 07:00:00,1.21034,1.21034,1.20808,1.2094,0,SELL
2021-01-28 08:00:00,1.20942,1.21135,1.2089,1.20909,0,SELL
2021-01-28 09:00:00,1.20912,1.21113,1.20906,1.21088,0,SELL
2021-01-28 10:00:00,1.21086,1.21174,1.21036,1.21089,0,SELL
2021-01-28 11:00:00,1.21088,1.21116,1.20959,1.21023,0,SELL
2021-01-28 12:00:00,1.21024,1.21118,1.20982,1.20992,0,SELL
2021-01-28 13:00:00,1.2099,1.21309,1.2088,1.21286,0,SELL
2021-01-28 14:00:00,1.21287,1.21424,1.2122,1.21296,0,SELL
2021-01-28 15:00:00,1.21295,1.2142,1.21216,1.21217,0,SELL
2021-01-28 16:00:00,1.21216,1.21296,1.21189,1.21216,0,SELL
2021-01-28 17:00:00,1.21218,1.21305,1.21212,1.21252,0,SELL
2021-01-28 18:00:00,1.21253,1.21375,1.2124,1.21348,1,BUY
2021-01-28 19:00:00,1.21349,1.214,1.21315,1.21317,1,BUY
2021-01-28 20:00:00,1.21315,1.21378,1.2125,1.2126,1,BUY
2021-01-28 21:00:00,1.21262,1.2127,1.21186,1.21218,1,BUY
2021-01-28 22:00:00,1.21229,1.21292,1.21188,1.21216,0,SELL
2021-01-28 23:00:00,1.21218,1.21246,1.21186,1.2121,0,SELL
2021-01-29 00:00:00,1.21209,1.2122,1.21038,1.21074,0,SELL
2021-01-29 01:00:00,1.21073,1.21162,1.21064,1.21084,0,SELL
2021-01-29 02:00:00,1.21086,1.21092,1.21022,1.21044,0,SELL
2021-01-29 03:00:00,1.21042,1.21066,1.20974,1.20974,0,SELL
2021-01-29 04:00:00,1.20973,1.21021,1.20952,1.20998,0,SELL
2021-01-29 05:00:00,1.20996,1.21018,1.20945,1.20996,0,SELL
2021-01-29 06:00:00,1.20995,1.2107,1.2098,1.21056,0,SELL
2021-01-29 07:00:00,1.21057,1.21089,1.20996,1.21046,0,SELL
2021-01-29 08:00:00,1.21044,1.21198,1.20972,1.21172,0,SELL
2021-01-29 09:00:00,1.21172,1.21212,1.2106,1.21167,0,SELL
2021-01-29 10:00:00,1.21166,1.21344,1.2107,1.21344,0,SELL
2021-01-29 11:00:00,1.21344,1.21388,1.21268,1.21268,0,SELL
2021-01-29 12:00:00,1.21268,1.21486,1.21267,1.21336,1,BUY
2021-01-29 13:00:00,1.21338,1.21522,1.21267,1.21464,1,BUY
2021-01-29 14:00:00,1.21464,1.21561,1.21396,1.21467,1,BUY
2021-01-29 15:00:00,1.21468,1.21552,1.2125,1.21494,1,BUY
2021-01-29 16:00:00,1.21492,1.21534,1.21298,1.21352,1,BUY
2021-01-29 17:00:00,1.21353,1.21439,1.21293,1.21325,1,BUY
2021-01-29 18:00:00,1.21324,1.21366,1.21275,1.21296,1,BUY
2021-01-29 19:00:00,1.21296,1.21349,1.21286,1.21308,1,BUY
2021-01-29 20:00:00,1.21307,1.21394,1.21305,1.21348,1,BUY
2021-01-29 21:00:00,1.2135,1.21388,1.21304,1.21376,1,BUY
2021-01-31 22:00:00,1.2131,1.21342,1.21284,1.21286,0,SELL
2021-01-31 23:00:00,1.21291,1.21326,1.21204,1.2123,0,SELL
2021-02-01 00:00:00,1.21228,1.213,1.21202,1.213,0,SELL
2021-02-01 01:00:00,1.21298,1.21365,1.21257,1.21274,0,SELL
2021-02-01 02:00:00,1.21276,1.21298,1.21248,1.21271,0,SELL
2021-02-01 03:00:00,1.21273,1.21317,1.2126,1.21296,0,SELL
2021-02-01 04:00:00,1.21294,1.21333,1.21274,1.21278,0,SELL
2021-02-01 05:00:00,1.2128,1.21326,1.2126,1.21301,0,SELL
2021-02-01 06:00:00,1.21302,1.21328,1.2128,1.21293,0,SELL
2021-02-01 07:00:00,1.21294,1.2131,1.21218,1.21285,0,SELL
2021-02-01 08:00:00,1.21283,1.2131,1.20883,1.2089,0,SELL
2021-02-01 09:00:00,1.20888,1.21044,1.20837,1.20938,0,SELL
2021-02-01 10:00:00,1.20938,1.20942,1.20694,1.20799,0,SELL
2021-02-01 11:00:00,1.20798,1.20845,1.20726,1.20818,0,SELL
2021-02-01 12:00:00,1.20818,1.20887,1.20722,1.20756,0,SELL
2021-02-01 13:00:00,1.20758,1.2093,1.2073,1.20848,0,SELL
2021-02-01 14:00:00,1.2085,1.20996,1.20836,1.20872,0,SELL
2021-02-01 15:00:00,1.20876,1.20985,1.20798,1.20846,0,SELL
2021-02-01 16:00:00,1.20847,1.20872,1.20682,1.20686,0,SELL
2021-02-01 17:00:00,1.20688,1.20702,1.20626,1.20698,0,SELL
2021-02-01 18:00:00,1.20696,1.20784,1.20615,1.20678,0,SELL
2021-02-01 19:00:00,1.20678,1.20771,1.20656,1.20666,0,SELL
2021-02-01 20:00:00,1.20664,1.20712,1.20562,1.20568,0,SELL
2021-02-01 21:00:00,1.20566,1.20619,1.20561,1.20602,0,SELL
2021-02-01 22:00:00,1.20597,1.20642,1.20597,1.20619,0,SELL
2021-02-01 23:00:00,1.20624,1.20686,1.2061,1.20678,0,SELL
2021-02-02 00:00:00,1.20676,1.20687,1.20625,1.2068,0,SELL
2021-02-02 01:00:00,1.20679,1.20863,1.20672,1.20842,0,SELL
2021-02-02 02:00:00,1.20841,1.20878,1.20818,1.20836,0,SELL
2021-02-02 03:00:00,1.20837,1.20847,1.20798,1.20818,0,SELL
2021-02-02 04:00:00,1.2082,1.2083,1.20751,1.20756,0,SELL
2021-02-02 05:00:00,1.20757,1.20796,1.20746,1.20792,0,SELL
2021-02-02 06:00:00,1.20794,1.20796,1.20662,1.2071,0,SELL
2021-02-02 07:00:00,1.20708,1.20761,1.20642,1.20688,0,SELL
2021-02-02 08:00:00,1.2069,1.20874,1.20673,1.20868,0,SELL
2021-02-02 09:00:00,1.20866,1.20868,1.2064,1.20672,0,SELL
2021-02-02 10:00:00,1.2067,1.20697,1.20322,1.20352,0,SELL
2021-02-02 11:00:00,1.20354,1.20408,1.20265,1.2028,0,SELL
2021-02-02 12:00:00,1.20278,1.20401,1.20263,1.20388,0,SELL
2021-02-02 13:00:00,1.20388,1.205,1.20348,1.20483,0,SELL
2021-02-02 14:00:00,1.20482,1.20494,1.20205,1.20234,0,SELL
2021-02-02 15:00:00,1.20239,1.2034,1.20208,1.20274,0,SELL
2021-02-02 16:00:00,1.20273,1.20328,1.20187,1.20194,0,SELL
2021-02-02 17:00:00,1.20192,1.20257,1.20116,1.20189,0,SELL
2021-02-02 18:00:00,1.2019,1.20248,1.20176,1.2018,0,SELL
2021-02-02 19:00:00,1.20181,1.20258,1.20173,1.202,0,SELL
2021-02-02 20:00:00,1.20198,1.20404,1.20172,1.20372,0,SELL
2021-02-02 21:00:00,1.2037,1.20462,1.20343,1.20437,0,SELL
2021-02-02 22:00:00,1.20427,1.20454,1.20427,1.20438,0,SELL
2021-02-02 23:00:00,1.20442,1.20446,1.20362,1.20368,0,SELL
2021-02-03 00:00:00,1.2037,1.20461,1.20358,1.20442,0,SELL
2021-02-03 01:00:00,1.20444,1.20502,1.2042,1.2047,0,SELL
2021-02-03 02:00:00,1.20471,1.2048,1.20446,1.20466,0,SELL
2021-02-03 03:00:00,1.20468,1.20482,1.20418,1.2042,0,SELL
2021-02-03 04:00:00,1.20418,1.20438,1.20393,1.20434,0,SELL
2021-02-03 05:00:00,1.20434,1.20459,1.20416,1.2044,0,SELL
2021-02-03 06:00:00,1.2044,1.20441,1.20348,1.20378,0,SELL
2021-02-03 07:00:00,1.20376,1.20406,1.20276,1.20377,0,SELL
2021-02-03 08:00:00,1.20376,1.20423,1.20312,1.20316,0,SELL
2021-02-03 09:00:00,1.20318,1.20318,1.20094,1.20228,0,SELL
2021-02-03 10:00:00,1.20232,1.20304,1.20123,1.20212,0,SELL
2021-02-03 11:00:00,1.2021,1.20243,1.20163,1.20163,0,SELL
2021-02-03 12:00:00,1.2016,1.2023,1.2005,1.20108,0,SELL
2021-02-03 13:00:00,1.20108,1.20235,1.20084,1.20172,0,SELL
2021-02-03 14:00:00,1.2017,1.20326,1.20158,1.20266,0,SELL
2021-02-03 15:00:00,1.20268,1.20299,1.20042,1.20108,0,SELL
2021-02-03 16:00:00,1.20109,1.20268,1.20106,1.20238,0,SELL
2021-02-03 17:00:00,1.2024,1.2031,1.20228,1.20268,0,SELL
2021-02-03 18:00:00,1.20269,1.20282,1.20212,1.20274,0,SELL
2021-02-03 19:00:00,1.20272,1.20289,1.20256,1.20256,0,SELL
2021-02-03 20:00:00,1.20258,1.20363,1.20242,1.20332,0,SELL
2021-02-03 21:00:00,1.20334,1.20375,1.20321,1.20355,0,SELL
2021-02-03 22:00:00,1.2036,1.2036,1.2031,1.2034,0,SELL
2021-02-03 23:00:00,1.20342,1.2042,1.20342,1.20416,0,SELL
2021-02-04 00:00:00,1.20417,1.20429,1.20351,1.20362,0,SELL
2021-02-04 01:00:00,1.2036,1.2039,1.20335,1.2035,0,SELL
2021-02-04 02:00:00,1.20351,1.20385,1.20312,1.20326,0,SELL
2021-02-04 03:00:00,1.20324,1.20335,1.20168,1.20185,0,SELL
2021-02-04 04:00:00,1.20184,1.2021,1.20158,1.20198,0,SELL
2021-02-04 05:00:00,1.20196,1.20198,1.20126,1.2017,0,SELL
2021-02-04 06:00:00,1.2017,1.2017,1.2007,1.20116,0,SELL
2021-02-04 07:00:00,1.20114,1.20134,1.19996,1.20084,0,SELL
2021-02-04 08:00:00,1.20082,1.20138,1.19912,1.19933,0,SELL
2021-02-04 09:00:00,1.19932,1.19962,1.19832,1.19858,0,SELL
2021-02-04 10:00:00,1.19856,1.1997,1.19837,1.19877,0,SELL
2021-02-04 11:00:00,1.19878,1.19962,1.19839,1.19876,0,SELL
2021-02-04 12:00:00,1.19877,1.19944,1.19828,1.19928,0,SELL
2021-02-04 13:00:00,1.19929,1.1998,1.19836,1.1984,0,SELL
2021-02-04 14:00:00,1.19842,1.19893,1.19758,1.19809,0,SELL
2021-02-04 15:00:00,1.19808,1.19845,1.19666,1.19788,0,SELL
2021-02-04 16:00:00,1.19787,1.19795,1.1972,1.19744,0,SELL
2021-02-04 17:00:00,1.19742,1.19742,1.19574,1.19604,0,SELL
2021-02-04 18:00:00,1.19606,1.1967,1.19588,1.19632,0,SELL
2021-02-04 19:00:00,1.1963,1.19681,1.19576,1.1966,0,SELL
2021-02-04 20:00:00,1.19662,1.19678,1.19636,1.1966,0,SELL
2021-02-04 21:00:00,1.19662,1.1968,1.19603,1.19624,0,SELL
2021-02-04 22:00:00,1.19648,1.1968,1.19593,1.19648,0,SELL
2021-02-04 23:00:00,1.19646,1.19691,1.19634,1.19663,0,SELL
2021-02-05 00:00:00,1.19661,1.19721,1.19634,1.1969,0,SELL
2021-02-05 01:00:00,1.1969,1.19694,1.19622,1.1966,0,SELL
2021-02-05 02:00:00,1.19662,1.19682,1.19535,1.19541,0,SELL
2021-02-05 03:00:00,1.19542,1.19575,1.19524,1.19548,0,SELL
2021-02-05 04:00:00,1.1955,1.19573,1.19537,1.19561,0,SELL
2021-02-05 05:00:00,1.19562,1.19632,1.19553,1.1963,0,SELL
2021-02-05 06:00:00,1.19632,1.19664,1.19596,1.19656,0,SELL
2021-02-05 07:00:00,1.19654,1.19669,1.19596,1.19633,0,SELL
2021-02-05 08:00:00,1.19634,1.19875,1.19634,1.19844,0,SELL
2021-02-05 09:00:00,1.19846,1.1988,1.19764,1.1977,0,SELL
2021-02-05 10:00:00,1.19768,1.1983,1.19738,1.19738,0,SELL
2021-02-05 11:00:00,1.19739,1.19816,1.19687,1.19798,0,SELL
2021-02-05 12:00:00,1.198,1.19931,1.19774,1.19897,0,SELL
2021-02-05 13:00:00,1.19896,1.20239,1.19812,1.2004,0,SELL
2021-02-05 14:00:00,1.20038,1.20226,1.20007,1.20215,0,SELL
2021-02-05 15:00:00,1.20214,1.20339,1.20179,1.20238,1,BUY
2021-02-05 16:00:00,1.20242,1.20404,1.2024,1.2035,1,BUY
2021-02-05 17:00:00,1.20348,1.2042,1.20336,1.20379,1,BUY
2021-02-05 18:00:00,1.20378,1.20476,1.20372,1.20426,1,BUY
2021-02-05 19:00:00,1.20426,1.20442,1.20393,1.20428,1,BUY
2021-02-05 20:00:00,1.20428,1.20498,1.20406,1.20491,1,BUY
2021-02-05 21:00:00,1.2049,1.20502,1.20461,1.20466,1,BUY
2021-02-07 22:00:00,1.20382,1.20446,1.20371,1.20428,1,BUY
2021-02-07 23:00:00,1.20434,1.20554,1.20428,1.20486,1,BUY
2021-02-08 00:00:00,1.20489,1.20528,1.20306,1.20324,1,BUY
2021-02-08 01:00:00,1.20326,1.20388,1.20298,1.20384,1,BUY
2021-02-08 02:00:00,1.20382,1.20382,1.20314,1.20364,1,BUY
2021-02-08 03:00:00,1.20361,1.20391,1.2035,1.20384,1,BUY
2021-02-08 04:00:00,1.20386,1.204,1.20344,1.20347,1,BUY
2021-02-08 05:00:00,1.20348,1.20428,1.20348,1.20368,1,BUY
2021-02-08 06:00:00,1.20368,1.20398,1.20334,1.20392,1,BUY
2021-02-08 07:00:00,1.2039,1.2049,1.2032,1.20408,1,BUY
2021-02-08 08:00:00,1.20408,1.20479,1.20252,1.2031,1,BUY
2021-02-08 09:00:00,1.20308,1.20352,1.2024,1.20283,1,BUY
2021-02-08 10:00:00,1.20282,1.20347,1.20234,1.20324,1,BUY
2021-02-08 11:00:00,1.20322,1.20394,1.20292,1.20297,1,BUY
2021-02-08 12:00:00,1.20298,1.20326,1.20198,1.20266,1,BUY
2021-02-08 13:00:00,1.20268,1.20442,1.20202,1.20377,1,BUY
2021-02-08 14:00:00,1.20376,1.20638,1.20372,1.20564,1,BUY
2021-02-08 15:00:00,1.20563,1.20661,1.20464,1.20469,1,BUY
2021-02-08 16:00:00,1.20468,1.20521,1.20332,1.20446,1,BUY
2021-02-08 17:00:00,1.20447,1.20515,1.20422,1.20472,1,BUY
2021-02-08 18:00:00,1.20471,1.20512,1.2044,1.205,1,BUY
2021-02-08 19:00:00,1.20502,1.20574,1.20488,1.20554,1,BUY
2021-02-08 20:00:00,1.20553,1.20575,1.20502,1.2052,1,BUY
2021-02-08 21:00:00,1.20518,1.20521,1.20484,1.20513,1,BUY
2021-02-08 22:00:00,1.20492,1.20525,1.2049,1.20512,1,BUY
2021-02-08 23:00:00,1.20509,1.20536,1.20472,1.20524,1,BUY
2021-02-09 00:00:00,1.20523,1.206,1.20494,1.20579,1,BUY
2021-02-09 01:00:00,1.2058,1.20642,1.20562,1.20598,1,BUY
2021-02-09 02:00:00,1.20595,1.20822,1.20595,1.20798,1,BUY
2021-02-09 03:00:00,1.20799,1.20814,1.2076,1.2077,1,BUY
2021-02-09 04:00:00,1.20768,1.20802,1.20754,1.20758,1,BUY
2021-02-09 05:00:00,1.2076,1.20808,1.2076,1.20781,1,BUY
2021-02-09 06:00:00,1.20781,1.20826,1.20745,1.20771,1,BUY
2021-02-09 07:00:00,1.20773,1.2087,1.20768,1.20814,1,BUY
2021-02-09 08:00:00,1.20812,1.20978,1.20674,1.20976,1,BUY
2021-02-09 09:00:00,1.20977,1.21164,1.20949,1.21097,1,BUY
2021-02-09 10:00:00,1.21098,1.21134,1.2103,1.21042,1,BUY
2021-02-09 11:00:00,1.2104,1.21073,1.20979,1.21052,1,BUY
2021-02-09 12:00:00,1.2105,1.21068,1.2098,1.20994,1,BUY
2021-02-09 13:00:00,1.20992,1.2106,1.20902,1.21018,1,BUY
2021-02-09 14:00:00,1.21018,1.21036,1.20901,1.20914,1,BUY
2021-02-09 15:00:00,1.20916,1.21036,1.20886,1.20978,1,BUY
2021-02-09 16:00:00,1.20978,1.21064,1.20923,1.21048,1,BUY
2021-02-09 17:00:00,1.21047,1.21096,1.21033,1.21056,1,BUY
2021-02-09 18:00:00,1.21054,1.21079,1.21021,1.21054,1,BUY
2021-02-09 19:00:00,1.21053,1.2121,1.21053,1.21186,1,BUY
2021-02-09 20:00:00,1.21188,1.21204,1.21157,1.21168,1,BUY
2021-02-09 21:00:00,1.2117,1.2122,1.21146,1.21186,1,BUY
2021-02-09 22:00:00,1.21192,1.21208,1.21168,1.21198,1,BUY
2021-02-09 23:00:00,1.21194,1.212,1.21157,1.21162,1,BUY
2021-02-10 00:00:00,1.21164,1.21172,1.21122,1.21148,1,BUY
2021-02-10 01:00:00,1.21147,1.21183,1.21088,1.21162,1,BUY
2021-02-10 02:00:00,1.21163,1.21266,1.21158,1.21245,1,BUY
2021-02-10 03:00:00,1.21248,1.21298,1.21243,1.21272,1,BUY
2021-02-10 04:00:00,1.21271,1.21299,1.21264,1.21288,1,BUY
2021-02-10 05:00:00,1.21289,1.2129,1.21244,1.21244,1,BUY
2021-02-10 06:00:00,1.21244,1.21275,1.2123,1.21272,1,BUY
2021-02-10 07:00:00,1.21274,1.2134,1.21228,1.21306,1,BUY
2021-02-10 08:00:00,1.21308,1.2144,1.2123,1.21394,1,BUY
2021-02-10 09:00:00,1.21392,1.21394,1.21142,1.21194,1,BUY
2021-02-10 10:00:00,1.21194,1.2128,1.21172,1.21248,1,BUY
2021-02-10 11:00:00,1.2125,1.21308,1.21223,1.21242,1,BUY
2021-02-10 12:00:00,1.2124,1.21242,1.21132,1.21166,1,BUY
2021-02-10 13:00:00,1.21166,1.21398,1.21144,1.21286,1,BUY
2021-02-10 14:00:00,1.21287,1.21394,1.21242,1.21243,1,BUY
2021-02-10 15:00:00,1.21244,1.21396,1.21232,1.21311,1,BUY
2021-02-10 16:00:00,1.21312,1.21364,1.21291,1.21314,1,BUY
2021-02-10 17:00:00,1.21312,1.21386,1.21261,1.21383,1,BUY
2021-02-10 18:00:00,1.21382,1.21382,1.21283,1.21298,1,BUY
2021-02-10 19:00:00,1.21297,1.2132,1.21245,1.21292,1,BUY
2021-02-10 20:00:00,1.21294,1.21294,1.21188,1.21198,1,BUY
2021-02-10 21:00:00,1.212,1.21221,1.21166,1.21186,1,BUY
2021-02-10 22:00:00,1.21188,1.21206,1.21181,1.21186,1,BUY
2021-02-10 23:00:00,1.21188,1.21198,1.21164,1.2119,1,BUY
2021-02-11 00:00:00,1.21192,1.21202,1.21136,1.21142,1,BUY
2021-02-11 01:00:00,1.21142,1.21178,1.21139,1.21172,1,BUY
2021-02-11 02:00:00,1.21173,1.21208,1.21169,1.21203,1,BUY
2021-02-11 03:00:00,1.21204,1.21221,1.21179,1.21211,1,BUY
2021-02-11 04:00:00,1.21212,1.21253,1.21212,1.21217,1,BUY
2021-02-11 05:00:00,1.21218,1.21279,1.21216,1.21266,1,BUY
2021-02-11 06:00:00,1.21266,1.213,1.21262,1.21296,1,BUY
2021-02-11 07:00:00,1.213,1.21326,1.21218,1.21235,1,BUY
2021-02-11 08:00:00,1.21234,1.21264,1.2118,1.21234,1,BUY
2021-02-11 09:00:00,1.21235,1.2136,1.2122,1.21304,1,BUY
2021-02-11 10:00:00,1.21305,1.21306,1.21234,1.21237,1,BUY
2021-02-11 11:00:00,1.21238,1.21314,1.21209,1.21273,1,BUY
2021-02-11 12:00:00,1.21274,1.21352,1.21272,1.21352,1,BUY
2021-02-11 13:00:00,1.21354,1.21496,1.2134,1.21438,1,BUY
2021-02-11 14:00:00,1.21438,1.2145,1.21316,1.2135,1,BUY
2021-02-11 15:00:00,1.21352,1.21434,1.2128,1.21294,1,BUY
2021-02-11 16:00:00,1.21296,1.21328,1.21216,1.21264,1,BUY
2021-02-11 17:00:00,1.21265,1.21293,1.21218,1.21272,1,BUY
2021-02-11 18:00:00,1.21274,1.21334,1.21234,1.2131,1,BUY
2021-02-11 19:00:00,1.21311,1.21318,1.21266,1.21309,1,BUY
2021-02-11 20:00:00,1.21307,1.21375,1.21297,1.21328,1,BUY
2021-02-11 21:00:00,1.21327,1.21333,1.21296,1.21298,1,BUY
2021-02-11 22:00:00,1.21287,1.21348,1.21287,1.21326,1,BUY
2021-02-11 23:00:00,1.21324,1.21328,1.21277,1.21306,1,BUY
2021-02-12 00:00:00,1.21308,1.21332,1.2125,1.2129,1,BUY
2021-02-12 01:00:00,1.21288,1.21304,1.21252,1.21272,1,BUY
2021-02-12 02:00:00,1.2127,1.2127,1.21186,1.21199,1,BUY
2021-02-12 03:00:00,1.21198,1.21216,1.2119,1.21194,1,BUY
2021-02-12 04:00:00,1.21196,1.21238,1.21194,1.21226,1,BUY
2021-02-12 05:00:00,1.21226,1.21318,1.21218,1.21314,1,BUY
2021-02-12 06:00:00,1.21316,1.21316,1.21238,1.21253,1,BUY
2021-02-12 07:00:00,1.21255,1.21269,1.21123,1.21153,1,BUY
2021-02-12 08:00:00,1.21155,1.2119,1.21026,1.2103,0,SELL
2021-02-12 09:00:00,1.21032,1.21117,1.21004,1.21084,0,SELL
2021-02-12 10:00:00,1.21082,1.2114,1.21046,1.2109,0,SELL
2021-02-12 11:00:00,1.21088,1.21092,1.20968,1.2107,0,SELL
2021-02-12 12:00:00,1.21068,1.2115,1.21026,1.21127,0,SELL
2021-02-12 13:00:00,1.21125,1.21145,1.20843,1.20872,0,SELL
2021-02-12 14:00:00,1.20871,1.20964,1.20816,1.20921,0,SELL
2021-02-12 15:00:00,1.20922,1.21208,1.20918,1.21193,0,SELL
2021-02-12 16:00:00,1.21194,1.21284,1.21152,1.21251,0,SELL
2021-02-12 17:00:00,1.21252,1.21288,1.21231,1.21234,0,SELL
2021-02-12 18:00:00,1.21235,1.21264,1.21192,1.21215,0,SELL
2021-02-12 19:00:00,1.21214,1.21236,1.21156,1.21157,0,SELL
2021-02-12 20:00:00,1.21158,1.21192,1.21132,1.21184,1,BUY
2021-02-12 21:00:00,1.21184,1.21212,1.2117,1.21204,1,BUY
2021-02-14 22:00:00,1.21252,1.21256,1.212,1.2124,1,BUY
2021-02-14 23:00:00,1.21237,1.21254,1.21202,1.21204,1,BUY
2021-02-15 00:00:00,1.21206,1.21234,1.21168,1.21212,1,BUY
2021-02-15 01:00:00,1.21214,1.21286,1.21176,1.2127,1,BUY
2021-02-15 02:00:00,1.21268,1.2133,1.21256,1.21326,1,BUY
2021-02-15 03:00:00,1.21326,1.21377,1.213,1.21342,1,BUY
2021-02-15 04:00:00,1.21344,1.2137,1.21313,1.21322,1,BUY
2021-02-15 05:00:00,1.21322,1.21404,1.21322,1.2138,1,BUY
2021-02-15 06:00:00,1.21381,1.21406,1.21344,1.21347,1,BUY
2021-02-15 07:00:00,1.21346,1.2138,1.21307,1.21332,1,BUY
2021-02-15 08:00:00,1.2133,1.21452,1.21312,1.21399,1,BUY
2021-02-15 09:00:00,1.21401,1.2145,1.21332,1.21346,1,BUY
2021-02-15 10:00:00,1.21344,1.21376,1.21312,1.21336,1,BUY
2021-02-15 11:00:00,1.21336,1.21404,1.21299,1.21328,1,BUY
2021-02-15 12:00:00,1.21328,1.21335,1.21239,1.21304,1,BUY
2021-02-15 13:00:00,1.21305,1.21336,1.21254,1.21268,1,BUY
2021-02-15 14:00:00,1.2127,1.2128,1.21209,1.21242,1,BUY
2021-02-15 15:00:00,1.2124,1.21325,1.2123,1.21316,1,BUY
2021-02-15 16:00:00,1.21316,1.21376,1.21268,1.21368,1,BUY
2021-02-15 17:00:00,1.21367,1.21382,1.21299,1.2131,1,BUY
2021-02-15 18:00:00,1.21311,1.21349,1.21298,1.21312,1,BUY
2021-02-15 19:00:00,1.21314,1.21323,1.21302,1.21308,1,BUY
2021-02-15 20:00:00,1.21309,1.2132,1.21304,1.2131,1,BUY
2021-02-15 21:00:00,1.21312,1.21348,1.21263,1.2128,1,BUY
2021-02-15 22:00:00,1.21298,1.21308,1.21256,1.21281,1,BUY
2021-02-15 23:00:00,1.21284,1.21327,1.21272,1.21323,1,BUY
2021-02-16 00:00:00,1.21322,1.21406,1.21314,1.21374,1,BUY
2021-02-16 01:00:00,1.21374,1.21468,1.21347,1.21427,1,BUY
2021-02-16 02:00:00,1.21428,1.2146,1.21409,1.21456,1,BUY
2021-02-16 03:00:00,1.21458,1.21503,1.21447,1.21467,1,BUY
2021-02-16 04:00:00,1.21465,1.21468,1.21382,1.21396,1,BUY
2021-02-16 05:00:00,1.21398,1.21412,1.21328,1.21366,1,BUY
2021-02-16 06:00:00,1.21364,1.21401,1.21339,1.21397,1,BUY
2021-02-16 07:00:00,1.21398,1.21422,1.21286,1.2131,1,BUY
2021-02-16 08:00:00,1.21309,1.21574,1.213,1.21552,1,BUY
2021-02-16 09:00:00,1.2155,1.21554,1.2145,1.21528,1,BUY
2021-02-16 10:00:00,1.21526,1.21672,1.21524,1.21638,1,BUY
2021-02-16 11:00:00,1.21639,1.21682,1.2162,1.21654,1,BUY
2021-02-16 12:00:00,1.21652,1.21696,1.21486,1.21506,1,BUY
2021-02-16 13:00:00,1.21507,1.21518,1.21064,1.21084,1,BUY
2021-02-16 14:00:00,1.21082,1.21133,1.20951,1.20974,1,BUY
2021-02-16 15:00:00,1.20975,1.21204,1.20973,1.21192,0,SELL
2021-02-16 16:00:00,1.21194,1.21239,1.2105,1.21072,0,SELL
2021-02-16 17:00:00,1.2107,1.21096,1.21038,1.21089,0,SELL
2021-02-16 18:00:00,1.21088,1.21156,1.21084,1.21124,0,SELL
2021-02-16 19:00:00,1.21123,1.2116,1.21096,1.21154,0,SELL
2021-02-16 20:00:00,1.21154,1.21179,1.21108,1.21116,0,SELL
2021-02-16 21:00:00,1.21118,1.21126,1.21034,1.21045,0,SELL
2021-02-16 22:00:00,1.21069,1.21096,1.2102,1.21026,0,SELL
2021-02-16 23:00:00,1.21028,1.21042,1.20861,1.20884,0,SELL
2021-02-17 00:00:00,1.20882,1.20943,1.20866,1.2089,0,SELL
2021-02-17 01:00:00,1.20888,1.20951,1.20834,1.2093,0,SELL
2021-02-17 02:00:00,1.20932,1.20985,1.20908,1.20946,0,SELL
2021-02-17 03:00:00,1.20945,1.20957,1.2086,1.20901,0,SELL
2021-02-17 04:00:00,1.209,1.20934,1.20888,1.20922,0,SELL
2021-02-17 05:00:00,1.20922,1.20952,1.20908,1.20934,0,SELL
2021-02-17 06:00:00,1.20934,1.20935,1.20847,1.20864,0,SELL
2021-02-17 07:00:00,1.20863,1.20867,1.20708,1.20742,0,SELL
2021-02-17 08:00:00,1.20741,1.20824,1.2065,1.20771,0,SELL
2021-02-17 09:00:00,1.20772,1.20832,1.20598,1.2068,0,SELL
2021-02-17 10:00:00,1.2068,1.20694,1.20595,1.20688,0,SELL
2021-02-17 11:00:00,1.2069,1.20695,1.20578,1.20622,0,SELL
2021-02-17 12:00:00,1.2062,1.2066,1.2057,1.20632,0,SELL
2021-02-17 13:00:00,1.20634,1.20659,1.20306,1.20337,0,SELL
2021-02-17 14:00:00,1.20336,1.20478,1.20306,1.20396,0,SELL
2021-02-17 15:00:00,1.20395,1.20406,1.20233,1.20328,0,SELL
2021-02-17 16:00:00,1.20326,1.20424,1.20248,1.20411,0,SELL
2021-02-17 17:00:00,1.20412,1.20472,1.20382,1.20452,0,SELL
2021-02-17 18:00:00,1.20454,1.20458,1.20349,1.20383,0,SELL
2021-02-17 19:00:00,1.20386,1.20399,1.20344,1.20371,0,SELL
2021-02-17 20:00:00,1.2037,1.20439,1.20364,1.20422,0,SELL
2021-02-17 21:00:00,1.20424,1.20434,1.2038,1.20412,0,SELL
2021-02-17 22:00:00,1.20412,1.20461,1.20407,1.20445,0,SELL
2021-02-17 23:00:00,1.20452,1.20456,1.20423,1.20455,0,SELL
2021-02-18 00:00:00,1.20456,1.20502,1.20436,1.20487,0,SELL
2021-02-18 01:00:00,1.20486,1.20502,1.20414,1.20448,0,SELL
2021-02-18 02:00:00,1.20446,1.20452,1.20386,1.20438,0,SELL
2021-02-18 03:00:00,1.20437,1.20449,1.20357,1.20368,0,SELL
2021-02-18 04:00:00,1.20368,1.20405,1.20357,1.20374,0,SELL
2021-02-18 05:00:00,1.20372,1.20466,1.20372,1.2046,0,SELL
2021-02-18 06:00:00,1.20458,1.20474,1.20426,1.2046,0,SELL
2021-02-18 07:00:00,1.20459,1.20524,1.20366,1.20474,0,SELL
2021-02-18 08:00:00,1.20476,1.20708,1.2045,1.20689,0,SELL
2021-02-18 09:00:00,1.20691,1.20754,1.20624,1.20737,0,SELL
2021-02-18 10:00:00,1.20736,1.20737,1.20627,1.20667,0,SELL
2021-02-18 11:00:00,1.20666,1.20738,1.20646,1.20721,0,SELL
2021-02-18 12:00:00,1.2072,1.20851,1.20626,1.20777,0,SELL
2021-02-18 13:00:00,1.20778,1.209,1.2076,1.20848,0,SELL
2021-02-18 14:00:00,1.20848,1.20866,1.20678,1.20705,1,BUY
2021-02-18 15:00:00,1.20706,1.20842,1.20622,1.20724,1,BUY
2021-02-18 16:00:00,1.20726,1.20828,1.20706,1.20774,0,SELL
2021-02-18 17:00:00,1.20773,1.2084,1.2076,1.20818,0,SELL
2021-02-18 18:00:00,1.20816,1.20862,1.20797,1.20806,0,SELL
2021-02-18 19:00:00,1.20808,1.20892,1.20808,1.20854,0,SELL
2021-02-18 20:00:00,1.20852,1.20932,1.20847,1.20916,1,BUY
2021-02-18 21:00:00,1.20915,1.20947,1.20905,1.2093,1,BUY
2021-02-18 22:00:00,1.20908,1.20936,1.20864,1.2091,1,BUY
2021-02-18 23:00:00,1.20908,1.20957,1.20906,1.2092,1,BUY
2021-02-19 00:00:00,1.20918,1.20986,1.20878,1.20975,1,BUY
2021-02-19 01:00:00,1.20976,1.20984,1.20864,1.20879,1,BUY
2021-02-19 02:00:00,1.2088,1.20884,1.20824,1.20862,1,BUY
2021-02-19 03:00:00,1.20864,1.2087,1.20836,1.20849,1,BUY
2021-02-19 04:00:00,1.20848,1.2094,1.20839,1.2093,1,BUY
2021-02-19 05:00:00,1.20928,1.20964,1.20912,1.20944,1,BUY
2021-02-19 06:00:00,1.20942,1.20998,1.20938,1.20954,1,BUY
2021-02-19 07:00:00,1.20953,1.21136,1.20907,1.21095,1,BUY
2021-02-19 08:00:00,1.21096,1.21338,1.21086,1.21328,1,BUY
2021-02-19 09:00:00,1.21328,1.21414,1.21274,1.2134,1,BUY
2021-02-19 10:00:00,1.21338,1.2144,1.21287,1.21433,1,BUY
2021-02-19 11:00:00,1.21434,1.21445,1.21335,1.21382,1,BUY
2021-02-19 12:00:00,1.21381,1.21418,1.21322,1.21364,1,BUY
2021-02-19 13:00:00,1.21365,1.21428,1.21262,1.21308,1,BUY
2021-02-19 14:00:00,1.21307,1.21325,1.21175,1.21259,1,BUY
2021-02-19 15:00:00,1.2126,1.21337,1.2119,1.21283,1,BUY
2021-02-19 16:00:00,1.21284,1.21402,1.21228,1.21362,1,BUY
2021-02-19 17:00:00,1.21359,1.21377,1.21222,1.21272,1,BUY
2021-02-19 18:00:00,1.21272,1.21278,1.21078,1.21112,1,BUY
2021-02-19 19:00:00,1.2111,1.21167,1.21106,1.21155,1,BUY
2021-02-19 20:00:00,1.21156,1.21198,1.21148,1.21168,1,BUY
2021-02-19 21:00:00,1.21166,1.2119,1.21143,1.21184,1,BUY
2021-02-21 22:00:00,1.21173,1.21276,1.21152,1.21223,1,BUY
2021-02-21 23:00:00,1.21227,1.21292,1.2115,1.21247,1,BUY
2021-02-22 00:00:00,1.21249,1.21312,1.21208,1.21237,1,BUY
2021-02-22 01:00:00,1.21236,1.21356,1.21234,1.21266,1,BUY
2021-02-22 02:00:00,1.21265,1.21293,1.21126,1.21202,1,BUY
2021-02-22 03:00:00,1.212,1.21208,1.2116,1.21198,1,BUY
2021-02-22 04:00:00,1.21201,1.21238,1.21194,1.21206,1,BUY
2021-02-22 05:00:00,1.21208,1.21232,1.21185,1.21204,1,BUY
2021-02-22 06:00:00,1.21204,1.21244,1.21189,1.21196,1,BUY
2021-02-22 07:00:00,1.21194,1.21194,1.21053,1.21098,1,BUY
2021-02-22 08:00:00,1.21096,1.21238,1.20912,1.21004,1,BUY
2021-02-22 09:00:00,1.21002,1.21171,1.20976,1.21082,0,SELL
2021-02-22 10:00:00,1.21081,1.21352,1.21078,1.21292,0,SELL
2021-02-22 11:00:00,1.21293,1.21446,1.21262,1.21368,1,BUY
2021-02-22 12:00:00,1.21368,1.21408,1.21315,1.21365,1,BUY
2021-02-22 13:00:00,1.21366,1.21542,1.21294,1.21474,1,BUY
2021-02-22 14:00:00,1.21476,1.21494,1.21292,1.21461,1,BUY
2021-02-22 15:00:00,1.2146,1.21542,1.21338,1.21388,1,BUY
2021-02-22 16:00:00,1.2139,1.21564,1.21352,1.2155,1,BUY
2021-02-22 17:00:00,1.21548,1.21678,1.21534,1.21654,1,BUY
2021-02-22 18:00:00,1.21653,1.21694,1.21635,1.21655,1,BUY
2021-02-22 19:00:00,1.21656,1.21692,1.21648,1.21676,1,BUY
2021-02-22 20:00:00,1.21674,1.21674,1.21514,1.21516,1,BUY
2021-02-22 21:00:00,1.21518,1.21588,1.21506,1.21581,1,BUY
2021-02-22 22:00:00,1.2157,1.21604,1.21569,1.21598,1,BUY
2021-02-22 23:00:00,1.21596,1.2167,1.21586,1.2164,1,BUY
2021-02-23 00:00:00,1.2164,1.21728,1.21623,1.21707,1,BUY
2021-02-23 01:00:00,1.21709,1.21771,1.2164,1.21757,1,BUY
2021-02-23 02:00:00,1.21758,1.21772,1.2169,1.217,1,BUY
2021-02-23 03:00:00,1.21702,1.21708,1.21647,1.2167,1,BUY
2021-02-23 04:00:00,1.2167,1.2172,1.21661,1.21719,1,BUY
2021-02-23 05:00:00,1.2172,1.21727,1.21692,1.21702,1,BUY
2021-02-23 06:00:00,1.21702,1.21718,1.21628,1.21706,1,BUY
2021-02-23 07:00:00,1.21707,1.218,1.21682,1.21701,1,BUY
2021-02-23 08:00:00,1.217,1.21739,1.2154,1.21589,1,BUY
2021-02-23 09:00:00,1.2159,1.2159,1.21452,1.2149,1,BUY
2021-02-23 10:00:00,1.21492,1.21548,1.21438,1.21468,1,BUY
2021-02-23 11:00:00,1.21469,1.21557,1.21434,1.21539,1,BUY
2021-02-23 12:00:00,1.21537,1.21581,1.21354,1.21427,1,BUY
2021-02-23 13:00:00,1.21426,1.21509,1.21402,1.21494,1,BUY
2021-02-23 14:00:00,1.21492,1.21538,1.21354,1.21422,0,SELL
2021-02-23 15:00:00,1.21421,1.21666,1.21368,1.21594,0,SELL
2021-02-23 16:00:00,1.21594,1.21664,1.21416,1.21416,0,SELL
2021-02-23 17:00:00,1.21414,1.21504,1.21413,1.21461,0,SELL
2021-02-23 18:00:00,1.2146,1.21551,1.21452,1.21535,1,BUY
2021-02-23 19:00:00,1.21534,1.21576,1.21428,1.21442,1,BUY
2021-02-23 20:00:00,1.21441,1.21506,1.21418,1.21472,1,BUY
2021-02-23 21:00:00,1.21471,1.21508,1.21431,1.21508,1,BUY
2021-02-23 22:00:00,1.21496,1.21539,1.2148,1.21496,1,BUY
2021-02-23 23:00:00,1.21492,1.21552,1.21429,1.21509,1,BUY
2021-02-24 00:00:00,1.21508,1.2158,1.21492,1.2155,1,BUY
2021-02-24 01:00:00,1.21551,1.21664,1.21475,1.21586,1,BUY
2021-02-24 02:00:00,1.21588,1.21624,1.21512,1.21558,1,BUY
2021-02-24 03:00:00,1.21557,1.21572,1.21504,1.2152,1,BUY
2021-02-24 04:00:00,1.21522,1.21525,1.21476,1.21487,1,BUY
2021-02-24 05:00:00,1.21486,1.21488,1.21456,1.21481,1,BUY
2021-02-24 06:00:00,1.2148,1.21576,1.21441,1.2157,1,BUY
2021-02-24 07:00:00,1.2157,1.21608,1.2153,1.21554,1,BUY
2021-02-24 08:00:00,1.21556,1.21748,1.21524,1.21682,1,BUY
2021-02-24 09:00:00,1.21684,1.21746,1.21588,1.21628,1,BUY
2021-02-24 10:00:00,1.21626,1.21652,1.215,1.21582,1,BUY
2021-02-24 11:00:00,1.21583,1.21697,1.21562,1.21634,1,BUY
2021-02-24 12:00:00,1.21634,1.21725,1.2154,1.21559,1,BUY
2021-02-24 13:00:00,1.21557,1.21576,1.21234,1.21334,1,BUY
2021-02-24 14:00:00,1.21333,1.21389,1.2129,1.21322,0,SELL
2021-02-24 15:00:00,1.21324,1.2135,1.21092,1.21222,0,SELL
2021-02-24 16:00:00,1.21224,1.21432,1.21212,1.21418,0,SELL
2021-02-24 17:00:00,1.21417,1.21468,1.21399,1.21418,0,SELL
2021-02-24 18:00:00,1.2142,1.21495,1.21392,1.21449,0,SELL
2021-02-24 19:00:00,1.21448,1.21508,1.2143,1.2148,0,SELL
2021-02-24 20:00:00,1.21478,1.2169,1.21472,1.21663,0,SELL
2021-02-24 21:00:00,1.21664,1.21746,1.21622,1.21708,1,BUY
2021-02-24 22:00:00,1.21711,1.21724,1.21612,1.21654,1,BUY
2021-02-24 23:00:00,1.21659,1.21714,1.2164,1.21695,1,BUY
2021-02-25 00:00:00,1.21696,1.21698,1.21599,1.21624,1,BUY
2021-02-25 01:00:00,1.21626,1.21646,1.21566,1.21576,1,BUY
2021-02-25 02:00:00,1.21574,1.21634,1.2156,1.21602,1,BUY
2021-02-25 03:00:00,1.216,1.21698,1.216,1.21689,1,BUY
2021-02-25 04:00:00,1.21691,1.21774,1.21674,1.21765,1,BUY
2021-02-25 05:00:00,1.21766,1.2183,1.21763,1.21782,1,BUY
2021-02-25 06:00:00,1.21782,1.21818,1.2174,1.21813,1,BUY
2021-02-25 07:00:00,1.21812,1.21886,1.21678,1.21872,1,BUY
2021-02-25 08:00:00,1.21874,1.22085,1.21872,1.22085,1,BUY
2021-02-25 09:00:00,1.22086,1.22228,1.2204,1.22201,1,BUY
2021-02-25 10:00:00,1.222,1.22358,1.22181,1.22281,1,BUY
2021-02-25 11:00:00,1.22282,1.22379,1.22232,1.22296,1,BUY
2021-02-25 12:00:00,1.22297,1.2237,1.22242,1.22259,1,BUY
2021-02-25 13:00:00,1.2226,1.22342,1.22113,1.22124,1,BUY
2021-02-25 14:00:00,1.22125,1.2243,1.2209,1.22413,1,BUY
2021-02-25 15:00:00,1.22414,1.22431,1.2218,1.22232,1,BUY
2021-02-25 16:00:00,1.22234,1.22333,1.22164,1.22292,1,BUY
2021-02-25 17:00:00,1.22289,1.22388,1.22116,1.22126,1,BUY
2021-02-25 18:00:00,1.22126,1.2214,1.21606,1.21802,1,BUY
2021-02-25 19:00:00,1.21801,1.21932,1.21746,1.21858,1,BUY
2021-02-25 20:00:00,1.21856,1.21874,1.21628,1.21633,1,BUY
2021-02-25 21:00:00,1.21631,1.21788,1.2163,1.21745,0,SELL
2021-02-25 22:00:00,1.21788,1.21838,1.21718,1.21828,0,SELL
2021-02-25 23:00:00,1.21831,1.21838,1.21578,1.21578,0,SELL
2021-02-26 00:00:00,1.2158,1.21672,1.21376,1.21576,0,SELL
2021-02-26 01:00:00,1.21575,1.21652,1.21512,1.2164,0,SELL
2021-02-26 02:00:00,1.21638,1.21828,1.2162,1.21724,0,SELL
2021-02-26 03:00:00,1.21726,1.21758,1.21596,1.21598,0,SELL
2021-02-26 04:00:00,1.21596,1.21614,1.21452,1.2155,0,SELL
2021-02-26 05:00:00,1.21548,1.21596,1.21493,1.2154,0,SELL
2021-02-26 06:00:00,1.2154,1.21596,1.21472,1.21548,0,SELL
2021-02-26 07:00:00,1.21546,1.21553,1.2129,1.21348,0,SELL
2021-02-26 08:00:00,1.21347,1.21596,1.21334,1.21496,0,SELL
2021-02-26 09:00:00,1.21495,1.21509,1.21228,1.21253,0,SELL
2021-02-26 10:00:00,1.21252,1.21293,1.21138,1.2114,0,SELL
2021-02-26 11:00:00,1.21141,1.2124,1.20927,1.2107,0,SELL
2021-02-26 12:00:00,1.21072,1.2122,1.21032,1.21147,0,SELL
2021-02-26 13:00:00,1.21149,1.21252,1.21058,1.21235,0,SELL
2021-02-26 14:00:00,1.21237,1.2138,1.21161,1.21248,0,SELL
2021-02-26 15:00:00,1.2125,1.21415,1.21092,1.21388,0,SELL
2021-02-26 16:00:00,1.21384,1.21401,1.20904,1.20917,0,SELL
2021-02-26 17:00:00,1.20916,1.20942,1.20736,1.208,0,SELL
2021-02-26 18:00:00,1.208,1.20866,1.20718,1.20831,0,SELL
2021-02-26 19:00:00,1.2083,1.20901,1.20766,1.2078,0,SELL
2021-02-26 20:00:00,1.20782,1.20796,1.2065,1.20656,0,SELL
2021-02-26 21:00:00,1.20655,1.20749,1.20622,1.20734,0,SELL
2021-02-28 22:00:00,1.20713,1.20786,1.2071,1.20763,0,SELL
2021-02-28 23:00:00,1.20758,1.20921,1.20722,1.20906,0,SELL
2021-03-01 00:00:00,1.20907,1.21012,1.20864,1.20918,0,SELL
2021-03-01 01:00:00,1.2092,1.20957,1.2083,1.20842,0,SELL
2021-03-01 02:00:00,1.20842,1.20889,1.20794,1.20839,0,SELL
2021-03-01 03:00:00,1.20838,1.20876,1.20809,1.20821,0,SELL
2021-03-01 04:00:00,1.2082,1.20838,1.20748,1.20774,0,SELL
2021-03-01 05:00:00,1.20776,1.20851,1.20776,1.20848,0,SELL
2021-03-01 06:00:00,1.20848,1.2093,1.20819,1.20906,0,SELL
2021-03-01 07:00:00,1.20907,1.20926,1.20748,1.20763,0,SELL
2021-03-01 08:00:00,1.20762,1.2079,1.20498,1.20552,0,SELL
2021-03-01 09:00:00,1.2055,1.20556,1.20285,1.20386,0,SELL
2021-03-01 10:00:00,1.20388,1.20549,1.20374,1.20442,0,SELL
2021-03-01 11:00:00,1.20444,1.20558,1.20378,1.20438,0,SELL
2021-03-01 12:00:00,1.20436,1.20474,1.20405,1.20448,0,SELL
2021-03-01 13:00:00,1.20446,1.20542,1.204,1.20531,0,SELL
2021-03-01 14:00:00,1.2053,1.20693,1.20398,1.20409,0,SELL
2021-03-01 15:00:00,1.20407,1.20534,1.20275,1.20496,0,SELL
2021-03-01 16:00:00,1.20496,1.20594,1.2048,1.20536,0,SELL
2021-03-01 17:00:00,1.20536,1.20611,1.20404,1.20409,0,SELL
2021-03-01 18:00:00,1.2041,1.20474,1.20326,1.20444,0,SELL
2021-03-01 19:00:00,1.20445,1.20516,1.20423,1.20462,0,SELL
2021-03-01 20:00:00,1.20464,1.20484,1.20417,1.20446,0,SELL
2021-03-01 21:00:00,1.20447,1.20498,1.20429,1.20497,0,SELL
2021-03-01 22:00:00,1.20494,1.20508,1.20452,1.20502,0,SELL
2021-03-01 23:00:00,1.20504,1.20508,1.20454,1.20488,0,SELL
2021-03-02 00:00:00,1.20486,1.20492,1.2038,1.20388,0,SELL
2021-03-02 01:00:00,1.20386,1.20409,1.20272,1.20314,0,SELL
2021-03-02 02:00:00,1.20312,1.2036,1.20152,1.20213,0,SELL
2021-03-02 03:00:00,1.20211,1.20277,1.2018,1.20268,0,SELL
2021-03-02 04:00:00,1.20269,1.20276,1.20188,1.2021,0,SELL
2021-03-02 05:00:00,1.20212,1.20242,1.20166,1.20218,0,SELL
2021-03-02 06:00:00,1.20218,1.2027,1.20202,1.20226,0,SELL
2021-03-02 07:00:00,1.20228,1.20233,1.20031,1.20072,0,SELL
2021-03-02 08:00:00,1.20074,1.20164,1.19992,1.20025,0,SELL
2021-03-02 09:00:00,1.20024,1.20148,1.19918,1.20063,0,SELL
2021-03-02 10:00:00,1.20062,1.20276,1.20062,1.20237,0,SELL
2021-03-02 11:00:00,1.20236,1.20369,1.20204,1.20314,0,SELL
2021-03-02 12:00:00,1.20315,1.20376,1.20244,1.2034,0,SELL
2021-03-02 13:00:00,1.20338,1.20342,1.20199,1.2029,0,SELL
2021-03-02 14:00:00,1.20288,1.20464,1.2028,1.20426,0,SELL
2021-03-02 15:00:00,1.20425,1.20638,1.2035,1.20624,0,SELL
2021-03-02 16:00:00,1.20623,1.20808,1.2059,1.20786,0,SELL
2021-03-02 17:00:00,1.20784,1.20849,1.20768,1.20798,0,SELL
2021-03-02 18:00:00,1.20798,1.20893,1.20794,1.20856,1,BUY
2021-03-02 19:00:00,1.20858,1.20876,1.20821,1.2084,1,BUY
2021-03-02 20:00:00,1.2084,1.20945,1.20839,1.20893,1,BUY
2021-03-02 21:00:00,1.20894,1.20912,1.20857,1.20912,1,BUY
2021-03-02 22:00:00,1.20916,1.20918,1.2083,1.20844,1,BUY
2021-03-02 23:00:00,1.20842,1.20888,1.20842,1.2085,1,BUY
2021-03-03 00:00:00,1.20851,1.209,1.20838,1.20863,1,BUY
2021-03-03 01:00:00,1.20862,1.20934,1.20848,1.20916,1,BUY
2021-03-03 02:00:00,1.20916,1.2092,1.20833,1.20836,1,BUY
2021-03-03 03:00:00,1.20837,1.20864,1.20827,1.20828,1,BUY
2021-03-03 04:00:00,1.2083,1.20896,1.20828,1.20886,1,BUY
2021-03-03 05:00:00,1.20884,1.20893,1.20841,1.20842,1,BUY
2021-03-03 06:00:00,1.20841,1.2086,1.2079,1.20823,1,BUY
2021-03-03 07:00:00,1.20822,1.21077,1.20808,1.20938,1,BUY
2021-03-03 08:00:00,1.2094,1.20942,1.20742,1.20756,1,BUY
2021-03-03 09:00:00,1.20756,1.21134,1.20751,1.21014,1,BUY
2021-03-03 10:00:00,1.21012,1.21032,1.20822,1.20835,1,BUY
2021-03-03 11:00:00,1.20837,1.20847,1.20598,1.20624,1,BUY
2021-03-03 12:00:00,1.20625,1.20683,1.20582,1.20635,0,SELL
2021-03-03 13:00:00,1.20634,1.20654,1.20434,1.20546,0,SELL
2021-03-03 14:00:00,1.20548,1.20626,1.20428,1.20538,0,SELL
2021-03-03 15:00:00,1.20539,1.20754,1.20468,1.20728,0,SELL
2021-03-03 16:00:00,1.20729,1.20806,1.20716,1.20734,0,SELL
2021-03-03 17:00:00,1.20734,1.20734,1.20654,1.20704,0,SELL
2021-03-03 18:00:00,1.20702,1.20786,1.20685,1.2073,0,SELL
2021-03-03 19:00:00,1.20728,1.2073,1.20642,1.20652,0,SELL
2021-03-03 20:00:00,1.20652,1.20733,1.20614,1.20625,0,SELL
2021-03-03 21:00:00,1.20624,1.20664,1.20618,1.20636,0,SELL
2021-03-03 22:00:00,1.20648,1.2067,1.20622,1.20634,0,SELL
2021-03-03 23:00:00,1.20636,1.20666,1.20436,1.20464,0,SELL
2021-03-04 00:00:00,1.20464,1.20618,1.20464,1.20596,0,SELL
2021-03-04 01:00:00,1.20594,1.20622,1.20468,1.2062,0,SELL
2021-03-04 02:00:00,1.20618,1.20632,1.20494,1.20542,0,SELL
2021-03-04 03:00:00,1.20542,1.20554,1.20487,1.20489,0,SELL
2021-03-04 04:00:00,1.2049,1.20555,1.20438,1.20554,0,SELL
2021-03-04 05:00:00,1.20555,1.20597,1.20522,1.20564,0,SELL
2021-03-04 06:00:00,1.20564,1.20614,1.20551,1.20614,0,SELL
2021-03-04 07:00:00,1.20612,1.20626,1.20516,1.20522,0,SELL
2021-03-04 08:00:00,1.20522,1.2058,1.20364,1.20406,0,SELL
2021-03-04 09:00:00,1.20407,1.2042,1.20266,1.20325,0,SELL
2021-03-04 10:00:00,1.20327,1.20491,1.20314,1.20491,0,SELL
2021-03-04 11:00:00,1.20492,1.20492,1.2034,1.20347,0,SELL
2021-03-04 12:00:00,1.20346,1.20404,1.20276,1.20322,0,SELL
2021-03-04 13:00:00,1.20324,1.20384,1.2028,1.20359,0,SELL
2021-03-04 14:00:00,1.20358,1.20426,1.20331,1.20382,0,SELL
2021-03-04 15:00:00,1.2038,1.20446,1.20226,1.20401,0,SELL
2021-03-04 16:00:00,1.20399,1.20537,1.20388,1.20438,0,SELL
2021-03-04 17:00:00,1.2044,1.205,1.19902,1.19939,0,SELL
2021-03-04 18:00:00,1.19938,1.19999,1.19656,1.19683,0,SELL
2021-03-04 19:00:00,1.19684,1.19791,1.19646,1.1966,0,SELL
2021-03-04 20:00:00,1.19659,1.19725,1.19616,1.19706,0,SELL
2021-03-04 21:00:00,1.19704,1.1975,1.19679,1.19723,0,SELL
2021-03-04 22:00:00,1.19698,1.19776,1.19688,1.19754,0,SELL
2021-03-04 23:00:00,1.19758,1.19758,1.19608,1.19673,0,SELL
2021-03-05 00:00:00,1.19672,1.19688,1.19562,1.19666,0,SELL
2021-03-05 01:00:00,1.19664,1.19666,1.19531,1.19608,0,SELL
2021-03-05 02:00:00,1.19607,1.19638,1.19518,1.19634,0,SELL
2021-03-05 03:00:00,1.19634,1.19649,1.19584,1.19627,0,SELL
2021-03-05 04:00:00,1.19628,1.19636,1.19554,1.19563,0,SELL
2021-03-05 05:00:00,1.19562,1.19619,1.19562,1.19596,0,SELL
2021-03-05 06:00:00,1.19595,1.196,1.1953,1.19538,0,SELL
2021-03-05 07:00:00,1.19537,1.1961,1.19483,1.19501,0,SELL
2021-03-05 08:00:00,1.195,1.19527,1.19141,1.1927,0,SELL
2021-03-05 09:00:00,1.19268,1.19384,1.19208,1.19277,0,SELL
2021-03-05 10:00:00,1.19275,1.19425,1.19271,1.19304,0,SELL
2021-03-05 11:00:00,1.19306,1.19396,1.19229,1.19318,0,SELL
2021-03-05 12:00:00,1.19318,1.19433,1.193,1.19354,0,SELL
2021-03-05 13:00:00,1.19352,1.19414,1.18934,1.1918,0,SELL
2021-03-05 14:00:00,1.19182,1.19463,1.19088,1.19158,0,SELL
2021-03-05 15:00:00,1.19156,1.19288,1.19062,1.19069,0,SELL
2021-03-05 16:00:00,1.1907,1.19176,1.19061,1.19138,0,SELL
2021-03-05 17:00:00,1.19136,1.19195,1.19054,1.1912,0,SELL
2021-03-05 18:00:00,1.1912,1.19183,1.19053,1.19132,0,SELL
2021-03-05 19:00:00,1.19134,1.1918,1.19075,1.19126,0,SELL
2021-03-05 20:00:00,1.19124,1.1923,1.19106,1.1916,0,SELL
2021-03-05 21:00:00,1.19162,1.19202,1.19091,1.1913,0,SELL
2021-03-07 22:00:00,1.19188,1.19227,1.19178,1.19196,0,SELL
2021-03-07 23:00:00,1.19184,1.1932,1.19176,1.19262,0,SELL
2021-03-08 00:00:00,1.19261,1.19324,1.19183,1.1926,0,SELL
2021-03-08 01:00:00,1.19262,1.1929,1.19198,1.19273,0,SELL
2021-03-08 02:00:00,1.1927,1.19284,1.19008,1.19056,0,SELL
2021-03-08 03:00:00,1.19058,1.19062,1.18987,1.19018,0,SELL
2021-03-08 04:00:00,1.19016,1.19063,1.18992,1.19056,0,SELL
2021-03-08 05:00:00,1.19058,1.19134,1.19056,1.19124,0,SELL
2021-03-08 06:00:00,1.19123,1.19148,1.1889,1.18924,0,SELL
2021-03-08 07:00:00,1.18925,1.18979,1.18788,1.18862,0,SELL
2021-03-08 08:00:00,1.18862,1.18966,1.18755,1.18777,0,SELL
2021-03-08 09:00:00,1.18778,1.18796,1.18652,1.18722,0,SELL
2021-03-08 10:00:00,1.18724,1.18808,1.18669,1.18784,0,SELL
2021-03-08 11:00:00,1.18785,1.18806,1.18672,1.18676,0,SELL
2021-03-08 12:00:00,1.18675,1.18732,1.18586,1.1862,0,SELL
2021-03-08 13:00:00,1.18618,1.18749,1.18568,1.18712,0,SELL
2021-03-08 14:00:00,1.18712,1.18873,1.18706,1.18793,0,SELL
2021-03-08 15:00:00,1.18794,1.18871,1.18576,1.18578,0,SELL
2021-03-08 16:00:00,1.18576,1.18632,1.18458,1.18484,0,SELL
2021-03-08 17:00:00,1.18485,1.18602,1.18462,1.18566,0,SELL
2021-03-08 18:00:00,1.18568,1.1865,1.18526,1.18538,0,SELL
2021-03-08 19:00:00,1.18536,1.18587,1.18519,1.18581,0,SELL
2021-03-08 20:00:00,1.1858,1.18582,1.18451,1.18452,0,SELL
2021-03-08 21:00:00,1.18454,1.18476,1.18442,1.1846,0,SELL
2021-03-08 22:00:00,1.18488,1.185,1.18464,1.18486,0,SELL
2021-03-08 23:00:00,1.18484,1.18528,1.18468,1.18509,0,SELL
2021-03-09 00:00:00,1.1851,1.18524,1.18356,1.18441,0,SELL
2021-03-09 01:00:00,1.1844,1.1849,1.18357,1.18384,0,SELL
2021-03-09 02:00:00,1.18384,1.18564,1.18381,1.1855,0,SELL
2021-03-09 03:00:00,1.18551,1.18672,1.18536,1.1865,0,SELL
2021-03-09 04:00:00,1.18652,1.18664,1.18554,1.18576,0,SELL
2021-03-09 05:00:00,1.18577,1.18596,1.18536,1.1854,0,SELL
2021-03-09 06:00:00,1.18541,1.18628,1.18533,1.18578,0,SELL
2021-03-09 07:00:00,1.18576,1.18883,1.18513,1.18808,0,SELL
2021-03-09 08:00:00,1.18807,1.18986,1.18764,1.18963,0,SELL
2021-03-09 09:00:00,1.18962,1.19092,1.18918,1.19056,0,SELL
2021-03-09 10:00:00,1.19054,1.19098,1.18976,1.19009,0,SELL
2021-03-09 11:00:00,1.1901,1.19158,1.19003,1.19042,0,SELL
2021-03-09 12:00:00,1.19041,1.19045,1.1887,1.18876,0,SELL
2021-03-09 13:00:00,1.18878,1.18978,1.18824,1.18918,0,SELL
2021-03-09 14:00:00,1.1892,1.19076,1.18834,1.19016,0,SELL
2021-03-09 15:00:00,1.19018,1.19091,1.1882,1.18857,0,SELL
2021-03-09 16:00:00,1.18858,1.18934,1.18814,1.18851,0,SELL
2021-03-09 17:00:00,1.18852,1.18914,1.18831,1.18864,0,SELL
2021-03-09 18:00:00,1.18862,1.18956,1.18848,1.18942,0,SELL
2021-03-09 19:00:00,1.18941,1.19044,1.18938,1.19004,0,SELL
2021-03-09 20:00:00,1.19002,1.1905,1.18994,1.19016,0,SELL
2021-03-09 21:00:00,1.19014,1.19029,1.18984,1.19016,0,SELL
2021-03-09 22:00:00,1.18987,1.19025,1.18945,1.19019,0,SELL
2021-03-09 23:00:00,1.19021,1.19029,1.18964,1.1897,0,SELL
2021-03-10 00:00:00,1.18968,1.1897,1.18877,1.18936,0,SELL
2021-03-10 01:00:00,1.18938,1.18978,1.18841,1.18852,0,SELL
2021-03-10 02:00:00,1.18853,1.18856,1.18772,1.18814,0,SELL
2021-03-10 03:00:00,1.18816,1.18832,1.18787,1.18802,0,SELL
2021-03-10 04:00:00,1.18804,1.18822,1.18772,1.18796,0,SELL
2021-03-10 05:00:00,1.18796,1.18801,1.18705,1.18751,0,SELL
2021-03-10 06:00:00,1.18753,1.1879,1.1869,1.18776,0,SELL
2021-03-10 07:00:00,1.18777,1.18864,1.18746,1.18842,0,SELL
2021-03-10 08:00:00,1.18842,1.1897,1.18719,1.18963,0,SELL
2021-03-10 09:00:00,1.1896,1.19016,1.18928,1.18998,0,SELL
2021-03-10 10:00:00,1.19,1.19047,1.18932,1.18953,0,SELL
2021-03-10 11:00:00,1.18954,1.18974,1.18852,1.18911,0,SELL
2021-03-10 12:00:00,1.18909,1.18964,1.18822,1.18853,0,SELL
2021-03-10 13:00:00,1.18852,1.1913,1.18818,1.19107,0,SELL
2021-03-10 14:00:00,1.19108,1.1925,1.19058,1.19132,0,SELL
2021-03-10 15:00:00,1.19131,1.19165,1.1886,1.1896,1,BUY
2021-03-10 16:00:00,1.18959,1.18998,1.18884,1.18988,1,BUY
2021-03-10 17:00:00,1.1899,1.19123,1.1897,1.19083,1,BUY
2021-03-10 18:00:00,1.19084,1.19222,1.19016,1.19143,1,BUY
2021-03-10 19:00:00,1.19144,1.19238,1.19128,1.19208,1,BUY
2021-03-10 20:00:00,1.19208,1.19276,1.1919,1.19268,1,BUY
2021-03-10 21:00:00,1.19268,1.19299,1.1924,1.19286,1,BUY
2021-03-10 22:00:00,1.1928,1.19294,1.19222,1.19263,1,BUY
2021-03-10 23:00:00,1.1926,1.19289,1.19243,1.19244,1,BUY
2021-03-11 00:00:00,1.19243,1.1929,1.19158,1.19192,1,BUY
2021-03-11 01:00:00,1.1919,1.19242,1.19174,1.19218,1,BUY
2021-03-11 02:00:00,1.1922,1.19348,1.1922,1.19287,1,BUY
2021-03-11 03:00:00,1.1929,1.19333,1.19277,1.19317,1,BUY
2021-03-11 04:00:00,1.19318,1.1932,1.19252,1.19276,1,BUY
2021-03-11 05:00:00,1.19275,1.19291,1.19256,1.19272,1,BUY
2021-03-11 06:00:00,1.19275,1.19323,1.19191,1.19301,1,BUY
2021-03-11 07:00:00,1.19302,1.19464,1.19246,1.19384,1,BUY
2021-03-11 08:00:00,1.19382,1.1969,1.19367,1.19646,1,BUY
2021-03-11 09:00:00,1.19648,1.19687,1.1957,1.19637,1,BUY
2021-03-11 10:00:00,1.19638,1.19664,1.19608,1.19632,1,BUY
2021-03-11 11:00:00,1.19634,1.1968,1.19616,1.19644,1,BUY
2021-03-11 12:00:00,1.19642,1.1965,1.19428,1.19544,1,BUY
2021-03-11 13:00:00,1.19546,1.19737,1.19437,1.19572,1,BUY
2021-03-11 14:00:00,1.19571,1.19654,1.19314,1.19369,1,BUY
2021-03-11 15:00:00,1.19368,1.19662,1.1928,1.19585,1,BUY
2021-03-11 16:00:00,1.19586,1.19791,1.19557,1.19771,1,BUY
2021-03-11 17:00:00,1.19774,1.19782,1.19654,1.19722,1,BUY
2021-03-11 18:00:00,1.19721,1.199,1.19714,1.19858,1,BUY
2021-03-11 19:00:00,1.19859,1.199,1.1981,1.19819,1,BUY
2021-03-11 20:00:00,1.19817,1.199,1.19811,1.19893,1,BUY
2021-03-11 21:00:00,1.19892,1.199,1.19835,1.19856,1,BUY
2021-03-11 22:00:00,1.19818,1.19862,1.19818,1.19832,1,BUY
2021-03-11 23:00:00,1.19826,1.19876,1.19808,1.19811,1,BUY
2021-03-12 00:00:00,1.19809,1.19848,1.19802,1.19831,1,BUY
2021-03-12 01:00:00,1.19832,1.19886,1.1983,1.19843,1,BUY
2021-03-12 02:00:00,1.19846,1.19846,1.19598,1.19622,1,BUY
2021-03-12 03:00:00,1.19624,1.19662,1.196,1.19618,1,BUY
2021-03-12 04:00:00,1.19618,1.19676,1.19609,1.19661,1,BUY
2021-03-12 05:00:00,1.1966,1.19673,1.19616,1.19635,1,BUY
2021-03-12 06:00:00,1.19636,1.19636,1.19458,1.1949,1,BUY
2021-03-12 07:00:00,1.19492,1.19509,1.19375,1.19454,1,BUY
2021-03-12 08:00:00,1.19452,1.1948,1.19282,1.19332,0,SELL
2021-03-12 09:00:00,1.1933,1.19369,1.19111,1.19178,0,SELL
2021-03-12 10:00:00,1.1918,1.19228,1.19099,1.19207,0,SELL
2021-03-12 11:00:00,1.19208,1.19233,1.19137,1.1917,0,SELL
2021-03-12 12:00:00,1.19171,1.19358,1.1916,1.19348,0,SELL
2021-03-12 13:00:00,1.19347,1.19403,1.19216,1.19265,0,SELL
2021-03-12 14:00:00,1.19266,1.1935,1.19203,1.19315,0,SELL
2021-03-12 15:00:00,1.19314,1.19394,1.19114,1.19368,0,SELL
2021-03-12 16:00:00,1.19369,1.19552,1.19334,1.19524,0,SELL
2021-03-12 17:00:00,1.19523,1.19568,1.19478,1.1948,0,SELL
2021-03-12 18:00:00,1.1948,1.19554,1.19446,1.19524,1,BUY
2021-03-12 19:00:00,1.19526,1.19546,1.19488,1.19489,1,BUY
2021-03-12 20:00:00,1.1949,1.19614,1.19475,1.19606,1,BUY
2021-03-12 21:00:00,1.19604,1.19612,1.19509,1.19525,1,BUY
2021-03-14 21:00:00,1.19516,1.19516,1.19426,1.19499,1,BUY
2021-03-14 22:00:00,1.19494,1.19544,1.19438,1.19482,1,BUY
2021-03-14 23:00:00,1.1948,1.19531,1.1945,1.19502,1,BUY
2021-03-15 00:00:00,1.19502,1.19563,1.19498,1.19514,1,BUY
2021-03-15 01:00:00,1.19512,1.19674,1.19505,1.19578,1,BUY
2021-03-15 02:00:00,1.19576,1.19616,1.19432,1.19478,1,BUY
2021-03-15 03:00:00,1.19476,1.19544,1.19474,1.19541,1,BUY
2021-03-15 04:00:00,1.19542,1.19545,1.19426,1.19433,1,BUY
2021-03-15 05:00:00,1.19436,1.19438,1.193,1.19328,0,SELL
2021-03-15 06:00:00,1.1933,1.19358,1.19256,1.1935,0,SELL
2021-03-15 07:00:00,1.19352,1.19377,1.19179,1.19199,0,SELL
2021-03-15 08:00:00,1.192,1.194,1.19196,1.19368,0,SELL
2021-03-15 09:00:00,1.19367,1.19403,1.19226,1.19259,0,SELL
2021-03-15 10:00:00,1.19258,1.19306,1.19192,1.19305,0,SELL
2021-03-15 11:00:00,1.19304,1.19342,1.19212,1.19228,0,SELL
2021-03-15 12:00:00,1.1923,1.19339,1.1921,1.1925,0,SELL
2021-03-15 13:00:00,1.19251,1.19308,1.19162,1.19206,0,SELL
2021-03-15 14:00:00,1.19205,1.19305,1.19154,1.19279,0,SELL
2021-03-15 15:00:00,1.19278,1.1934,1.19112,1.19154,0,SELL
2021-03-15 16:00:00,1.19152,1.19374,1.19152,1.19231,0,SELL
2021-03-15 17:00:00,1.1923,1.19315,1.19194,1.19279,0,SELL
2021-03-15 18:00:00,1.19278,1.19324,1.19252,1.19258,0,SELL
2021-03-15 19:00:00,1.19257,1.19302,1.19213,1.19298,0,SELL
2021-03-15 20:00:00,1.19296,1.19337,1.19288,1.19302,0,SELL
2021-03-15 21:00:00,1.19262,1.19362,1.19252,1.19283,0,SELL
2021-03-15 22:00:00,1.19277,1.193,1.19245,1.19246,0,SELL
2021-03-15 23:00:00,1.19248,1.19272,1.19242,1.19264,0,SELL
2021-03-16 00:00:00,1.19265,1.19317,1.19224,1.19229,0,SELL
2021-03-16 01:00:00,1.19232,1.19322,1.19225,1.1928,0,SELL
2021-03-16 02:00:00,1.19281,1.19284,1.19222,1.19266,0,SELL
2021-03-16 03:00:00,1.19264,1.19372,1.19251,1.19338,0,SELL
2021-03-16 04:00:00,1.19339,1.19388,1.19328,1.19378,0,SELL
2021-03-16 05:00:00,1.19376,1.19389,1.19345,1.1935,0,SELL
2021-03-16 06:00:00,1.1935,1.19355,1.19274,1.19296,0,SELL
2021-03-16 07:00:00,1.19298,1.193,1.19155,1.19164,0,SELL
2021-03-16 08:00:00,1.19166,1.19288,1.19136,1.19268,0,SELL
2021-03-16 09:00:00,1.19267,1.19356,1.19224,1.1929,0,SELL
2021-03-16 10:00:00,1.19292,1.19458,1.19272,1.19444,0,SELL
2021-03-16 11:00:00,1.19442,1.1952,1.1943,1.19472,0,SELL
2021-03-16 12:00:00,1.19472,1.195,1.19204,1.1923,0,SELL
2021-03-16 13:00:00,1.19228,1.19274,1.1897,1.19026,0,SELL
2021-03-16 14:00:00,1.19026,1.19138,1.18999,1.19092,0,SELL
2021-03-16 15:00:00,1.19094,1.19101,1.18822,1.18942,0,SELL
2021-03-16 16:00:00,1.18941,1.18988,1.189,1.18932,0,SELL
2021-03-16 17:00:00,1.18931,1.19097,1.18926,1.19027,0,SELL
2021-03-16 18:00:00,1.19028,1.19091,1.19018,1.19038,0,SELL
2021-03-16 19:00:00,1.19038,1.19102,1.19028,1.19052,0,SELL
2021-03-16 20:00:00,1.19051,1.1907,1.19012,1.19027,0,SELL
2021-03-16 21:00:00,1.19009,1.19048,1.19006,1.19027,0,SELL
2021-03-16 22:00:00,1.19031,1.19042,1.19018,1.19018,0,SELL
2021-03-16 23:00:00,1.19016,1.19046,1.19004,1.19022,0,SELL
2021-03-17 00:00:00,1.19019,1.19062,1.19,1.19015,0,SELL
2021-03-17 01:00:00,1.19014,1.19022,1.18927,1.1897,0,SELL
2021-03-17 02:00:00,1.1897,1.19017,1.18961,1.19017,0,SELL
2021-03-17 03:00:00,1.19016,1.19042,1.18996,1.19013,0,SELL
2021-03-17 04:00:00,1.19012,1.19038,1.18996,1.19036,0,SELL
2021-03-17 05:00:00,1.19034,1.19044,1.18979,1.18982,0,SELL
2021-03-17 06:00:00,1.18981,1.19082,1.18972,1.19078,0,SELL
2021-03-17 07:00:00,1.19076,1.19081,1.18911,1.18912,0,SELL
2021-03-17 08:00:00,1.18911,1.19,1.18862,1.18981,0,SELL
2021-03-17 09:00:00,1.18982,1.19168,1.1897,1.19107,0,SELL
2021-03-17 10:00:00,1.19106,1.19154,1.19066,1.19114,0,SELL
2021-03-17 11:00:00,1.19111,1.19118,1.18926,1.18936,0,SELL
2021-03-17 12:00:00,1.18936,1.1914,1.18913,1.19118,0,SELL
2021-03-17 13:00:00,1.19116,1.19126,1.19008,1.19012,0,SELL
2021-03-17 14:00:00,1.19012,1.19152,1.19008,1.19078,0,SELL
2021-03-17 15:00:00,1.19078,1.19131,1.19029,1.1904,0,SELL
2021-03-17 16:00:00,1.1904,1.19042,1.1897,1.19016,0,SELL
2021-03-17 17:00:00,1.19018,1.19104,1.18977,1.19086,0,SELL
2021-03-17 18:00:00,1.19092,1.19854,1.19092,1.19774,0,SELL
2021-03-17 19:00:00,1.19773,1.1983,1.19614,1.19772,1,BUY
2021-03-17 20:00:00,1.19771,1.19856,1.19748,1.19794,1,BUY
2021-03-17 21:00:00,1.19781,1.1983,1.19774,1.19805,1,BUY
2021-03-17 22:00:00,1.19802,1.19875,1.19782,1.19785,1,BUY
2021-03-17 23:00:00,1.19784,1.1984,1.1978,1.19828,1,BUY
2021-03-18 00:00:00,1.19826,1.19877,1.19786,1.19855,1,BUY
2021-03-18 01:00:00,1.19854,1.19866,1.1967,1.19693,1,BUY
2021-03-18 02:00:00,1.19692,1.19712,1.19654,1.19708,1,BUY
2021-03-18 03:00:00,1.19708,1.1975,1.19588,1.19592,1,BUY
2021-03-18 04:00:00,1.19594,1.1964,1.19554,1.19614,1,BUY
2021-03-18 05:00:00,1.19612,1.19687,1.1959,1.1965,1,BUY
2021-03-18 06:00:00,1.1965,1.19799,1.19648,1.19796,1,BUY
2021-03-18 07:00:00,1.19794,1.1989,1.19428,1.19474,1,BUY
2021-03-18 08:00:00,1.19475,1.19558,1.1935,1.19474,1,BUY
2021-03-18 09:00:00,1.19472,1.19504,1.1937,1.19423,1,BUY
2021-03-18 10:00:00,1.19424,1.19441,1.19342,1.19398,1,BUY
2021-03-18 11:00:00,1.19397,1.195,1.19368,1.19412,0,SELL
2021-03-18 12:00:00,1.19413,1.19478,1.19218,1.19282,0,SELL
2021-03-18 13:00:00,1.1928,1.19295,1.19103,1.19166,0,SELL
2021-03-18 14:00:00,1.19165,1.19252,1.19086,1.192,0,SELL
2021-03-18 15:00:00,1.192,1.19284,1.19155,1.19262,0,SELL
2021-03-18 16:00:00,1.1926,1.19388,1.19171,1.19204,0,SELL
2021-03-18 17:00:00,1.19205,1.19318,1.19154,1.19293,0,SELL
2021-03-18 18:00:00,1.19294,1.193,1.1909,1.19136,0,SELL
2021-03-18 19:00:00,1.19134,1.1917,1.19062,1.19102,0,SELL
2021-03-18 20:00:00,1.19104,1.19186,1.19102,1.1916,0,SELL
2021-03-18 21:00:00,1.19124,1.19187,1.19124,1.19142,0,SELL
2021-03-18 22:00:00,1.19146,1.19206,1.19143,1.19172,0,SELL
2021-03-18 23:00:00,1.19174,1.19193,1.19142,1.19178,0,SELL
2021-03-19 00:00:00,1.19176,1.19188,1.19044,1.19074,0,SELL
2021-03-19 01:00:00,1.19075,1.1913,1.19028,1.191,0,SELL
2021-03-19 02:00:00,1.19098,1.1911,1.1902,1.19088,0,SELL
2021-03-19 03:00:00,1.19086,1.19168,1.1905,1.19144,0,SELL
2021-03-19 04:00:00,1.19142,1.192,1.19124,1.19189,0,SELL
2021-03-19 05:00:00,1.19187,1.19192,1.1911,1.1918,0,SELL
2021-03-19 06:00:00,1.1918,1.19276,1.19136,1.19254,0,SELL
2021-03-19 07:00:00,1.19256,1.19371,1.19199,1.19324,0,SELL
2021-03-19 08:00:00,1.19325,1.19371,1.1921,1.1923,0,SELL
2021-03-19 09:00:00,1.19231,1.19234,1.18926,1.18934,0,SELL
2021-03-19 10:00:00,1.18933,1.18985,1.18906,1.1898,0,SELL
2021-03-19 11:00:00,1.18978,1.19094,1.18948,1.18992,0,SELL
2021-03-19 12:00:00,1.18993,1.19054,1.1894,1.18998,0,SELL
2021-03-19 13:00:00,1.18997,1.19044,1.18739,1.18813,0,SELL
2021-03-19 14:00:00,1.18812,1.18873,1.18762,1.18864,0,SELL
2021-03-19 15:00:00,1.18866,1.1912,1.18843,1.1909,0,SELL
2021-03-19 16:00:00,1.19089,1.1912,1.19,1.19076,0,SELL
2021-03-19 17:00:00,1.19074,1.19111,1.19048,1.19094,0,SELL
2021-03-19 18:00:00,1.19096,1.19126,1.19058,1.19082,0,SELL
2021-03-19 19:00:00,1.19083,1.191,1.19052,1.19053,0,SELL
2021-03-19 20:00:00,1.19054,1.19072,1.1902,1.19042,0,SELL
2021-03-21 21:00:00,1.1874,1.18889,1.18676,1.18807,0,SELL
2021-03-21 22:00:00,1.18814,1.18889,1.18765,1.18846,0,SELL
2021-03-21 23:00:00,1.18848,1.18902,1.18818,1.18838,0,SELL
2021-03-22 00:00:00,1.1884,1.18927,1.18836,1.18852,0,SELL
2021-03-22 01:00:00,1.1885,1.1887,1.18752,1.18846,0,SELL
2021-03-22 02:00:00,1.18845,1.18933,1.18845,1.18926,0,SELL
2021-03-22 03:00:00,1.18925,1.18984,1.18916,1.1895,0,SELL
2021-03-22 04:00:00,1.18952,1.18991,1.18931,1.18936,0,SELL
2021-03-22 05:00:00,1.18935,1.18997,1.18914,1.18937,0,SELL
2021-03-22 06:00:00,1.18936,1.18958,1.18822,1.18828,0,SELL
2021-03-22 07:00:00,1.18827,1.1889,1.18746,1.18842,0,SELL
2021-03-22 08:00:00,1.18842,1.19062,1.18758,1.19022,0,SELL
2021-03-22 09:00:00,1.19023,1.19058,1.18933,1.19002,0,SELL
2021-03-22 10:00:00,1.19004,1.1911,1.18994,1.19106,0,SELL
2021-03-22 11:00:00,1.19105,1.19306,1.19098,1.19276,0,SELL
2021-03-22 12:00:00,1.19278,1.19315,1.19165,1.19232,0,SELL
2021-03-22 13:00:00,1.1923,1.19282,1.19108,1.19168,1,BUY
2021-03-22 14:00:00,1.19169,1.19276,1.19134,1.19218,1,BUY
2021-03-22 15:00:00,1.19217,1.19396,1.19203,1.19318,1,BUY
2021-03-22 16:00:00,1.19319,1.19394,1.19286,1.19392,1,BUY
2021-03-22 17:00:00,1.19393,1.1947,1.19352,1.19416,1,BUY
2021-03-22 18:00:00,1.19414,1.19442,1.19399,1.1942,1,BUY
2021-03-22 19:00:00,1.19419,1.19422,1.19356,1.19364,1,BUY
2021-03-22 20:00:00,1.19362,1.19378,1.19324,1.19326,1,BUY
2021-03-22 21:00:00,1.19331,1.19362,1.19306,1.19348,1,BUY
2021-03-22 22:00:00,1.19352,1.19356,1.19318,1.19336,1,BUY
2021-03-22 23:00:00,1.19338,1.19358,1.19288,1.19324,1,BUY
2021-03-23 00:00:00,1.19326,1.19409,1.19286,1.19336,1,BUY
2021-03-23 01:00:00,1.19335,1.19372,1.19266,1.19296,1,BUY
2021-03-23 02:00:00,1.19298,1.19332,1.1923,1.19256,1,BUY
2021-03-23 03:00:00,1.19258,1.19322,1.19242,1.19318,1,BUY
2021-03-23 04:00:00,1.19317,1.19334,1.1923,1.19234,1,BUY
2021-03-23 05:00:00,1.19232,1.19258,1.19194,1.19248,1,BUY
2021-03-23 06:00:00,1.1925,1.1929,1.19216,1.19275,0,SELL
2021-03-23 07:00:00,1.19276,1.19319,1.19028,1.19053,0,SELL
2021-03-23 08:00:00,1.19054,1.1908,1.1886,1.18988,0,SELL
2021-03-23 09:00:00,1.18987,1.19002,1.1891,1.18913,0,SELL
2021-03-23 10:00:00,1.18912,1.19,1.18824,1.18846,0,SELL
2021-03-23 11:00:00,1.18847,1.18857,1.18774,1.18807,0,SELL
2021-03-23 12:00:00,1.18806,1.18951,1.18788,1.18892,0,SELL
2021-03-23 13:00:00,1.18893,1.18915,1.18706,1.18728,0,SELL
2021-03-23 14:00:00,1.18726,1.18761,1.18616,1.18737,0,SELL
2021-03-23 15:00:00,1.18736,1.18767,1.18635,1.18724,0,SELL
2021-03-23 16:00:00,1.18722,1.18728,1.18583,1.18635,0,SELL
2021-03-23 17:00:00,1.18636,1.18662,1.18558,1.18571,0,SELL
2021-03-23 18:00:00,1.1857,1.18577,1.18486,1.18518,0,SELL
2021-03-23 19:00:00,1.1852,1.18562,1.18478,1.18479,0,SELL
2021-03-23 20:00:00,1.18478,1.18512,1.18422,1.18493,0,SELL
2021-03-23 21:00:00,1.18483,1.18534,1.18476,1.18492,0,SELL
2021-03-23 22:00:00,1.18486,1.18518,1.18471,1.18474,0,SELL
2021-03-23 23:00:00,1.18474,1.18479,1.18362,1.18396,0,SELL
2021-03-24 00:00:00,1.18398,1.1848,1.18396,1.18428,0,SELL
2021-03-24 01:00:00,1.1843,1.18511,1.18398,1.18484,0,SELL
2021-03-24 02:00:00,1.18482,1.18496,1.18422,1.18452,0,SELL
2021-03-24 03:00:00,1.18454,1.18498,1.1844,1.1849,0,SELL
2021-03-24 04:00:00,1.1849,1.18492,1.18427,1.18465,0,SELL
2021-03-24 05:00:00,1.18464,1.18465,1.18388,1.18406,0,SELL
2021-03-24 06:00:00,1.18406,1.18474,1.18336,1.18469,0,SELL
2021-03-24 07:00:00,1.18472,1.18472,1.18176,1.18208,0,SELL
2021-03-24 08:00:00,1.18206,1.18326,1.18124,1.18268,0,SELL
2021-03-24 09:00:00,1.1827,1.1845,1.18226,1.1835,0,SELL
2021-03-24 10:00:00,1.18351,1.18351,1.18189,1.18226,0,SELL
2021-03-24 11:00:00,1.18228,1.18359,1.18222,1.18337,0,SELL
2021-03-24 12:00:00,1.18334,1.18367,1.1824,1.18338,0,SELL
2021-03-24 13:00:00,1.18336,1.1834,1.18144,1.18228,0,SELL
2021-03-24 14:00:00,1.1823,1.18304,1.18172,1.18288,0,SELL
2021-03-24 15:00:00,1.18289,1.18391,1.18242,1.18306,0,SELL
2021-03-24 16:00:00,1.18306,1.1837,1.1823,1.18236,0,SELL
2021-03-24 17:00:00,1.18238,1.1829,1.18196,1.18273,0,SELL
2021-03-24 18:00:00,1.18272,1.18306,1.1821,1.18212,0,SELL
2021-03-24 19:00:00,1.1821,1.18234,1.18124,1.18126,0,SELL
2021-03-24 20:00:00,1.18124,1.18165,1.18096,1.18128,0,SELL
2021-03-24 21:00:00,1.18133,1.18151,1.1812,1.18132,0,SELL
2021-03-24 22:00:00,1.1814,1.18152,1.1809,1.18118,0,SELL
2021-03-24 23:00:00,1.1812,1.18146,1.18108,1.18129,0,SELL
2021-03-25 00:00:00,1.1813,1.18177,1.18114,1.18177,0,SELL
2021-03-25 01:00:00,1.18174,1.18174,1.18042,1.18122,0,SELL
2021-03-25 02:00:00,1.18123,1.18252,1.18118,1.1824,0,SELL
2021-03-25 03:00:00,1.18242,1.18278,1.18223,1.18231,0,SELL
2021-03-25 04:00:00,1.1823,1.18241,1.18186,1.18207,0,SELL
2021-03-25 05:00:00,1.18206,1.18262,1.18197,1.18202,0,SELL
2021-03-25 06:00:00,1.18202,1.18216,1.18142,1.18162,0,SELL
2021-03-25 07:00:00,1.1816,1.18184,1.18046,1.18062,0,SELL
2021-03-25 08:00:00,1.18061,1.18165,1.18014,1.18051,0,SELL
2021-03-25 09:00:00,1.18052,1.18138,1.18038,1.18107,0,SELL
2021-03-25 10:00:00,1.18106,1.18182,1.18082,1.18142,0,SELL
2021-03-25 11:00:00,1.18141,1.18178,1.18038,1.18049,0,SELL
2021-03-25 12:00:00,1.18051,1.18099,1.17912,1.17974,0,SELL
2021-03-25 13:00:00,1.17972,1.18156,1.17964,1.1808,0,SELL
2021-03-25 14:00:00,1.18078,1.18126,1.17921,1.17997,0,SELL
2021-03-25 15:00:00,1.17998,1.17998,1.17734,1.1776,0,SELL
2021-03-25 16:00:00,1.17761,1.17808,1.17626,1.17628,0,SELL
2021-03-25 17:00:00,1.17629,1.17764,1.17618,1.17746,0,SELL
2021-03-25 18:00:00,1.17744,1.17819,1.17698,1.17769,0,SELL
2021-03-25 19:00:00,1.17771,1.1779,1.17648,1.17674,0,SELL
2021-03-25 20:00:00,1.17674,1.17694,1.17622,1.17644,0,SELL
2021-03-25 21:00:00,1.1765,1.1775,1.1765,1.17691,0,SELL
2021-03-25 22:00:00,1.17688,1.17739,1.17682,1.17737,0,SELL
2021-03-25 23:00:00,1.17735,1.17774,1.17714,1.17758,0,SELL
2021-03-26 00:00:00,1.1776,1.17839,1.17718,1.17821,0,SELL
2021-03-26 01:00:00,1.17822,1.17848,1.17797,1.17836,0,SELL
2021-03-26 02:00:00,1.17837,1.17846,1.17764,1.17797,0,SELL
2021-03-26 03:00:00,1.17798,1.17822,1.17794,1.17812,0,SELL
2021-03-26 04:00:00,1.1781,1.1781,1.17747,1.17766,0,SELL
2021-03-26 05:00:00,1.17768,1.17844,1.17767,1.17836,0,SELL
2021-03-26 06:00:00,1.17834,1.17868,1.17807,1.17834,0,SELL
2021-03-26 07:00:00,1.17833,1.17893,1.17761,1.17867,0,SELL
2021-03-26 08:00:00,1.17868,1.17884,1.17752,1.17875,0,SELL
2021-03-26 09:00:00,1.17874,1.17974,1.17831,1.17924,0,SELL
2021-03-26 10:00:00,1.17923,1.17937,1.17776,1.17821,0,SELL
2021-03-26 11:00:00,1.17822,1.17828,1.17718,1.1774,0,SELL
2021-03-26 12:00:00,1.17742,1.17847,1.17728,1.17762,0,SELL
2021-03-26 13:00:00,1.17761,1.17884,1.17761,1.17839,0,SELL
2021-03-26 14:00:00,1.17838,1.17914,1.1778,1.17902,0,SELL
2021-03-26 15:00:00,1.17904,1.1805,1.17854,1.17966,0,SELL
2021-03-26 16:00:00,1.17968,1.17994,1.17925,1.17988,0,SELL
2021-03-26 17:00:00,1.1799,1.18,1.1786,1.17904,0,SELL
2021-03-26 18:00:00,1.17906,1.17922,1.17843,1.17894,0,SELL
2021-03-26 19:00:00,1.17895,1.17994,1.17883,1.17979,0,SELL
2021-03-26 20:00:00,1.17978,1.18002,1.17918,1.17941,0,SELL
2021-03-28 21:00:00,1.17941,1.17941,1.17916,1.17919,0,SELL
2021-03-28 22:00:00,1.17914,1.17937,1.17889,1.17908,0,SELL
2021-03-28 23:00:00,1.1791,1.17911,1.17858,1.17876,0,SELL
2021-03-29 00:00:00,1.17874,1.17896,1.17778,1.17806,0,SELL
2021-03-29 01:00:00,1.17804,1.17874,1.17751,1.17856,0,SELL
2021-03-29 02:00:00,1.17855,1.17911,1.17833,1.17908,0,SELL
2021-03-29 03:00:00,1.17907,1.17908,1.17848,1.17862,0,SELL
2021-03-29 04:00:00,1.17864,1.1788,1.17783,1.17789,0,SELL
2021-03-29 05:00:00,1.17788,1.17796,1.17734,1.17758,0,SELL
2021-03-29 06:00:00,1.17758,1.17844,1.1773,1.17808,0,SELL
2021-03-29 07:00:00,1.17808,1.17938,1.17786,1.17866,0,SELL
2021-03-29 08:00:00,1.17866,1.17874,1.1763,1.17666,0,SELL
2021-03-29 09:00:00,1.17668,1.17808,1.17656,1.17748,0,SELL
2021-03-29 10:00:00,1.1775,1.17798,1.17678,1.17713,0,SELL
2021-03-29 11:00:00,1.17712,1.17826,1.17646,1.17808,0,SELL
2021-03-29 12:00:00,1.17806,1.17886,1.17776,1.17856,0,SELL
2021-03-29 13:00:00,1.17855,1.17928,1.17736,1.17776,0,SELL
2021-03-29 14:00:00,1.17775,1.17855,1.17629,1.17636,0,SELL
2021-03-29 15:00:00,1.17637,1.17841,1.17606,1.17783,0,SELL
2021-03-29 16:00:00,1.17782,1.17812,1.1773,1.17737,0,SELL
2021-03-29 17:00:00,1.17736,1.17784,1.177,1.17702,0,SELL
2021-03-29 18:00:00,1.17703,1.17728,1.17634,1.17634,0,SELL
2021-03-29 19:00:00,1.17636,1.17712,1.17636,1.1768,0,SELL
2021-03-29 20:00:00,1.1768,1.17681,1.1763,1.1765,0,SELL
2021-03-29 21:00:00,1.1764,1.17758,1.1764,1.17668,0,SELL
2021-03-29 22:00:00,1.17671,1.17725,1.17657,1.17678,0,SELL
2021-03-29 23:00:00,1.17676,1.17696,1.17661,1.17688,0,SELL
2021-03-30 00:00:00,1.17685,1.17714,1.17642,1.17704,0,SELL
2021-03-30 01:00:00,1.17702,1.17738,1.17647,1.17727,0,SELL
2021-03-30 02:00:00,1.17726,1.17726,1.17638,1.1765,0,SELL
2021-03-30 03:00:00,1.17652,1.17707,1.17652,1.1767,0,SELL
2021-03-30 04:00:00,1.17671,1.17679,1.17601,1.17642,0,SELL
2021-03-30 05:00:00,1.1764,1.17656,1.17605,1.17611,0,SELL
2021-03-30 06:00:00,1.17611,1.17656,1.1741,1.17473,0,SELL
2021-03-30 07:00:00,1.17474,1.1755,1.1733,1.17356,0,SELL
2021-03-30 08:00:00,1.17356,1.17478,1.17334,1.17464,0,SELL
2021-03-30 09:00:00,1.17464,1.17498,1.17358,1.17392,0,SELL
2021-03-30 10:00:00,1.1739,1.17436,1.17306,1.17322,0,SELL
2021-03-30 11:00:00,1.17324,1.17404,1.17289,1.17352,0,SELL
2021-03-30 12:00:00,1.17354,1.17432,1.17273,1.17314,0,SELL
2021-03-30 13:00:00,1.17312,1.17376,1.17114,1.17195,0,SELL
2021-03-30 14:00:00,1.17192,1.17312,1.17162,1.17252,0,SELL
2021-03-30 15:00:00,1.17251,1.17332,1.1721,1.17238,0,SELL
2021-03-30 16:00:00,1.1724,1.17264,1.17159,1.17185,0,SELL
2021-03-30 17:00:00,1.17186,1.17199,1.17139,1.17146,0,SELL
2021-03-30 18:00:00,1.17147,1.17181,1.17144,1.17172,0,SELL
2021-03-30 19:00:00,1.17174,1.17232,1.17162,1.17199,0,SELL
2021-03-30 20:00:00,1.17198,1.17205,1.17152,1.17158,0,SELL
2021-03-30 21:00:00,1.17175,1.17182,1.17151,1.17176,0,SELL
2021-03-30 22:00:00,1.1718,1.17202,1.17167,1.17178,0,SELL
2021-03-30 23:00:00,1.17176,1.17243,1.17152,1.17232,0,SELL
2021-03-31 00:00:00,1.17233,1.17261,1.17197,1.17226,0,SELL
2021-03-31 01:00:00,1.17224,1.17241,1.17106,1.17138,0,SELL
2021-03-31 02:00:00,1.17139,1.17139,1.1707,1.17072,0,SELL
2021-03-31 03:00:00,1.1707,1.17094,1.17046,1.17072,0,SELL
2021-03-31 04:00:00,1.17074,1.1708,1.17042,1.17077,0,SELL
2021-03-31 05:00:00,1.17078,1.1713,1.17058,1.17083,0,SELL
2021-03-31 06:00:00,1.17084,1.17276,1.17048,1.17272,0,SELL
2021-03-31 07:00:00,1.1727,1.17378,1.17218,1.17317,0,SELL
2021-03-31 08:00:00,1.17316,1.17481,1.17302,1.17464,0,SELL
2021-03-31 09:00:00,1.17462,1.17463,1.17291,1.17291,0,SELL
2021-03-31 10:00:00,1.17292,1.17355,1.17214,1.17349,0,SELL
2021-03-31 11:00:00,1.17352,1.17399,1.17271,1.17314,0,SELL
2021-03-31 12:00:00,1.17313,1.17328,1.17212,1.17256,0,SELL
2021-03-31 13:00:00,1.17257,1.17398,1.17211,1.17352,0,SELL
2021-03-31 14:00:00,1.17353,1.176,1.17353,1.17519,0,SELL
2021-03-31 15:00:00,1.17518,1.17532,1.17289,1.17422,0,SELL
2021-03-31 16:00:00,1.17423,1.17529,1.17423,1.175,0,SELL
2021-03-31 17:00:00,1.17498,1.17554,1.1739,1.17392,0,SELL
2021-03-31 18:00:00,1.17392,1.174,1.17238,1.17256,0,SELL
2021-03-31 19:00:00,1.17258,1.17302,1.17196,1.17265,0,SELL
2021-03-31 20:00:00,1.17264,1.17308,1.17232,1.17308,0,SELL
2021-03-31 21:00:00,1.17298,1.17306,1.17258,1.17276,0,SELL
2021-03-31 22:00:00,1.17274,1.1729,1.17211,1.17257,0,SELL
2021-03-31 23:00:00,1.17259,1.17278,1.17224,1.17272,0,SELL
2021-04-01 00:00:00,1.17271,1.17323,1.17214,1.17293,0,SELL
2021-04-01 01:00:00,1.17294,1.17321,1.17274,1.17298,0,SELL
2021-04-01 02:00:00,1.17299,1.1733,1.17216,1.17244,0,SELL
2021-04-01 03:00:00,1.17246,1.17274,1.17236,1.17244,0,SELL
2021-04-01 04:00:00,1.17246,1.17268,1.17145,1.17158,0,SELL
2021-04-01 05:00:00,1.17156,1.17209,1.17138,1.17178,0,SELL
2021-04-01 06:00:00,1.17177,1.17336,1.17126,1.17325,0,SELL
2021-04-01 07:00:00,1.17326,1.17432,1.17212,1.17414,0,SELL
2021-04-01 08:00:00,1.17415,1.17446,1.17271,1.17278,0,SELL
2021-04-01 09:00:00,1.17276,1.17444,1.17243,1.174,0,SELL
2021-04-01 10:00:00,1.17401,1.17505,1.17352,1.1737,0,SELL
2021-04-01 11:00:00,1.17371,1.1743,1.1733,1.17408,0,SELL
2021-04-01 12:00:00,1.1741,1.17539,1.174,1.17453,0,SELL
2021-04-01 13:00:00,1.17454,1.17634,1.17452,1.17544,1,BUY
2021-04-01 14:00:00,1.1754,1.17654,1.1739,1.17596,1,BUY
2021-04-01 15:00:00,1.17597,1.17745,1.17557,1.1772,1,BUY
2021-04-01 16:00:00,1.1772,1.178,1.17692,1.17732,1,BUY
2021-04-01 17:00:00,1.1773,1.17787,1.17711,1.17732,1,BUY
2021-04-01 18:00:00,1.17734,1.17742,1.17668,1.17714,1,BUY
2021-04-01 19:00:00,1.17712,1.17772,1.17688,1.17764,1,BUY
2021-04-01 20:00:00,1.17764,1.17784,1.17718,1.17774,1,BUY
2021-04-01 21:00:00,1.1777,1.17789,1.17748,1.17754,1,BUY
2021-04-01 22:00:00,1.17758,1.17826,1.17754,1.17803,1,BUY
2021-04-01 23:00:00,1.17805,1.17805,1.17758,1.17776,1,BUY
2021-04-02 00:00:00,1.17778,1.17842,1.17703,1.17716,1,BUY
2021-04-02 01:00:00,1.17715,1.1775,1.17693,1.17718,1,BUY
2021-04-02 02:00:00,1.17716,1.17784,1.17697,1.17784,1,BUY
2021-04-02 03:00:00,1.17783,1.17814,1.17767,1.17795,1,BUY
2021-04-02 04:00:00,1.17794,1.178,1.1776,1.1778,1,BUY
2021-04-02 05:00:00,1.17782,1.17808,1.17764,1.17776,1,BUY
2021-04-02 06:00:00,1.17778,1.17817,1.17746,1.17752,1,BUY
2021-04-02 07:00:00,1.1775,1.17804,1.17696,1.17778,1,BUY
2021-04-02 08:00:00,1.17776,1.17868,1.17744,1.17822,1,BUY
2021-04-02 09:00:00,1.17821,1.17854,1.17788,1.1779,1,BUY
2021-04-02 10:00:00,1.17792,1.17819,1.1776,1.1778,1,BUY
2021-04-02 11:00:00,1.1778,1.17802,1.17721,1.17732,1,BUY
2021-04-02 12:00:00,1.17734,1.17862,1.17575,1.17688,1,BUY
2021-04-02 13:00:00,1.17687,1.1769,1.17494,1.17676,1,BUY
2021-04-02 14:00:00,1.17678,1.1768,1.17534,1.1758,1,BUY
2021-04-02 15:00:00,1.17582,1.17614,1.1756,1.17608,0,SELL
2021-04-02 16:00:00,1.17602,1.17622,1.17582,1.17612,0,SELL
2021-04-02 17:00:00,1.17606,1.17632,1.17605,1.17631,0,SELL
2021-04-02 18:00:00,1.17628,1.17642,1.17612,1.17626,0,SELL
2021-04-02 19:00:00,1.17624,1.17645,1.17613,1.17617,0,SELL
2021-04-02 20:00:00,1.17614,1.17662,1.17581,1.17602,0,SELL
2021-04-04 21:00:00,1.17608,1.17608,1.17558,1.17558,0,SELL
2021-04-04 22:00:00,1.17565,1.17676,1.17558,1.17623,0,SELL
2021-04-04 23:00:00,1.17625,1.17681,1.17582,1.17677,0,SELL
2021-04-05 00:00:00,1.17676,1.17678,1.17615,1.17651,0,SELL
2021-04-05 01:00:00,1.1765,1.1772,1.17642,1.177,1,BUY
2021-04-05 02:00:00,1.17698,1.17704,1.17659,1.17666,1,BUY
2021-04-05 03:00:00,1.17664,1.17708,1.17652,1.177,1,BUY
2021-04-05 04:00:00,1.17702,1.17706,1.1759,1.17591,1,BUY
2021-04-05 05:00:00,1.17592,1.17608,1.17478,1.17494,0,SELL
2021-04-05 06:00:00,1.17493,1.17538,1.17468,1.17487,0,SELL
2021-04-05 07:00:00,1.17486,1.17528,1.17414,1.17428,0,SELL
2021-04-05 08:00:00,1.1743,1.17574,1.17408,1.17474,0,SELL
2021-04-05 09:00:00,1.17472,1.1749,1.17404,1.17407,0,SELL
2021-04-05 10:00:00,1.17408,1.1751,1.17376,1.17494,0,SELL
2021-04-05 11:00:00,1.17494,1.17591,1.17488,1.17588,0,SELL
2021-04-05 12:00:00,1.1759,1.1781,1.17562,1.1779,0,SELL
2021-04-05 13:00:00,1.17791,1.18028,1.17781,1.17971,0,SELL
2021-04-05 14:00:00,1.17969,1.1815,1.17969,1.17988,1,BUY
2021-04-05 15:00:00,1.1799,1.18134,1.17956,1.181,1,BUY
2021-04-05 16:00:00,1.181,1.18167,1.18097,1.18161,1,BUY
2021-04-05 17:00:00,1.1816,1.18196,1.18122,1.18128,1,BUY
2021-04-05 18:00:00,1.1813,1.18132,1.18094,1.1811,1,BUY
2021-04-05 19:00:00,1.1811,1.1814,1.18078,1.18134,1,BUY
2021-04-05 20:00:00,1.18135,1.18135,1.18096,1.18123,1,BUY
2021-04-05 21:00:00,1.18123,1.18144,1.18118,1.18128,1,BUY
2021-04-05 22:00:00,1.18126,1.18154,1.18118,1.18144,1,BUY
2021-04-05 23:00:00,1.18145,1.18175,1.18144,1.1817,1,BUY
2021-04-06 00:00:00,1.18169,1.18217,1.18132,1.1814,1,BUY
2021-04-06 01:00:00,1.18142,1.18172,1.18088,1.18106,1,BUY
2021-04-06 02:00:00,1.18107,1.18116,1.18033,1.18078,1,BUY
2021-04-06 03:00:00,1.18076,1.18076,1.17998,1.18028,1,BUY
2021-04-06 04:00:00,1.18029,1.18101,1.1802,1.18056,1,BUY
2021-04-06 05:00:00,1.18058,1.18123,1.18054,1.18108,1,BUY
2021-04-06 06:00:00,1.18106,1.18168,1.18025,1.18046,1,BUY
2021-04-06 07:00:00,1.18045,1.1821,1.17968,1.18202,1,BUY
2021-04-06 08:00:00,1.182,1.182,1.1795,1.18138,1,BUY
2021-04-06 09:00:00,1.18141,1.1822,1.18066,1.18128,1,BUY
2021-04-06 10:00:00,1.18127,1.18188,1.18024,1.18081,1,BUY
2021-04-06 11:00:00,1.18083,1.18096,1.18026,1.18058,1,BUY
2021-04-06 12:00:00,1.18056,1.18334,1.1804,1.18288,1,BUY
2021-04-06 13:00:00,1.1829,1.18398,1.18262,1.18394,1,BUY
2021-04-06 14:00:00,1.18392,1.1846,1.18358,1.18382,1,BUY
2021-04-06 15:00:00,1.18384,1.18536,1.18375,1.1851,1,BUY
2021-04-06 16:00:00,1.18511,1.1856,1.1846,1.18556,1,BUY
2021-04-06 17:00:00,1.18556,1.18604,1.18521,1.18556,1,BUY
2021-04-06 18:00:00,1.18555,1.18744,1.18538,1.18712,1,BUY
2021-04-06 19:00:00,1.18712,1.1874,1.18668,1.18738,1,BUY
2021-04-06 20:00:00,1.1874,1.18778,1.18724,1.18765,1,BUY
2021-04-06 21:00:00,1.18758,1.18788,1.18704,1.18722,1,BUY
2021-04-06 22:00:00,1.18714,1.18746,1.18714,1.18716,1,BUY
2021-04-06 23:00:00,1.18717,1.18742,1.18704,1.18739,1,BUY
2021-04-07 00:00:00,1.1874,1.18758,1.18686,1.18724,1,BUY
2021-04-07 01:00:00,1.18723,1.1878,1.18717,1.18732,1,BUY
2021-04-07 02:00:00,1.18734,1.18751,1.18658,1.18672,1,BUY
2021-04-07 03:00:00,1.18671,1.18696,1.18656,1.18668,1,BUY
2021-04-07 04:00:00,1.18666,1.18718,1.18666,1.18708,1,BUY
2021-04-07 05:00:00,1.1871,1.18752,1.18692,1.18742,1,BUY
2021-04-07 06:00:00,1.18742,1.18819,1.1864,1.18704,1,BUY
2021-04-07 07:00:00,1.18704,1.1882,1.18652,1.18791,1,BUY
2021-04-07 08:00:00,1.1879,1.18875,1.18658,1.18862,1,BUY
2021-04-07 09:00:00,1.18862,1.18899,1.18772,1.18844,1,BUY
2021-04-07 10:00:00,1.18842,1.18984,1.18828,1.18924,1,BUY
2021-04-07 11:00:00,1.18922,1.18972,1.18864,1.18893,1,BUY
2021-04-07 12:00:00,1.18892,1.18896,1.1877,1.18848,1,BUY
2021-04-07 13:00:00,1.18846,1.1898,1.18824,1.18917,1,BUY
2021-04-07 14:00:00,1.18918,1.19149,1.1888,1.19006,1,BUY
2021-04-07 15:00:00,1.19008,1.19036,1.18872,1.18892,1,BUY
2021-04-07 16:00:00,1.18894,1.18904,1.18818,1.18823,1,BUY
2021-04-07 17:00:00,1.18822,1.18869,1.18804,1.18831,1,BUY
2021-04-07 18:00:00,1.1883,1.18856,1.18648,1.18658,1,BUY
2021-04-07 19:00:00,1.18658,1.18726,1.18608,1.18722,1,BUY
2021-04-07 20:00:00,1.18724,1.18749,1.18688,1.18718,1,BUY
2021-04-07 21:00:00,1.1867,1.18702,1.18666,1.187,1,BUY
2021-04-07 22:00:00,1.18703,1.18732,1.18698,1.18702,1,BUY
2021-04-07 23:00:00,1.18703,1.18737,1.18679,1.18726,1,BUY
2021-04-08 00:00:00,1.18728,1.18742,1.18656,1.18666,1,BUY
2021-04-08 01:00:00,1.18667,1.18694,1.18608,1.18664,1,BUY
2021-04-08 02:00:00,1.18666,1.18704,1.18628,1.18701,1,BUY
2021-04-08 03:00:00,1.18702,1.1874,1.18698,1.1871,1,BUY
2021-04-08 04:00:00,1.18709,1.18728,1.18696,1.18728,1,BUY
2021-04-08 05:00:00,1.1873,1.18812,1.18723,1.1873,1,BUY
2021-04-08 06:00:00,1.18732,1.18818,1.18673,1.18815,1,BUY
2021-04-08 07:00:00,1.18814,1.18932,1.18771,1.1884,1,BUY
2021-04-08 08:00:00,1.18837,1.18842,1.18751,1.18814,1,BUY
2021-04-08 09:00:00,1.18812,1.18816,1.18646,1.18647,1,BUY
2021-04-08 10:00:00,1.18648,1.18687,1.18618,1.18622,1,BUY
2021-04-08 11:00:00,1.1862,1.18844,1.18618,1.18798,1,BUY
2021-04-08 12:00:00,1.18797,1.1895,1.18712,1.18927,1,BUY
2021-04-08 13:00:00,1.18928,1.19104,1.18836,1.1897,1,BUY
2021-04-08 14:00:00,1.1897,1.19075,1.18936,1.1899,1,BUY
2021-04-08 15:00:00,1.18991,1.19084,1.18986,1.19038,1,BUY
2021-04-08 16:00:00,1.19036,1.19275,1.19033,1.19216,1,BUY
2021-04-08 17:00:00,1.19214,1.19232,1.19173,1.19181,1,BUY
2021-04-08 18:00:00,1.19182,1.19184,1.19135,1.19171,1,BUY
2021-04-08 19:00:00,1.1917,1.19174,1.1912,1.19135,1,BUY
2021-04-08 20:00:00,1.19134,1.19174,1.19124,1.19154,1,BUY
2021-04-08 21:00:00,1.1915,1.1919,1.1914,1.19152,1,BUY
2021-04-08 22:00:00,1.19148,1.19162,1.19107,1.1915,1,BUY
2021-04-08 23:00:00,1.19148,1.19184,1.19131,1.19155,1,BUY
2021-04-09 00:00:00,1.19154,1.19202,1.1914,1.19192,1,BUY
2021-04-09 01:00:00,1.19194,1.19202,1.1907,1.19104,1,BUY
2021-04-09 02:00:00,1.19102,1.19102,1.19042,1.19054,1,BUY
2021-04-09 03:00:00,1.19055,1.19078,1.1903,1.1907,1,BUY
2021-04-09 04:00:00,1.1907,1.1907,1.19034,1.19042,1,BUY
2021-04-09 05:00:00,1.19041,1.19044,1.18924,1.1893,1,BUY
2021-04-09 06:00:00,1.18932,1.18991,1.18844,1.18914,1,BUY
2021-04-09 07:00:00,1.18912,1.1899,1.18871,1.18988,1,BUY
2021-04-09 08:00:00,1.18988,1.1899,1.18838,1.18858,1,BUY
2021-04-09 09:00:00,1.18856,1.18955,1.18852,1.1892,1,BUY
2021-04-09 10:00:00,1.18922,1.18952,1.18824,1.18838,0,SELL
2021-04-09 11:00:00,1.18837,1.19004,1.18817,1.18952,0,SELL
2021-04-09 12:00:00,1.18953,1.18959,1.18671,1.1876,0,SELL
2021-04-09 13:00:00,1.18762,1.18896,1.18706,1.1884,0,SELL
2021-04-09 14:00:00,1.18841,1.18984,1.18822,1.18896,0,SELL
2021-04-09 15:00:00,1.18894,1.18962,1.18826,1.18962,0,SELL
2021-04-09 16:00:00,1.18964,1.19034,1.1893,1.19002,1,BUY
2021-04-09 17:00:00,1.19,1.19106,1.18998,1.19064,1,BUY
2021-04-09 18:00:00,1.19062,1.19066,1.19006,1.19023,1,BUY
2021-04-09 19:00:00,1.19024,1.19058,1.19022,1.19032,1,BUY
2021-04-09 20:00:00,1.19034,1.19049,1.1899,1.18998,1,BUY
2021-04-11 21:00:00,1.18906,1.19042,1.18905,1.1897,1,BUY
2021-04-11 22:00:00,1.18966,1.19035,1.1896,1.18984,1,BUY
2021-04-11 23:00:00,1.18986,1.19038,1.1896,1.1896,1,BUY
2021-04-12 00:00:00,1.18961,1.19031,1.18943,1.18976,1,BUY
2021-04-12 01:00:00,1.18978,1.18988,1.18864,1.18894,1,BUY
2021-04-12 02:00:00,1.18895,1.18903,1.18856,1.189,1,BUY
2021-04-12 03:00:00,1.18898,1.18931,1.18878,1.18926,0,SELL
2021-04-12 04:00:00,1.18928,1.1893,1.18874,1.18882,0,SELL
2021-04-12 05:00:00,1.1888,1.1891,1.18844,1.18897,0,SELL
2021-04-12 06:00:00,1.18897,1.18943,1.18854,1.18856,0,SELL
2021-04-12 07:00:00,1.18854,1.1888,1.1872,1.18734,0,SELL
2021-04-12 08:00:00,1.18732,1.18872,1.18712,1.18839,0,SELL
2021-04-12 09:00:00,1.18838,1.19091,1.18838,1.19042,0,SELL
2021-04-12 10:00:00,1.19044,1.19184,1.19007,1.19098,0,SELL
2021-04-12 11:00:00,1.191,1.19152,1.19062,1.19064,1,BUY
2021-04-12 12:00:00,1.19064,1.19182,1.19027,1.19142,1,BUY
2021-04-12 13:00:00,1.19143,1.19168,1.19036,1.19056,1,BUY
2021-04-12 14:00:00,1.19056,1.1918,1.19038,1.1907,1,BUY
2021-04-12 15:00:00,1.19068,1.19165,1.19054,1.19072,1,BUY
2021-04-12 16:00:00,1.19074,1.19192,1.19054,1.19159,1,BUY
2021-04-12 17:00:00,1.19158,1.19174,1.19137,1.19145,1,BUY
2021-04-12 18:00:00,1.19144,1.19154,1.19035,1.19053,1,BUY
2021-04-12 19:00:00,1.19054,1.19094,1.1899,1.19084,1,BUY
2021-04-12 20:00:00,1.19082,1.19124,1.19078,1.19114,1,BUY
2021-04-12 21:00:00,1.19106,1.19159,1.19094,1.19124,1,BUY
2021-04-12 22:00:00,1.19132,1.19154,1.19118,1.19126,1,BUY
2021-04-12 23:00:00,1.19128,1.1916,1.19109,1.19118,1,BUY
2021-04-13 00:00:00,1.19116,1.19122,1.19023,1.19042,1,BUY
2021-04-13 01:00:00,1.1904,1.19046,1.18972,1.18994,1,BUY
2021-04-13 02:00:00,1.18993,1.19012,1.1896,1.18985,1,BUY
2021-04-13 03:00:00,1.18987,1.18994,1.18901,1.18905,0,SELL
2021-04-13 04:00:00,1.18904,1.18924,1.1886,1.18874,0,SELL
2021-04-13 05:00:00,1.18876,1.1894,1.18857,1.18932,0,SELL
2021-04-13 06:00:00,1.18933,1.19006,1.18828,1.18842,0,SELL
2021-04-13 07:00:00,1.18841,1.19089,1.18841,1.19038,0,SELL
2021-04-13 08:00:00,1.19038,1.19046,1.18952,1.1901,0,SELL
2021-04-13 09:00:00,1.19011,1.19039,1.1893,1.18934,0,SELL
2021-04-13 10:00:00,1.18932,1.18964,1.18878,1.18912,0,SELL
2021-04-13 11:00:00,1.18913,1.1897,1.18851,1.18963,0,SELL
2021-04-13 12:00:00,1.18964,1.19346,1.1878,1.19244,0,SELL
2021-04-13 13:00:00,1.19243,1.19428,1.19232,1.19355,1,BUY
2021-04-13 14:00:00,1.19356,1.19407,1.19252,1.19262,1,BUY
2021-04-13 15:00:00,1.19262,1.19387,1.19236,1.19386,1,BUY
2021-04-13 16:00:00,1.19384,1.19436,1.19361,1.1938,1,BUY
2021-04-13 17:00:00,1.19381,1.1945,1.19379,1.19425,1,BUY
2021-04-13 18:00:00,1.19424,1.19482,1.19414,1.19466,1,BUY
2021-04-13 19:00:00,1.19466,1.1956,1.19441,1.19551,1,BUY
2021-04-13 20:00:00,1.1955,1.1955,1.19484,1.19487,1,BUY
2021-04-13 21:00:00,1.1948,1.19528,1.19476,1.19504,1,BUY
2021-04-13 22:00:00,1.195,1.19518,1.19488,1.1949,1,BUY
2021-04-13 23:00:00,1.19488,1.1956,1.19488,1.19538,1,BUY
2021-04-14 00:00:00,1.1954,1.19585,1.19538,1.19544,1,BUY
2021-04-14 01:00:00,1.19545,1.19612,1.19526,1.19578,1,BUY
2021-04-14 02:00:00,1.19579,1.19632,1.19548,1.19597,1,BUY
2021-04-14 03:00:00,1.19598,1.19629,1.19578,1.19584,1,BUY
2021-04-14 04:00:00,1.19582,1.19642,1.19579,1.19628,1,BUY
2021-04-14 05:00:00,1.19626,1.1966,1.19598,1.19644,1,BUY
2021-04-14 06:00:00,1.19645,1.19698,1.19632,1.19693,1,BUY
2021-04-14 07:00:00,1.19692,1.1974,1.19557,1.19578,1,BUY
2021-04-14 08:00:00,1.19576,1.1972,1.1955,1.19668,1,BUY
2021-04-14 09:00:00,1.19666,1.19696,1.19514,1.1957,1,BUY
2021-04-14 10:00:00,1.19568,1.19622,1.1952,1.19534,1,BUY
2021-04-14 11:00:00,1.19532,1.19602,1.19511,1.1959,1,BUY
2021-04-14 12:00:00,1.1959,1.19676,1.19568,1.19638,1,BUY
2021-04-14 13:00:00,1.19639,1.197,1.1957,1.19573,1,BUY
2021-04-14 14:00:00,1.19575,1.19742,1.19529,1.19652,1,BUY
2021-04-14 15:00:00,1.19654,1.19761,1.19652,1.19746,1,BUY
2021-04-14 16:00:00,1.19745,1.19874,1.19728,1.19851,1,BUY
2021-04-14 17:00:00,1.19852,1.19856,1.19779,1.19792,1,BUY
2021-04-14 18:00:00,1.19792,1.19798,1.19702,1.1971,1,BUY
2021-04-14 19:00:00,1.19712,1.19794,1.19698,1.1979,1,BUY
2021-04-14 20:00:00,1.19788,1.19818,1.19757,1.1979,1,BUY
2021-04-14 21:00:00,1.19785,1.19822,1.19785,1.1979,1,BUY
2021-04-14 22:00:00,1.19786,1.19846,1.19778,1.1981,1,BUY
2021-04-14 23:00:00,1.19812,1.19838,1.198,1.19833,1,BUY
2021-04-15 00:00:00,1.19832,1.19888,1.19814,1.19864,1,BUY
2021-04-15 01:00:00,1.19861,1.199,1.19724,1.19742,1,BUY
2021-04-15 02:00:00,1.19743,1.19771,1.19729,1.19735,1,BUY
2021-04-15 03:00:00,1.19734,1.1976,1.19723,1.19746,1,BUY
2021-04-15 04:00:00,1.19744,1.19751,1.19698,1.19704,1,BUY
2021-04-15 05:00:00,1.19702,1.1978,1.19702,1.19736,1,BUY
2021-04-15 06:00:00,1.19737,1.19804,1.19726,1.19748,1,BUY
2021-04-15 07:00:00,1.19747,1.19904,1.19747,1.19803,1,BUY
2021-04-15 08:00:00,1.19802,1.19867,1.19734,1.1981,1,BUY
2021-04-15 09:00:00,1.19808,1.19934,1.19782,1.19788,1,BUY
2021-04-15 10:00:00,1.19789,1.19792,1.1962,1.19621,1,BUY
2021-04-15 11:00:00,1.19623,1.19686,1.19616,1.1967,1,BUY
2021-04-15 12:00:00,1.19672,1.19812,1.19571,1.19584,1,BUY
2021-04-15 13:00:00,1.19584,1.19808,1.19562,1.19756,1,BUY
2021-04-15 14:00:00,1.19756,1.1984,1.19652,1.19709,1,BUY
2021-04-15 15:00:00,1.19706,1.19764,1.19572,1.19627,1,BUY
2021-04-15 16:00:00,1.19628,1.19736,1.19618,1.1971,1,BUY
2021-04-15 17:00:00,1.19708,1.1971,1.19571,1.19674,1,BUY
2021-04-15 18:00:00,1.19672,1.19774,1.19666,1.1975,1,BUY
2021-04-15 19:00:00,1.19749,1.19758,1.19687,1.19742,1,BUY
2021-04-15 20:00:00,1.19744,1.19757,1.19647,1.19665,1,BUY
2021-04-15 21:00:00,1.19665,1.1971,1.19664,1.19674,1,BUY
2021-04-15 22:00:00,1.19671,1.19702,1.19667,1.19672,1,BUY
2021-04-15 23:00:00,1.19672,1.197,1.19662,1.19694,1,BUY
2021-04-16 00:00:00,1.19693,1.19748,1.19562,1.19571,1,BUY
2021-04-16 01:00:00,1.19572,1.19628,1.19526,1.19581,0,SELL
2021-04-16 02:00:00,1.1958,1.19603,1.19506,1.19511,0,SELL
2021-04-16 03:00:00,1.19513,1.19582,1.19513,1.19572,0,SELL
2021-04-16 04:00:00,1.19574,1.19642,1.19569,1.19634,0,SELL
2021-04-16 05:00:00,1.19632,1.19724,1.19624,1.19708,0,SELL
2021-04-16 06:00:00,1.19705,1.19705,1.19584,1.19623,0,SELL
2021-04-16 07:00:00,1.19624,1.19889,1.19602,1.19876,1,BUY
2021-04-16 08:00:00,1.19878,1.19886,1.19726,1.19781,1,BUY
2021-04-16 09:00:00,1.19782,1.19802,1.19692,1.19781,1,BUY
2021-04-16 10:00:00,1.1978,1.1995,1.19764,1.19886,1,BUY
2021-04-16 11:00:00,1.19888,1.1992,1.1979,1.19828,1,BUY
2021-04-16 12:00:00,1.19826,1.19901,1.19774,1.19838,1,BUY
2021-04-16 13:00:00,1.19838,1.19861,1.1977,1.19787,1,BUY
2021-04-16 14:00:00,1.19786,1.19938,1.1975,1.19793,1,BUY
2021-04-16 15:00:00,1.19792,1.19839,1.1975,1.19786,1,BUY
2021-04-16 16:00:00,1.19784,1.19807,1.19756,1.19806,1,BUY
2021-04-16 17:00:00,1.19807,1.19836,1.1977,1.1977,1,BUY
2021-04-16 18:00:00,1.19768,1.19794,1.19724,1.19784,1,BUY
2021-04-16 19:00:00,1.19782,1.19824,1.19782,1.19812,1,BUY
2021-04-16 20:00:00,1.19813,1.19833,1.19804,1.19822,1,BUY
2021-04-18 21:00:00,1.19734,1.19778,1.19734,1.19755,1,BUY
2021-04-18 22:00:00,1.19759,1.19772,1.19696,1.19715,1,BUY
2021-04-18 23:00:00,1.19714,1.19736,1.19682,1.19689,1,BUY
2021-04-19 00:00:00,1.19688,1.19751,1.19608,1.19614,0,SELL
2021-04-19 01:00:00,1.19616,1.19642,1.19426,1.1944,0,SELL
2021-04-19 02:00:00,1.19442,1.19537,1.19432,1.19524,0,SELL
2021-04-19 03:00:00,1.19523,1.19564,1.19522,1.19562,0,SELL
2021-04-19 04:00:00,1.19563,1.19592,1.19555,1.19586,0,SELL
2021-04-19 05:00:00,1.19588,1.19685,1.19582,1.19668,0,SELL
2021-04-19 06:00:00,1.1967,1.1981,1.19632,1.19761,0,SELL
2021-04-19 07:00:00,1.19762,1.20212,1.19762,1.202,0,SELL
2021-04-19 08:00:00,1.20198,1.20327,1.20133,1.20251,1,BUY
2021-04-19 09:00:00,1.20252,1.20394,1.2022,1.20377,1,BUY
2021-04-19 10:00:00,1.20375,1.20428,1.20308,1.20416,1,BUY
2021-04-19 11:00:00,1.20417,1.2048,1.20316,1.20372,1,BUY
2021-04-19 12:00:00,1.20374,1.20408,1.20308,1.20403,1,BUY
2021-04-19 13:00:00,1.20404,1.20408,1.20204,1.20251,1,BUY
2021-04-19 14:00:00,1.2025,1.20358,1.20151,1.20214,1,BUY
2021-04-19 15:00:00,1.20215,1.20324,1.20174,1.2028,1,BUY
2021-04-19 16:00:00,1.20281,1.20389,1.2027,1.20382,1,BUY
2021-04-19 17:00:00,1.20383,1.2041,1.20341,1.20354,1,BUY
2021-04-19 18:00:00,1.20356,1.20398,1.20332,1.20393,1,BUY
2021-04-19 19:00:00,1.20391,1.20393,1.20338,1.20375,1,BUY
2021-04-19 20:00:00,1.20374,1.20381,1.20338,1.20369,1,BUY
2021-04-19 21:00:00,1.20382,1.2039,1.20344,1.20376,1,BUY
2021-04-19 22:00:00,1.20373,1.2039,1.20362,1.20384,1,BUY
2021-04-19 23:00:00,1.20386,1.20437,1.2037,1.20426,1,BUY
2021-04-20 00:00:00,1.20428,1.20456,1.20382,1.20393,1,BUY
2021-04-20 01:00:00,1.20394,1.20478,1.20375,1.20448,1,BUY
2021-04-20 02:00:00,1.20449,1.20552,1.20436,1.20548,1,BUY
2021-04-20 03:00:00,1.20547,1.2072,1.20522,1.20669,1,BUY
2021-04-20 04:00:00,1.20668,1.20676,1.20608,1.20632,1,BUY
2021-04-20 05:00:00,1.2063,1.20642,1.20572,1.20608,1,BUY
2021-04-20 06:00:00,1.20609,1.20742,1.20485,1.20728,1,BUY
2021-04-20 07:00:00,1.2073,1.20799,1.2064,1.20692,1,BUY
2021-04-20 08:00:00,1.2069,1.20724,1.20627,1.20687,1,BUY
2021-04-20 09:00:00,1.20686,1.2071,1.20524,1.2058,1,BUY
2021-04-20 10:00:00,1.20582,1.206,1.20442,1.20492,1,BUY
2021-04-20 11:00:00,1.20494,1.20594,1.20474,1.20541,1,BUY
2021-04-20 12:00:00,1.20539,1.20543,1.20263,1.20348,1,BUY
2021-04-20 13:00:00,1.20346,1.20499,1.2031,1.20432,1,BUY
2021-04-20 14:00:00,1.20431,1.20568,1.20394,1.20486,1,BUY
2021-04-20 15:00:00,1.20487,1.20506,1.20328,1.20438,1,BUY
2021-04-20 16:00:00,1.2044,1.20443,1.20256,1.20304,1,BUY
2021-04-20 17:00:00,1.20303,1.20334,1.20224,1.20274,1,BUY
2021-04-20 18:00:00,1.20272,1.20306,1.20233,1.20304,1,BUY
2021-04-20 19:00:00,1.20306,1.2037,1.20288,1.20334,1,BUY
2021-04-20 20:00:00,1.20334,1.2037,1.203,1.20364,1,BUY
2021-04-20 21:00:00,1.2034,1.2036,1.20333,1.20346,1,BUY
2021-04-20 22:00:00,1.20354,1.2037,1.20323,1.20335,1,BUY
2021-04-20 23:00:00,1.20336,1.20357,1.20307,1.20325,1,BUY
2021-04-21 00:00:00,1.20326,1.20438,1.20312,1.20347,1,BUY
2021-04-21 01:00:00,1.20346,1.20422,1.20314,1.2037,1,BUY
2021-04-21 02:00:00,1.20368,1.2038,1.20284,1.20324,1,BUY
2021-04-21 03:00:00,1.20322,1.20337,1.20294,1.20306,1,BUY
2021-04-21 04:00:00,1.20306,1.2031,1.20246,1.20276,1,BUY
2021-04-21 05:00:00,1.20275,1.20339,1.2026,1.20309,1,BUY
2021-04-21 06:00:00,1.20309,1.20354,1.20256,1.20288,1,BUY
2021-04-21 07:00:00,1.20286,1.20289,1.20034,1.20112,0,SELL
2021-04-21 08:00:00,1.20112,1.20156,1.20037,1.20062,0,SELL
2021-04-21 09:00:00,1.20063,1.20162,1.20009,1.20072,0,SELL
2021-04-21 10:00:00,1.20071,1.2011,1.19985,1.20098,0,SELL
2021-04-21 11:00:00,1.201,1.20112,1.20034,1.20068,0,SELL
2021-04-21 12:00:00,1.20068,1.20152,1.20036,1.20141,0,SELL
2021-04-21 13:00:00,1.20142,1.20144,1.19992,1.20116,0,SELL
2021-04-21 14:00:00,1.20113,1.20319,1.20014,1.20282,0,SELL
2021-04-21 15:00:00,1.2028,1.20392,1.20256,1.20333,0,SELL
2021-04-21 16:00:00,1.20332,1.20346,1.20275,1.20275,0,SELL
2021-04-21 17:00:00,1.20276,1.20323,1.20267,1.20284,1,BUY
2021-04-21 18:00:00,1.20283,1.20314,1.20266,1.20291,1,BUY
2021-04-21 19:00:00,1.2029,1.20352,1.20278,1.20344,1,BUY
2021-04-21 20:00:00,1.20344,1.20361,1.20328,1.20349,1,BUY
2021-04-21 21:00:00,1.2033,1.20363,1.2033,1.20363,1,BUY
2021-04-21 22:00:00,1.20365,1.20365,1.20334,1.20348,1,BUY
2021-04-21 23:00:00,1.2035,1.2038,1.20346,1.20373,1,BUY
2021-04-22 00:00:00,1.20371,1.204,1.20326,1.20368,1,BUY
2021-04-22 01:00:00,1.20366,1.20444,1.20355,1.2042,1,BUY
2021-04-22 02:00:00,1.20419,1.20469,1.20412,1.20468,1,BUY
2021-04-22 03:00:00,1.20469,1.20469,1.20354,1.20364,1,BUY
2021-04-22 04:00:00,1.20365,1.20374,1.20324,1.20338,1,BUY
2021-04-22 05:00:00,1.20337,1.20373,1.20308,1.20339,1,BUY
2021-04-22 06:00:00,1.20337,1.20454,1.20292,1.2042,1,BUY
2021-04-22 07:00:00,1.20418,1.20496,1.2039,1.20442,1,BUY
2021-04-22 08:00:00,1.20442,1.2045,1.20241,1.20262,1,BUY
2021-04-22 09:00:00,1.2026,1.20428,1.20222,1.20419,1,BUY
2021-04-22 10:00:00,1.2042,1.20556,1.20416,1.20506,1,BUY
2021-04-22 11:00:00,1.20508,1.20592,1.20424,1.20448,1,BUY
2021-04-22 12:00:00,1.20447,1.20665,1.20418,1.20646,1,BUY
2021-04-22 13:00:00,1.20646,1.20698,1.2019,1.20302,1,BUY
2021-04-22 14:00:00,1.20305,1.20316,1.20026,1.20228,1,BUY
2021-04-22 15:00:00,1.20228,1.20232,1.2008,1.20112,0,SELL
2021-04-22 16:00:00,1.2011,1.20166,1.20061,1.20088,0,SELL
2021-04-22 17:00:00,1.20088,1.20128,1.20026,1.20085,0,SELL
2021-04-22 18:00:00,1.20084,1.2009,1.19938,1.20078,0,SELL
2021-04-22 19:00:00,1.20078,1.20176,1.20034,1.20136,0,SELL
2021-04-22 20:00:00,1.20135,1.20168,1.20128,1.20148,0,SELL
2021-04-22 21:00:00,1.20156,1.20176,1.20156,1.2017,0,SELL
2021-04-22 22:00:00,1.20172,1.20181,1.20145,1.20152,0,SELL
2021-04-22 23:00:00,1.2015,1.20166,1.20131,1.20145,0,SELL
2021-04-23 00:00:00,1.20146,1.20208,1.20129,1.20206,0,SELL
2021-04-23 01:00:00,1.20204,1.20265,1.20181,1.20255,0,SELL
2021-04-23 02:00:00,1.20254,1.20259,1.20184,1.20217,0,SELL
2021-04-23 03:00:00,1.20218,1.20242,1.20198,1.20217,0,SELL
2021-04-23 04:00:00,1.20216,1.20278,1.2021,1.20266,0,SELL
2021-04-23 05:00:00,1.20268,1.203,1.20246,1.20294,0,SELL
2021-04-23 06:00:00,1.20295,1.20369,1.20226,1.2035,0,SELL
2021-04-23 07:00:00,1.20352,1.20564,1.20334,1.20542,1,BUY
2021-04-23 08:00:00,1.2054,1.2061,1.20521,1.20588,1,BUY
2021-04-23 09:00:00,1.2059,1.20619,1.20552,1.20563,1,BUY
2021-04-23 10:00:00,1.20561,1.20588,1.20491,1.20574,1,BUY
2021-04-23 11:00:00,1.20572,1.20624,1.20518,1.20582,1,BUY
2021-04-23 12:00:00,1.20584,1.20757,1.20574,1.20717,1,BUY
2021-04-23 13:00:00,1.20716,1.20743,1.206,1.20615,1,BUY
2021-04-23 14:00:00,1.20616,1.20668,1.20462,1.20494,1,BUY
2021-04-23 15:00:00,1.20495,1.20708,1.20488,1.20683,1,BUY
2021-04-23 16:00:00,1.20685,1.20774,1.20685,1.20768,1,BUY
2021-04-23 17:00:00,1.20766,1.20868,1.20743,1.20857,1,BUY
2021-04-23 18:00:00,1.20858,1.20935,1.20854,1.20926,1,BUY
2021-04-23 19:00:00,1.20925,1.21002,1.20919,1.20996,1,BUY
2021-04-23 20:00:00,1.20997,1.21001,1.2094,1.20968,1,BUY
2021-04-25 21:00:00,1.20926,1.20986,1.20926,1.2095,1,BUY
2021-04-25 22:00:00,1.20958,1.20973,1.20908,1.20921,1,BUY
2021-04-25 23:00:00,1.20922,1.2095,1.2089,1.20896,1,BUY
2021-04-26 00:00:00,1.20898,1.21054,1.20888,1.21032,1,BUY
2021-04-26 01:00:00,1.21032,1.2112,1.21032,1.21103,1,BUY
2021-04-26 02:00:00,1.21102,1.21138,1.21068,1.21132,1,BUY
2021-04-26 03:00:00,1.2113,1.2117,1.2109,1.21102,1,BUY
2021-04-26 04:00:00,1.21101,1.21134,1.21072,1.21082,1,BUY
2021-04-26 05:00:00,1.21084,1.2112,1.21064,1.21066,1,BUY
2021-04-26 06:00:00,1.21068,1.21156,1.20916,1.20928,1,BUY
2021-04-26 07:00:00,1.20926,1.21034,1.20888,1.20974,1,BUY
2021-04-26 08:00:00,1.20975,1.21029,1.20902,1.20998,1,BUY
2021-04-26 09:00:00,1.20997,1.21097,1.2095,1.20962,1,BUY
2021-04-26 10:00:00,1.20961,1.20993,1.20918,1.2092,1,BUY
2021-04-26 11:00:00,1.20922,1.20933,1.2081,1.20826,1,BUY
2021-04-26 12:00:00,1.20824,1.20862,1.20766,1.20807,1,BUY
2021-04-26 13:00:00,1.20808,1.20828,1.20612,1.20666,1,BUY
2021-04-26 14:00:00,1.20668,1.20876,1.20655,1.20816,1,BUY
2021-04-26 15:00:00,1.20814,1.20834,1.20728,1.2083,1,BUY
2021-04-26 16:00:00,1.20828,1.20898,1.20804,1.20892,1,BUY
2021-04-26 17:00:00,1.2089,1.20895,1.20832,1.20864,1,BUY
2021-04-26 18:00:00,1.20862,1.20936,1.20862,1.20918,1,BUY
2021-04-26 19:00:00,1.20916,1.20931,1.20851,1.20896,1,BUY
2021-04-26 20:00:00,1.20894,1.20924,1.20841,1.20859,1,BUY
2021-04-26 21:00:00,1.20865,1.20895,1.20849,1.20865,1,BUY
2021-04-26 22:00:00,1.20869,1.20878,1.20818,1.20824,1,BUY
2021-04-26 23:00:00,1.20826,1.20834,1.20791,1.20794,1,BUY
2021-04-27 00:00:00,1.20792,1.20842,1.20748,1.20792,1,BUY
2021-04-27 01:00:00,1.20794,1.20812,1.2069,1.20726,1,BUY
2021-04-27 02:00:00,1.20728,1.20747,1.20652,1.20656,0,SELL
2021-04-27 03:00:00,1.20658,1.2072,1.20658,1.20693,0,SELL
2021-04-27 04:00:00,1.20695,1.20748,1.20687,1.20728,0,SELL
2021-04-27 05:00:00,1.20729,1.20767,1.20702,1.20754,0,SELL
2021-04-27 06:00:00,1.20754,1.20804,1.20661,1.20698,0,SELL
2021-04-27 07:00:00,1.20696,1.20758,1.20649,1.20703,0,SELL
2021-04-27 08:00:00,1.20702,1.20718,1.20574,1.20584,0,SELL
2021-04-27 09:00:00,1.20584,1.20692,1.20569,1.20646,0,SELL
2021-04-27 10:00:00,1.20648,1.20852,1.20648,1.20838,0,SELL
2021-04-27 11:00:00,1.20838,1.20926,1.20783,1.20882,0,SELL
2021-04-27 12:00:00,1.20884,1.20892,1.20756,1.20818,1,BUY
2021-04-27 13:00:00,1.20817,1.20901,1.20732,1.20846,1,BUY
2021-04-27 14:00:00,1.20848,1.20904,1.20758,1.20806,1,BUY
2021-04-27 15:00:00,1.20808,1.2084,1.20757,1.20783,1,BUY
2021-04-27 16:00:00,1.20784,1.20788,1.20692,1.20709,1,BUY
2021-04-27 17:00:00,1.2071,1.2083,1.20706,1.20796,1,BUY
2021-04-27 18:00:00,1.20798,1.20896,1.20793,1.20881,1,BUY
2021-04-27 19:00:00,1.20882,1.209,1.20856,1.20886,1,BUY
2021-04-27 20:00:00,1.20885,1.2093,1.20865,1.20916,1,BUY
2021-04-27 21:00:00,1.20898,1.2093,1.20864,1.20894,1,BUY
2021-04-27 22:00:00,1.2089,1.20914,1.20869,1.20885,1,BUY
2021-04-27 23:00:00,1.20886,1.2091,1.20882,1.20893,1,BUY
2021-04-28 00:00:00,1.20892,1.20893,1.20782,1.20786,1,BUY
2021-04-28 01:00:00,1.20784,1.20814,1.20754,1.20786,1,BUY
2021-04-28 02:00:00,1.20784,1.2085,1.20772,1.20794,1,BUY
2021-04-28 03:00:00,1.20792,1.20796,1.20763,1.20764,0,SELL
2021-04-28 04:00:00,1.20765,1.20768,1.20724,1.20728,0,SELL
2021-04-28 05:00:00,1.2073,1.20744,1.20706,1.2071,0,SELL
2021-04-28 06:00:00,1.20709,1.20786,1.20594,1.20596,0,SELL
2021-04-28 07:00:00,1.20594,1.20776,1.20561,1.20736,0,SELL
2021-04-28 08:00:00,1.20738,1.20798,1.20706,1.20748,0,SELL
2021-04-28 09:00:00,1.20747,1.20772,1.20646,1.20662,0,SELL
2021-04-28 10:00:00,1.20662,1.20747,1.20648,1.20668,0,SELL
2021-04-28 11:00:00,1.20668,1.20746,1.20644,1.20727,0,SELL
2021-04-28 12:00:00,1.20725,1.20747,1.20617,1.20678,0,SELL
2021-04-28 13:00:00,1.2068,1.20742,1.20568,1.20718,0,SELL
2021-04-28 14:00:00,1.20717,1.21,1.20687,1.20885,0,SELL
2021-04-28 15:00:00,1.20884,1.21027,1.20882,1.20978,0,SELL
2021-04-28 16:00:00,1.20978,1.2098,1.20886,1.20903,1,BUY
2021-04-28 17:00:00,1.20901,1.20911,1.20784,1.20852,1,BUY
2021-04-28 18:00:00,1.20856,1.21348,1.20657,1.21236,1,BUY
2021-04-28 19:00:00,1.21238,1.21298,1.21076,1.21296,1,BUY
2021-04-28 20:00:00,1.21296,1.2131,1.2121,1.21258,1,BUY
2021-04-28 21:00:00,1.21252,1.21256,1.21229,1.21252,1,BUY
2021-04-28 22:00:00,1.21249,1.2133,1.21246,1.21324,1,BUY
2021-04-28 23:00:00,1.21326,1.21355,1.213,1.2135,1,BUY
2021-04-29 00:00:00,1.21352,1.2142,1.21338,1.21419,1,BUY
2021-04-29 01:00:00,1.21422,1.215,1.2139,1.21465,1,BUY
2021-04-29 02:00:00,1.21466,1.21486,1.21358,1.21374,1,BUY
2021-04-29 03:00:00,1.21372,1.21382,1.2124,1.21258,1,BUY
2021-04-29 04:00:00,1.2126,1.21335,1.21254,1.21319,1,BUY
2021-04-29 05:00:00,1.21318,1.21368,1.21314,1.21348,1,BUY
2021-04-29 06:00:00,1.21348,1.21368,1.21166,1.21206,1,BUY
2021-04-29 07:00:00,1.21208,1.21238,1.21122,1.21158,1,BUY
2021-04-29 08:00:00,1.21157,1.21246,1.21112,1.21156,1,BUY
2021-04-29 09:00:00,1.21157,1.2125,1.2114,1.21188,1,BUY
2021-04-29 10:00:00,1.21188,1.21228,1.21152,1.21228,1,BUY
2021-04-29 11:00:00,1.21227,1.21341,1.2121,1.21292,1,BUY
2021-04-29 12:00:00,1.21294,1.21358,1.21216,1.21226,1,BUY
2021-04-29 13:00:00,1.21225,1.21268,1.21086,1.21088,1,BUY
2021-04-29 14:00:00,1.2105,1.21188,1.21024,1.21113,1,BUY
2021-04-29 15:00:00,1.21115,1.2119,1.21072,1.21104,1,BUY
2021-04-29 16:00:00,1.21103,1.21219,1.2108,1.21178,1,BUY
2021-04-29 17:00:00,1.21177,1.21219,1.21162,1.2119,1,BUY
2021-04-29 18:00:00,1.21188,1.21262,1.21127,1.21258,1,BUY
2021-04-29 19:00:00,1.2126,1.21294,1.21218,1.21289,1,BUY
2021-04-29 20:00:00,1.21288,1.21289,1.21198,1.21199,1,BUY
2021-04-29 21:00:00,1.21199,1.2125,1.2119,1.21231,1,BUY
2021-04-29 22:00:00,1.2124,1.21252,1.21198,1.2122,1,BUY
2021-04-29 23:00:00,1.21218,1.21252,1.21208,1.21246,1,BUY
2021-04-30 00:00:00,1.21245,1.21262,1.21178,1.21221,1,BUY
2021-04-30 01:00:00,1.21222,1.21267,1.21202,1.21214,1,BUY
2021-04-30 02:00:00,1.21213,1.21213,1.21172,1.21206,1,BUY
2021-04-30 03:00:00,1.21205,1.21218,1.21154,1.21174,1,BUY
2021-04-30 04:00:00,1.21176,1.21192,1.21161,1.21171,1,BUY
2021-04-30 05:00:00,1.2117,1.2118,1.21156,1.2118,1,BUY
2021-04-30 06:00:00,1.21178,1.212,1.21104,1.21107,1,BUY
2021-04-30 07:00:00,1.21106,1.2113,1.20996,1.21021,0,SELL
2021-04-30 08:00:00,1.21022,1.21042,1.20944,1.20952,0,SELL
2021-04-30 09:00:00,1.20954,1.20982,1.20922,1.2095,0,SELL
2021-04-30 10:00:00,1.20948,1.2098,1.20789,1.20799,0,SELL
2021-04-30 11:00:00,1.20801,1.20896,1.20777,1.20808,0,SELL
2021-04-30 12:00:00,1.20806,1.20877,1.20774,1.20838,0,SELL
2021-04-30 13:00:00,1.20839,1.2092,1.20681,1.20751,0,SELL
2021-04-30 14:00:00,1.2075,1.20796,1.20351,1.20394,0,SELL
2021-04-30 15:00:00,1.20396,1.20427,1.2024,1.20298,0,SELL
2021-04-30 16:00:00,1.203,1.2036,1.20248,1.20268,0,SELL
2021-04-30 17:00:00,1.20268,1.20304,1.20194,1.20221,0,SELL
2021-04-30 18:00:00,1.20222,1.20284,1.20182,1.20216,0,SELL
2021-04-30 19:00:00,1.20218,1.20248,1.20168,1.20229,0,SELL
2021-04-30 20:00:00,1.2023,1.20253,1.2019,1.202,0,SELL
2021-05-02 21:00:00,1.2033,1.20346,1.20265,1.20296,0,SELL
2021-05-02 22:00:00,1.20278,1.20301,1.20247,1.20271,0,SELL
2021-05-02 23:00:00,1.20272,1.20303,1.2025,1.20274,0,SELL
2021-05-03 00:00:00,1.20275,1.2034,1.20202,1.2034,0,SELL
2021-05-03 01:00:00,1.20341,1.20354,1.20267,1.20277,0,SELL
2021-05-03 02:00:00,1.20278,1.20278,1.20184,1.20197,0,SELL
2021-05-03 03:00:00,1.20196,1.20239,1.20196,1.20226,0,SELL
2021-05-03 04:00:00,1.20227,1.2023,1.20171,1.20212,0,SELL
2021-05-03 05:00:00,1.20213,1.20221,1.20164,1.2022,0,SELL
2021-05-03 06:00:00,1.20218,1.20399,1.20132,1.20379,0,SELL
2021-05-03 07:00:00,1.20378,1.20424,1.20322,1.20357,0,SELL
2021-05-03 08:00:00,1.20356,1.20496,1.20312,1.20475,0,SELL
2021-05-03 09:00:00,1.20473,1.20558,1.20462,1.20514,0,SELL
2021-05-03 10:00:00,1.20512,1.20576,1.20486,1.20572,0,SELL
2021-05-03 11:00:00,1.2057,1.20578,1.20447,1.20457,0,SELL
2021-05-03 12:00:00,1.20456,1.20538,1.20418,1.20431,0,SELL
2021-05-03 13:00:00,1.2043,1.20604,1.20426,1.20575,0,SELL
2021-05-03 14:00:00,1.20576,1.2076,1.2057,1.20734,0,SELL
2021-05-03 15:00:00,1.20734,1.20763,1.20586,1.20586,0,SELL
2021-05-03 16:00:00,1.20586,1.20607,1.20514,1.20529,0,SELL
2021-05-03 17:00:00,1.2053,1.20654,1.20515,1.20607,0,SELL
2021-05-03 18:00:00,1.20608,1.20672,1.20599,1.20667,0,SELL
2021-05-03 19:00:00,1.20666,1.20666,1.20611,1.20638,0,SELL
2021-05-03 20:00:00,1.20636,1.20649,1.2061,1.20638,0,SELL
2021-05-03 21:00:00,1.20648,1.20652,1.20624,1.20637,0,SELL
2021-05-03 22:00:00,1.20619,1.20636,1.20586,1.20594,0,SELL
2021-05-03 23:00:00,1.20593,1.20598,1.2057,1.2059,0,SELL
2021-05-04 00:00:00,1.20592,1.20601,1.20531,1.20557,0,SELL
2021-05-04 01:00:00,1.20558,1.20564,1.20465,1.2047,0,SELL
2021-05-04 02:00:00,1.20472,1.20488,1.20422,1.20446,0,SELL
2021-05-04 03:00:00,1.20445,1.20452,1.2039,1.20394,0,SELL
2021-05-04 04:00:00,1.20396,1.20429,1.20371,1.20407,0,SELL
2021-05-04 05:00:00,1.20406,1.20408,1.2034,1.2036,0,SELL
2021-05-04 06:00:00,1.20362,1.20392,1.20322,1.2033,0,SELL
2021-05-04 07:00:00,1.20332,1.20358,1.20071,1.20158,0,SELL
2021-05-04 08:00:00,1.20156,1.20222,1.20022,1.20034,0,SELL
2021-05-04 09:00:00,1.20032,1.20114,1.1999,1.2008,0,SELL
2021-05-04 10:00:00,1.20079,1.20148,1.20037,1.20116,0,SELL
2021-05-04 11:00:00,1.20114,1.20216,1.20079,1.20201,0,SELL
2021-05-04 12:00:00,1.202,1.20306,1.20161,1.20257,0,SELL
2021-05-04 13:00:00,1.20259,1.203,1.20168,1.20244,0,SELL
2021-05-04 14:00:00,1.20242,1.20332,1.20165,1.20327,0,SELL
2021-05-04 15:00:00,1.20326,1.20357,1.20016,1.20144,0,SELL
2021-05-04 16:00:00,1.20145,1.20245,1.20112,1.20174,0,SELL
2021-05-04 17:00:00,1.20172,1.20228,1.20142,1.20188,0,SELL
2021-05-04 18:00:00,1.20192,1.20236,1.20111,1.20112,0,SELL
2021-05-04 19:00:00,1.2011,1.20156,1.20093,1.20152,0,SELL
2021-05-04 20:00:00,1.20151,1.20203,1.20127,1.20133,0,SELL
2021-05-04 21:00:00,1.20141,1.20152,1.20099,1.20122,0,SELL
2021-05-04 22:00:00,1.2012,1.2016,1.2011,1.2016,0,SELL
2021-05-04 23:00:00,1.20159,1.20164,1.20131,1.20147,0,SELL
2021-05-05 00:00:00,1.20146,1.20208,1.20142,1.20197,0,SELL
2021-05-05 01:00:00,1.20198,1.20222,1.2018,1.20216,0,SELL
2021-05-05 02:00:00,1.20215,1.20229,1.20198,1.20208,0,SELL
2021-05-05 03:00:00,1.20206,1.20266,1.20202,1.20242,0,SELL
2021-05-05 04:00:00,1.20241,1.20256,1.2022,1.20225,0,SELL
2021-05-05 05:00:00,1.20224,1.20225,1.2012,1.20124,0,SELL
2021-05-05 06:00:00,1.20122,1.2016,1.19932,1.19998,0,SELL
2021-05-05 07:00:00,1.19998,1.20049,1.1986,1.19944,0,SELL
2021-05-05 08:00:00,1.19946,1.1997,1.19871,1.19968,0,SELL
2021-05-05 09:00:00,1.19966,1.20044,1.19932,1.20038,0,SELL
2021-05-05 10:00:00,1.20038,1.202,1.20038,1.20162,0,SELL
2021-05-05 11:00:00,1.20162,1.20188,1.20068,1.20094,0,SELL
2021-05-05 12:00:00,1.20092,1.20116,1.19916,1.1997,0,SELL
2021-05-05 13:00:00,1.19969,1.20096,1.19944,1.1998,0,SELL
2021-05-05 14:00:00,1.19983,1.2012,1.19937,1.20042,0,SELL
2021-05-05 15:00:00,1.2004,1.20062,1.1998,1.20022,0,SELL
2021-05-05 16:00:00,1.20023,1.20029,1.1992,1.1994,0,SELL
2021-05-05 17:00:00,1.19938,1.20013,1.19912,1.19988,0,SELL
2021-05-05 18:00:00,1.19986,1.2002,1.19966,1.19997,0,SELL
2021-05-05 19:00:00,1.19996,1.20059,1.19976,1.20031,0,SELL
2021-05-05 20:00:00,1.20029,1.20062,1.20022,1.20048,0,SELL
2021-05-05 21:00:00,1.20038,1.20068,1.2003,1.20065,0,SELL
2021-05-05 22:00:00,1.20062,1.20078,1.20046,1.20062,0,SELL
2021-05-05 23:00:00,1.20064,1.20087,1.20039,1.20076,0,SELL
2021-05-06 00:00:00,1.20076,1.20098,1.2,1.20002,0,SELL
2021-05-06 01:00:00,1.20002,1.20097,1.19988,1.20094,0,SELL
2021-05-06 02:00:00,1.20093,1.20118,1.19932,1.20002,0,SELL
2021-05-06 03:00:00,1.2,1.20012,1.19971,1.1999,0,SELL
2021-05-06 04:00:00,1.19991,1.20042,1.19984,1.20025,0,SELL
2021-05-06 05:00:00,1.20024,1.20087,1.2002,1.2008,0,SELL
2021-05-06 06:00:00,1.2008,1.20204,1.20052,1.2014,0,SELL
2021-05-06 07:00:00,1.20142,1.20286,1.20124,1.20252,0,SELL
2021-05-06 08:00:00,1.20254,1.20448,1.20224,1.20395,0,SELL
2021-05-06 09:00:00,1.20397,1.20526,1.20363,1.20466,1,BUY
2021-05-06 10:00:00,1.20468,1.20503,1.20416,1.20418,1,BUY
2021-05-06 11:00:00,1.2042,1.20549,1.20385,1.20514,1,BUY
2021-05-06 12:00:00,1.20516,1.20606,1.2047,1.20571,1,BUY
2021-05-06 13:00:00,1.2057,1.20717,1.20481,1.20624,1,BUY
2021-05-06 14:00:00,1.20622,1.20681,1.20552,1.20596,1,BUY
2021-05-06 15:00:00,1.20598,1.20606,1.20482,1.20491,1,BUY
2021-05-06 16:00:00,1.2049,1.20539,1.20442,1.20499,1,BUY
2021-05-06 17:00:00,1.20498,1.20571,1.20482,1.20562,1,BUY
2021-05-06 18:00:00,1.2056,1.20599,1.20534,1.20551,1,BUY
2021-05-06 19:00:00,1.20552,1.20644,1.20549,1.20638,1,BUY
2021-05-06 20:00:00,1.20637,1.20653,1.20593,1.20653,1,BUY
2021-05-06 21:00:00,1.2061,1.20662,1.2061,1.20634,1,BUY
2021-05-06 22:00:00,1.20637,1.20637,1.20596,1.2061,1,BUY
2021-05-06 23:00:00,1.20608,1.20663,1.20608,1.20653,1,BUY
2021-05-07 00:00:00,1.20652,1.20698,1.20612,1.20636,1,BUY
2021-05-07 01:00:00,1.20635,1.20666,1.20595,1.20659,1,BUY
2021-05-07 02:00:00,1.20658,1.20676,1.20616,1.20658,1,BUY
2021-05-07 03:00:00,1.20656,1.20693,1.20652,1.2068,1,BUY
2021-05-07 04:00:00,1.20679,1.20692,1.20635,1.20637,1,BUY
2021-05-07 05:00:00,1.20636,1.20666,1.20604,1.20609,1,BUY
2021-05-07 06:00:00,1.20609,1.2064,1.2053,1.20578,1,BUY
2021-05-07 07:00:00,1.20579,1.20894,1.20566,1.2077,1,BUY
2021-05-07 08:00:00,1.2077,1.20908,1.20742,1.20876,1,BUY
2021-05-07 09:00:00,1.20875,1.20876,1.20734,1.20784,1,BUY
2021-05-07 10:00:00,1.20783,1.20869,1.2071,1.20715,1,BUY
2021-05-07 11:00:00,1.20714,1.20764,1.20652,1.20665,1,BUY
2021-05-07 12:00:00,1.20664,1.21464,1.20582,1.2129,1,BUY
2021-05-07 13:00:00,1.21295,1.21331,1.21022,1.21212,1,BUY
2021-05-07 14:00:00,1.21215,1.21507,1.21181,1.21412,1,BUY
2021-05-07 15:00:00,1.21414,1.21652,1.21392,1.21648,1,BUY
2021-05-07 16:00:00,1.21647,1.21648,1.21415,1.21511,1,BUY
2021-05-07 17:00:00,1.21512,1.21632,1.21498,1.21595,1,BUY
2021-05-07 18:00:00,1.21596,1.21655,1.21548,1.21654,1,BUY
2021-05-07 19:00:00,1.21656,1.21716,1.21634,1.21678,1,BUY
2021-05-07 20:00:00,1.2168,1.2168,1.2162,1.21632,1,BUY
2021-05-09 21:00:00,1.2164,1.21789,1.21601,1.21688,1,BUY
2021-05-09 22:00:00,1.2168,1.21748,1.21614,1.21676,1,BUY
2021-05-09 23:00:00,1.21678,1.2177,1.21676,1.21708,1,BUY
2021-05-10 00:00:00,1.21706,1.21708,1.216,1.21616,1,BUY
2021-05-10 01:00:00,1.21617,1.21632,1.21544,1.21582,1,BUY
2021-05-10 02:00:00,1.21583,1.2161,1.21514,1.21516,1,BUY
2021-05-10 03:00:00,1.21517,1.21567,1.2151,1.21548,1,BUY
2021-05-10 04:00:00,1.2155,1.21574,1.21514,1.21516,1,BUY
2021-05-10 05:00:00,1.21515,1.21595,1.21506,1.21518,1,BUY
2021-05-10 06:00:00,1.21519,1.21632,1.21514,1.21607,1,BUY
2021-05-10 07:00:00,1.21609,1.21612,1.21368,1.2148,1,BUY
2021-05-10 08:00:00,1.21482,1.21754,1.21399,1.21712,1,BUY
2021-05-10 09:00:00,1.2171,1.2171,1.21572,1.21645,1,BUY
2021-05-10 10:00:00,1.21644,1.21716,1.216,1.21644,1,BUY
2021-05-10 11:00:00,1.21644,1.21688,1.21568,1.21634,1,BUY
2021-05-10 12:00:00,1.21634,1.21744,1.21626,1.21712,1,BUY
2021-05-10 13:00:00,1.21712,1.21784,1.21555,1.21592,1,BUY
2021-05-10 14:00:00,1.21594,1.21728,1.21526,1.21612,1,BUY
2021-05-10 15:00:00,1.2161,1.21728,1.21557,1.21696,1,BUY
2021-05-10 16:00:00,1.21696,1.21722,1.21584,1.2159,1,BUY
2021-05-10 17:00:00,1.21592,1.21594,1.21492,1.21568,1,BUY
2021-05-10 18:00:00,1.21568,1.21596,1.21422,1.21454,1,BUY
2021-05-10 19:00:00,1.21453,1.21473,1.21402,1.21412,1,BUY
2021-05-10 20:00:00,1.21411,1.21435,1.21278,1.21288,1,BUY
2021-05-10 21:00:00,1.21293,1.21338,1.21292,1.21314,1,BUY
2021-05-10 22:00:00,1.21325,1.21398,1.21312,1.21394,1,BUY
2021-05-10 23:00:00,1.21395,1.21413,1.21365,1.21406,1,BUY
2021-05-11 00:00:00,1.21408,1.21429,1.2126,1.2128,1,BUY
2021-05-11 01:00:00,1.21282,1.21388,1.21264,1.21368,1,BUY
2021-05-11 02:00:00,1.2137,1.21466,1.21353,1.21455,1,BUY
2021-05-11 03:00:00,1.21454,1.21496,1.21384,1.21399,1,BUY
2021-05-11 04:00:00,1.21397,1.21447,1.21392,1.21417,1,BUY
2021-05-11 05:00:00,1.21416,1.21473,1.21416,1.21424,1,BUY
2021-05-11 06:00:00,1.21426,1.21441,1.21296,1.21304,1,BUY
2021-05-11 07:00:00,1.21306,1.21448,1.2123,1.21414,1,BUY
2021-05-11 08:00:00,1.21413,1.21645,1.21411,1.21624,1,BUY
2021-05-11 09:00:00,1.21626,1.21694,1.21604,1.21656,1,BUY
2021-05-11 10:00:00,1.21656,1.2169,1.21538,1.21614,1,BUY
2021-05-11 11:00:00,1.21612,1.21715,1.2159,1.21684,1,BUY
2021-05-11 12:00:00,1.21682,1.21705,1.21592,1.21683,1,BUY
2021-05-11 13:00:00,1.21682,1.21818,1.2148,1.21716,1,BUY
2021-05-11 14:00:00,1.21718,1.21734,1.21582,1.21614,1,BUY
2021-05-11 15:00:00,1.21616,1.21719,1.21536,1.21691,1,BUY
2021-05-11 16:00:00,1.21692,1.21708,1.2161,1.21638,1,BUY
2021-05-11 17:00:00,1.21639,1.21647,1.2155,1.21582,1,BUY
2021-05-11 18:00:00,1.21584,1.21588,1.21472,1.21528,1,BUY
2021-05-11 19:00:00,1.21529,1.21556,1.2146,1.2149,1,BUY
2021-05-11 20:00:00,1.21492,1.21498,1.2145,1.21483,1,BUY
2021-05-11 21:00:00,1.21486,1.2151,1.21478,1.21502,1,BUY
2021-05-11 22:00:00,1.21506,1.21506,1.21442,1.2147,1,BUY
2021-05-11 23:00:00,1.21469,1.21472,1.21442,1.21442,0,SELL
2021-05-12 00:00:00,1.21444,1.21493,1.21372,1.21382,0,SELL
2021-05-12 01:00:00,1.21381,1.21382,1.21336,1.21352,0,SELL
2021-05-12 02:00:00,1.2135,1.21376,1.21242,1.21248,0,SELL
2021-05-12 03:00:00,1.21247,1.21283,1.21156,1.21172,0,SELL
2021-05-12 04:00:00,1.2117,1.21234,1.21166,1.21204,0,SELL
2021-05-12 05:00:00,1.21203,1.2129,1.212,1.21223,0,SELL
2021-05-12 06:00:00,1.21224,1.21374,1.21224,1.21316,0,SELL
2021-05-12 07:00:00,1.21316,1.21439,1.21282,1.21336,0,SELL
2021-05-12 08:00:00,1.21336,1.21364,1.21262,1.21345,0,SELL
2021-05-12 09:00:00,1.21346,1.21368,1.21261,1.2135,0,SELL
2021-05-12 10:00:00,1.2135,1.21368,1.21204,1.21258,0,SELL
2021-05-12 11:00:00,1.2126,1.21284,1.21172,1.21184,0,SELL
2021-05-12 12:00:00,1.21185,1.21468,1.2072,1.213,0,SELL
2021-05-12 13:00:00,1.21302,1.21524,1.20914,1.21012,0,SELL
2021-05-12 14:00:00,1.21014,1.21024,1.2066,1.20758,0,SELL
2021-05-12 15:00:00,1.2076,1.20828,1.20702,1.20734,0,SELL
2021-05-12 16:00:00,1.20735,1.20758,1.20656,1.20664,0,SELL
2021-05-12 17:00:00,1.20662,1.20786,1.20656,1.2075,0,SELL
2021-05-12 18:00:00,1.20748,1.20826,1.20739,1.20798,0,SELL
2021-05-12 19:00:00,1.20798,1.20825,1.20719,1.20752,0,SELL
2021-05-12 20:00:00,1.20754,1.20781,1.20692,1.20726,0,SELL
2021-05-12 21:00:00,1.20734,1.20756,1.20704,1.20708,0,SELL
2021-05-12 22:00:00,1.20713,1.20786,1.20706,1.20747,0,SELL
2021-05-12 23:00:00,1.20746,1.20792,1.20728,1.20778,0,SELL
2021-05-13 00:00:00,1.20776,1.20845,1.20708,1.2082,0,SELL
2021-05-13 01:00:00,1.20819,1.20888,1.20773,1.20864,0,SELL
2021-05-13 02:00:00,1.20862,1.20866,1.20786,1.20808,0,SELL
2021-05-13 03:00:00,1.2081,1.20832,1.20752,1.20766,0,SELL
2021-05-13 04:00:00,1.20767,1.20783,1.20718,1.20783,0,SELL
2021-05-13 05:00:00,1.20784,1.20786,1.2073,1.20732,0,SELL
2021-05-13 06:00:00,1.20731,1.20995,1.20731,1.2095,0,SELL
2021-05-13 07:00:00,1.20948,1.21062,1.20844,1.20865,0,SELL
2021-05-13 08:00:00,1.20864,1.20946,1.20514,1.20624,0,SELL
2021-05-13 09:00:00,1.20625,1.20716,1.20612,1.20662,0,SELL
2021-05-13 10:00:00,1.20663,1.20702,1.20601,1.20692,0,SELL
2021-05-13 11:00:00,1.20694,1.20858,1.20674,1.20798,0,SELL
2021-05-13 12:00:00,1.20799,1.20942,1.2073,1.20816,0,SELL
2021-05-13 13:00:00,1.20814,1.20978,1.20775,1.20974,0,SELL
2021-05-13 14:00:00,1.20975,1.21002,1.20727,1.20742,0,SELL
2021-05-13 15:00:00,1.2074,1.2075,1.20644,1.20694,0,SELL
2021-05-13 16:00:00,1.20692,1.2091,1.20674,1.20797,0,SELL
2021-05-13 17:00:00,1.20798,1.208,1.20621,1.20632,0,SELL
2021-05-13 18:00:00,1.2063,1.208,1.20622,1.20762,0,SELL
2021-05-13 19:00:00,1.2076,1.20872,1.20755,1.2086,0,SELL
2021-05-13 20:00:00,1.20858,1.20862,1.20784,1.2079,0,SELL
2021-05-13 21:00:00,1.20806,1.20834,1.20774,1.2083,0,SELL
2021-05-13 22:00:00,1.20838,1.20845,1.20787,1.20787,0,SELL
2021-05-13 23:00:00,1.20786,1.20795,1.20755,1.20768,0,SELL
2021-05-14 00:00:00,1.2077,1.20779,1.2071,1.20753,0,SELL
2021-05-14 01:00:00,1.20752,1.20848,1.20729,1.20826,0,SELL
2021-05-14 02:00:00,1.20828,1.20855,1.20762,1.20796,0,SELL
2021-05-14 03:00:00,1.20798,1.20859,1.20789,1.20855,0,SELL
2021-05-14 04:00:00,1.20856,1.2088,1.20853,1.20858,0,SELL
2021-05-14 05:00:00,1.20858,1.20978,1.20843,1.20964,0,SELL
2021-05-14 06:00:00,1.20966,1.21112,1.20927,1.21074,0,SELL
2021-05-14 07:00:00,1.21072,1.2118,1.21055,1.21156,0,SELL
2021-05-14 08:00:00,1.21154,1.21295,1.21132,1.21252,1,BUY
2021-05-14 09:00:00,1.21253,1.21267,1.21053,1.211,1,BUY
2021-05-14 10:00:00,1.21101,1.21158,1.2103,1.21138,1,BUY
2021-05-14 11:00:00,1.21136,1.21258,1.21104,1.21196,1,BUY
2021-05-14 12:00:00,1.21197,1.21375,1.21166,1.21296,1,BUY
2021-05-14 13:00:00,1.21295,1.21451,1.21242,1.21413,1,BUY
2021-05-14 14:00:00,1.21414,1.21478,1.21316,1.21344,1,BUY
2021-05-14 15:00:00,1.21345,1.21431,1.21319,1.21398,1,BUY
2021-05-14 16:00:00,1.21399,1.21438,1.2134,1.2137,1,BUY
2021-05-14 17:00:00,1.21369,1.21389,1.2134,1.21353,1,BUY
2021-05-14 18:00:00,1.21352,1.2145,1.21352,1.21442,1,BUY
2021-05-14 19:00:00,1.21441,1.21454,1.21416,1.21434,1,BUY
2021-05-14 20:00:00,1.21432,1.2147,1.21414,1.21457,1,BUY
2021-05-16 21:00:00,1.21474,1.21484,1.214,1.21413,1,BUY
2021-05-16 22:00:00,1.21407,1.21502,1.21401,1.21461,1,BUY
2021-05-16 23:00:00,1.21462,1.21512,1.2146,1.21498,1,BUY
2021-05-17 00:00:00,1.21498,1.21498,1.21322,1.2134,1,BUY
2021-05-17 01:00:00,1.21339,1.21384,1.21315,1.21327,1,BUY
2021-05-17 02:00:00,1.21326,1.21356,1.21294,1.2135,1,BUY
2021-05-17 03:00:00,1.21348,1.21388,1.21316,1.21317,1,BUY
2021-05-17 04:00:00,1.21318,1.21341,1.2129,1.21299,1,BUY
2021-05-17 05:00:00,1.21298,1.21317,1.21262,1.21271,1,BUY
2021-05-17 06:00:00,1.2127,1.21422,1.21265,1.21376,1,BUY
2021-05-17 07:00:00,1.21378,1.21464,1.21314,1.21358,1,BUY
2021-05-17 08:00:00,1.21356,1.215,1.21336,1.21481,1,BUY
2021-05-17 09:00:00,1.2148,1.21594,1.21415,1.21556,1,BUY
2021-05-17 10:00:00,1.21557,1.2169,1.21553,1.21669,1,BUY
2021-05-17 11:00:00,1.2167,1.21689,1.21458,1.21468,1,BUY
2021-05-17 12:00:00,1.21468,1.21524,1.21346,1.214,1,BUY
2021-05-17 13:00:00,1.21398,1.21502,1.2138,1.21468,1,BUY
2021-05-17 14:00:00,1.21468,1.21534,1.21388,1.21444,1,BUY
2021-05-17 15:00:00,1.21445,1.21568,1.21424,1.21545,1,BUY
2021-05-17 16:00:00,1.21547,1.21577,1.2152,1.2156,1,BUY
2021-05-17 17:00:00,1.21561,1.21578,1.2152,1.21566,1,BUY
2021-05-17 18:00:00,1.21568,1.21615,1.21566,1.21589,1,BUY
2021-05-17 19:00:00,1.21588,1.21604,1.21566,1.2158,1,BUY
2021-05-17 20:00:00,1.21581,1.21589,1.21496,1.215,1,BUY
2021-05-17 21:00:00,1.21528,1.21538,1.21511,1.2153,1,BUY
2021-05-17 22:00:00,1.21542,1.21554,1.21508,1.21531,1,BUY
2021-05-17 23:00:00,1.21532,1.2158,1.21525,1.21564,1,BUY
2021-05-18 00:00:00,1.21562,1.2159,1.21536,1.21564,1,BUY
2021-05-18 01:00:00,1.21566,1.21677,1.21556,1.21666,1,BUY
2021-05-18 02:00:00,1.21667,1.21693,1.21623,1.21631,1,BUY
2021-05-18 03:00:00,1.2163,1.2169,1.21624,1.21677,1,BUY
2021-05-18 04:00:00,1.21676,1.21676,1.21632,1.21646,1,BUY
2021-05-18 05:00:00,1.21648,1.21676,1.21638,1.21665,1,BUY
2021-05-18 06:00:00,1.21666,1.21906,1.2165,1.21834,1,BUY
2021-05-18 07:00:00,1.21836,1.22058,1.21834,1.22026,1,BUY
2021-05-18 08:00:00,1.22024,1.22198,1.21997,1.22186,1,BUY
2021-05-18 09:00:00,1.22185,1.22236,1.2213,1.22177,1,BUY
2021-05-18 10:00:00,1.22179,1.22188,1.22076,1.22078,1,BUY
2021-05-18 11:00:00,1.22076,1.22194,1.22064,1.22177,1,BUY
2021-05-18 12:00:00,1.22179,1.2234,1.2217,1.22212,1,BUY
2021-05-18 13:00:00,1.22215,1.22234,1.22113,1.22118,1,BUY
2021-05-18 14:00:00,1.2212,1.22238,1.2205,1.22184,1,BUY
2021-05-18 15:00:00,1.22184,1.222,1.21975,1.2202,1,BUY
2021-05-18 16:00:00,1.22022,1.22172,1.22009,1.2217,1,BUY
2021-05-18 17:00:00,1.22168,1.22241,1.22148,1.22233,1,BUY
2021-05-18 18:00:00,1.22234,1.223,1.22221,1.22293,1,BUY
2021-05-18 19:00:00,1.22292,1.22302,1.22262,1.22267,1,BUY
2021-05-18 20:00:00,1.22266,1.22277,1.2222,1.22225,1,BUY
2021-05-18 21:00:00,1.22239,1.2225,1.2221,1.22244,1,BUY
2021-05-18 22:00:00,1.22249,1.22252,1.2222,1.22242,1,BUY
2021-05-18 23:00:00,1.2224,1.22257,1.22216,1.22225,1,BUY
2021-05-19 00:00:00,1.22226,1.22329,1.22212,1.22264,1,BUY
2021-05-19 01:00:00,1.22265,1.22276,1.22198,1.22217,1,BUY
2021-05-19 02:00:00,1.22215,1.22248,1.22174,1.22224,1,BUY
2021-05-19 03:00:00,1.22222,1.2231,1.22214,1.22296,1,BUY
2021-05-19 04:00:00,1.22298,1.22354,1.22298,1.22314,1,BUY
2021-05-19 05:00:00,1.22312,1.22428,1.22307,1.22394,1,BUY
2021-05-19 06:00:00,1.22393,1.22452,1.22354,1.22383,1,BUY
2021-05-19 07:00:00,1.22384,1.22454,1.22164,1.22212,1,BUY
2021-05-19 08:00:00,1.22214,1.22264,1.22045,1.22165,1,BUY
2021-05-19 09:00:00,1.22167,1.22207,1.22078,1.22108,1,BUY
2021-05-19 10:00:00,1.22107,1.2216,1.22002,1.2207,1,BUY
2021-05-19 11:00:00,1.22071,1.2209,1.21888,1.2207,1,BUY
2021-05-19 12:00:00,1.22071,1.22156,1.22027,1.22078,1,BUY
2021-05-19 13:00:00,1.22079,1.22388,1.22036,1.2229,1,BUY
2021-05-19 14:00:00,1.22288,1.22312,1.2212,1.22161,1,BUY
2021-05-19 15:00:00,1.22159,1.22236,1.22133,1.2216,1,BUY
2021-05-19 16:00:00,1.22162,1.22209,1.22102,1.2211,1,BUY
2021-05-19 17:00:00,1.22108,1.22149,1.22062,1.22084,1,BUY
2021-05-19 18:00:00,1.22086,1.22111,1.21687,1.21712,1,BUY
2021-05-19 19:00:00,1.2171,1.21768,1.21597,1.21733,0,SELL
2021-05-19 20:00:00,1.21734,1.21798,1.21719,1.21758,0,SELL
2021-05-19 21:00:00,1.2169,1.2179,1.2169,1.21766,0,SELL
2021-05-19 22:00:00,1.21768,1.21774,1.21724,1.21728,0,SELL
2021-05-19 23:00:00,1.21727,1.21774,1.21694,1.21705,0,SELL
2021-05-20 00:00:00,1.21706,1.21851,1.2169,1.21851,0,SELL
2021-05-20 01:00:00,1.21848,1.21851,1.21696,1.21812,0,SELL
2021-05-20 02:00:00,1.21814,1.21816,1.21724,1.21772,0,SELL
2021-05-20 03:00:00,1.21773,1.21848,1.21772,1.21824,0,SELL
2021-05-20 04:00:00,1.21822,1.21853,1.21794,1.21822,0,SELL
2021-05-20 05:00:00,1.2182,1.21829,1.21772,1.21789,0,SELL
2021-05-20 06:00:00,1.21786,1.2198,1.21781,1.21846,0,SELL
2021-05-20 07:00:00,1.21848,1.22048,1.21844,1.22028,0,SELL
2021-05-20 08:00:00,1.22029,1.22048,1.21858,1.21882,0,SELL
2021-05-20 09:00:00,1.21883,1.2192,1.21834,1.21872,0,SELL
2021-05-20 10:00:00,1.21874,1.21973,1.2181,1.21942,0,SELL
2021-05-20 11:00:00,1.21944,1.22028,1.21938,1.2202,1,BUY
2021-05-20 12:00:00,1.22022,1.22082,1.21962,1.22,1,BUY
2021-05-20 13:00:00,1.22002,1.22158,1.21975,1.221,1,BUY
2021-05-20 14:00:00,1.22102,1.22188,1.22072,1.22137,1,BUY
2021-05-20 15:00:00,1.22138,1.22264,1.22081,1.22244,1,BUY
2021-05-20 16:00:00,1.22246,1.22248,1.2214,1.22183,1,BUY
2021-05-20 17:00:00,1.22184,1.22188,1.22122,1.22153,1,BUY
2021-05-20 18:00:00,1.22154,1.22224,1.22149,1.22198,1,BUY
2021-05-20 19:00:00,1.22198,1.22282,1.22182,1.22282,1,BUY
2021-05-20 20:00:00,1.22282,1.22293,1.2225,1.22286,1,BUY
2021-05-20 21:00:00,1.22282,1.22296,1.2224,1.22295,1,BUY
2021-05-20 22:00:00,1.22296,1.22301,1.2226,1.2226,1,BUY
2021-05-20 23:00:00,1.22261,1.22284,1.2225,1.22252,1,BUY
2021-05-21 00:00:00,1.22252,1.22379,1.2224,1.2234,1,BUY
2021-05-21 01:00:00,1.22341,1.22395,1.22314,1.22322,1,BUY
2021-05-21 02:00:00,1.22324,1.22332,1.22276,1.22322,1,BUY
2021-05-21 03:00:00,1.2232,1.2233,1.22297,1.22322,1,BUY
2021-05-21 04:00:00,1.22321,1.22348,1.22304,1.2233,1,BUY
2021-05-21 05:00:00,1.22331,1.2237,1.22318,1.22337,1,BUY
2021-05-21 06:00:00,1.22337,1.22399,1.22224,1.22262,1,BUY
2021-05-21 07:00:00,1.2226,1.22361,1.22098,1.22166,1,BUY
2021-05-21 08:00:00,1.22168,1.22252,1.22127,1.22239,1,BUY
2021-05-21 09:00:00,1.2224,1.22334,1.22197,1.22261,1,BUY
2021-05-21 10:00:00,1.2226,1.2238,1.22186,1.22191,1,BUY
2021-05-21 11:00:00,1.2219,1.22216,1.21846,1.21863,0,SELL
2021-05-21 12:00:00,1.21866,1.22065,1.21784,1.22059,0,SELL
2021-05-21 13:00:00,1.22061,1.22103,1.21752,1.21852,0,SELL
2021-05-21 14:00:00,1.21854,1.219,1.21707,1.21886,0,SELL
2021-05-21 15:00:00,1.21885,1.21918,1.21746,1.21774,0,SELL
2021-05-21 16:00:00,1.21773,1.21788,1.21608,1.21644,0,SELL
2021-05-21 17:00:00,1.21644,1.21768,1.21627,1.21766,0,SELL
2021-05-21 18:00:00,1.21768,1.21818,1.21754,1.21812,0,SELL
2021-05-21 19:00:00,1.21813,1.21873,1.21785,1.21858,0,SELL
2021-05-21 20:00:00,1.21856,1.2188,1.21784,1.21817,0,SELL
2021-05-23 21:00:00,1.21768,1.21819,1.21768,1.21779,0,SELL
2021-05-23 22:00:00,1.21785,1.21818,1.21724,1.21789,0,SELL
2021-05-23 23:00:00,1.2179,1.21844,1.2179,1.21807,0,SELL
2021-05-24 00:00:00,1.21806,1.21872,1.21774,1.21804,0,SELL
2021-05-24 01:00:00,1.21806,1.21846,1.21772,1.21844,0,SELL
2021-05-24 02:00:00,1.21846,1.21854,1.21769,1.21786,0,SELL
2021-05-24 03:00:00,1.21785,1.21824,1.21752,1.21813,0,SELL
2021-05-24 04:00:00,1.21812,1.21834,1.21788,1.21796,0,SELL
2021-05-24 05:00:00,1.21798,1.21902,1.21798,1.21896,0,SELL
2021-05-24 06:00:00,1.21897,1.21954,1.21867,1.219,0,SELL
2021-05-24 07:00:00,1.219,1.21998,1.2189,1.21978,0,SELL
2021-05-24 08:00:00,1.2198,1.22044,1.21749,1.21968,0,SELL
2021-05-24 09:00:00,1.21969,1.22119,1.2193,1.22118,0,SELL
2021-05-24 10:00:00,1.2212,1.22194,1.22106,1.22144,1,BUY
2021-05-24 11:00:00,1.22146,1.22161,1.2205,1.22092,1,BUY
2021-05-24 12:00:00,1.22092,1.22163,1.22068,1.22104,1,BUY
2021-05-24 13:00:00,1.22102,1.22228,1.22036,1.22223,1,BUY
2021-05-24 14:00:00,1.22224,1.223,1.22136,1.2217,1,BUY
2021-05-24 15:00:00,1.22172,1.22244,1.22074,1.22096,1,BUY
2021-05-24 16:00:00,1.22097,1.22153,1.22047,1.22153,1,BUY
2021-05-24 17:00:00,1.22152,1.22179,1.22057,1.22164,1,BUY
2021-05-24 18:00:00,1.22166,1.22172,1.22104,1.22137,1,BUY
2021-05-24 19:00:00,1.22138,1.22174,1.22128,1.22164,1,BUY
2021-05-24 20:00:00,1.22162,1.22182,1.22142,1.22166,1,BUY
2021-05-24 21:00:00,1.22174,1.22178,1.22144,1.2217,1,BUY
2021-05-24 22:00:00,1.22173,1.22174,1.22146,1.22165,1,BUY
2021-05-24 23:00:00,1.22166,1.22166,1.22126,1.22144,1,BUY
2021-05-25 00:00:00,1.22143,1.2222,1.22116,1.22218,1,BUY
2021-05-25 01:00:00,1.2222,1.22302,1.22212,1.22251,1,BUY
2021-05-25 02:00:00,1.22252,1.22286,1.2223,1.22285,1,BUY
2021-05-25 03:00:00,1.22284,1.22288,1.2225,1.22266,1,BUY
2021-05-25 04:00:00,1.22264,1.22316,1.22255,1.22294,1,BUY
2021-05-25 05:00:00,1.22296,1.22303,1.22218,1.22237,1,BUY
2021-05-25 06:00:00,1.22236,1.22534,1.22204,1.22458,1,BUY
2021-05-25 07:00:00,1.22457,1.22623,1.2244,1.22558,1,BUY
2021-05-25 08:00:00,1.22559,1.2262,1.22441,1.2259,1,BUY
2021-05-25 09:00:00,1.22591,1.2262,1.22527,1.2255,1,BUY
2021-05-25 10:00:00,1.2255,1.22588,1.22478,1.22482,1,BUY
2021-05-25 11:00:00,1.22483,1.22608,1.22462,1.22558,1,BUY
2021-05-25 12:00:00,1.22556,1.22664,1.22502,1.22536,1,BUY
2021-05-25 13:00:00,1.22538,1.22571,1.2241,1.22479,1,BUY
2021-05-25 14:00:00,1.2248,1.22544,1.22405,1.22462,1,BUY
2021-05-25 15:00:00,1.2246,1.22489,1.22305,1.22327,1,BUY
2021-05-25 16:00:00,1.22329,1.224,1.22263,1.22399,1,BUY
2021-05-25 17:00:00,1.22398,1.22499,1.22378,1.22478,1,BUY
2021-05-25 18:00:00,1.2248,1.22571,1.22463,1.22558,1,BUY
2021-05-25 19:00:00,1.2256,1.2256,1.2246,1.22474,1,BUY
2021-05-25 20:00:00,1.22474,1.22525,1.2246,1.22522,1,BUY
2021-05-25 21:00:00,1.22542,1.22574,1.22489,1.22499,1,BUY
2021-05-25 22:00:00,1.22502,1.22551,1.22495,1.22534,1,BUY
2021-05-25 23:00:00,1.22536,1.2254,1.2246,1.2247,1,BUY
2021-05-26 00:00:00,1.22471,1.2254,1.22447,1.22452,1,BUY
2021-05-26 01:00:00,1.22453,1.22484,1.22426,1.22438,1,BUY
2021-05-26 02:00:00,1.22439,1.2253,1.2242,1.22498,1,BUY
2021-05-26 03:00:00,1.225,1.22605,1.22498,1.22582,1,BUY
2021-05-26 04:00:00,1.22582,1.22612,1.22561,1.22596,1,BUY
2021-05-26 05:00:00,1.22598,1.2263,1.22555,1.2256,1,BUY
2021-05-26 06:00:00,1.22558,1.22567,1.22434,1.22493,1,BUY
2021-05-26 07:00:00,1.22494,1.225,1.22328,1.22442,1,BUY
2021-05-26 08:00:00,1.22443,1.22485,1.22326,1.22409,1,BUY
2021-05-26 09:00:00,1.2241,1.22471,1.22375,1.22451,1,BUY
2021-05-26 10:00:00,1.2245,1.2245,1.22329,1.22386,1,BUY
2021-05-26 11:00:00,1.22386,1.22398,1.22252,1.2227,1,BUY
2021-05-26 12:00:00,1.22268,1.22298,1.2217,1.222,0,SELL
2021-05-26 13:00:00,1.22201,1.22349,1.22176,1.22283,0,SELL
2021-05-26 14:00:00,1.22282,1.224,1.22166,1.2217,0,SELL
2021-05-26 15:00:00,1.22169,1.22213,1.21974,1.22034,0,SELL
2021-05-26 16:00:00,1.22036,1.22054,1.21956,1.21999,0,SELL
2021-05-26 17:00:00,1.21998,1.22022,1.21819,1.21875,0,SELL
2021-05-26 18:00:00,1.21874,1.21932,1.21844,1.2193,0,SELL
2021-05-26 19:00:00,1.2193,1.21964,1.21908,1.21921,0,SELL
2021-05-26 20:00:00,1.2192,1.21973,1.21914,1.21929,0,SELL
2021-05-26 21:00:00,1.2192,1.2195,1.21882,1.21941,0,SELL
2021-05-26 22:00:00,1.21943,1.21972,1.21923,1.21928,0,SELL
2021-05-26 23:00:00,1.2193,1.21944,1.21889,1.21921,0,SELL
2021-05-27 00:00:00,1.2192,1.21927,1.21798,1.21883,0,SELL
2021-05-27 01:00:00,1.21884,1.21884,1.21752,1.21851,0,SELL
2021-05-27 02:00:00,1.2185,1.21929,1.21844,1.21904,0,SELL
2021-05-27 03:00:00,1.21906,1.21946,1.21864,1.21936,0,SELL
2021-05-27 04:00:00,1.21938,1.21956,1.21908,1.21936,0,SELL
2021-05-27 05:00:00,1.21936,1.21969,1.21883,1.21957,0,SELL
2021-05-27 06:00:00,1.21957,1.22024,1.21868,1.21982,0,SELL
2021-05-27 07:00:00,1.21983,1.22086,1.21948,1.22058,0,SELL
2021-05-27 08:00:00,1.2206,1.22152,1.218,1.21826,0,SELL
2021-05-27 09:00:00,1.21827,1.21962,1.21822,1.21932,0,SELL
2021-05-27 10:00:00,1.21934,1.22085,1.21932,1.22052,0,SELL
2021-05-27 11:00:00,1.22054,1.22109,1.21926,1.21963,0,SELL
2021-05-27 12:00:00,1.21964,1.22022,1.21844,1.21862,0,SELL
2021-05-27 13:00:00,1.21864,1.21993,1.21797,1.21975,0,SELL
2021-05-27 14:00:00,1.21974,1.22117,1.21921,1.22014,0,SELL
2021-05-27 15:00:00,1.22014,1.22034,1.21856,1.21936,0,SELL
2021-05-27 16:00:00,1.21937,1.21963,1.21852,1.21878,0,SELL
2021-05-27 17:00:00,1.21878,1.22039,1.21873,1.22014,0,SELL
2021-05-27 18:00:00,1.22014,1.22048,1.21985,1.21986,0,SELL
2021-05-27 19:00:00,1.21988,1.22009,1.21948,1.21993,0,SELL
2021-05-27 20:00:00,1.21992,1.21992,1.21921,1.21941,0,SELL
2021-05-27 21:00:00,1.2195,1.21962,1.21935,1.2195,0,SELL
2021-05-27 22:00:00,1.21948,1.2196,1.21912,1.21918,0,SELL
2021-05-27 23:00:00,1.2192,1.21933,1.21898,1.21928,0,SELL
2021-05-28 00:00:00,1.21929,1.2193,1.21826,1.21842,0,SELL
2021-05-28 01:00:00,1.21843,1.2187,1.21816,1.21826,0,SELL
2021-05-28 02:00:00,1.21823,1.21863,1.21816,1.21858,0,SELL
2021-05-28 03:00:00,1.21859,1.21886,1.21828,1.21872,0,SELL
2021-05-28 04:00:00,1.2187,1.21903,1.21852,1.21876,0,SELL
2021-05-28 05:00:00,1.21878,1.21888,1.21758,1.21772,0,SELL
2021-05-28 06:00:00,1.21771,1.21848,1.21716,1.21824,0,SELL
2021-05-28 07:00:00,1.21826,1.219,1.21775,1.21881,0,SELL
2021-05-28 08:00:00,1.2188,1.22006,1.21872,1.21975,0,SELL
2021-05-28 09:00:00,1.21974,1.2198,1.21826,1.21862,0,SELL
2021-05-28 10:00:00,1.2186,1.21908,1.21724,1.21778,0,SELL
2021-05-28 11:00:00,1.21776,1.21818,1.21508,1.21568,0,SELL
2021-05-28 12:00:00,1.21566,1.21576,1.21328,1.2135,0,SELL
2021-05-28 13:00:00,1.21351,1.21669,1.21326,1.21646,0,SELL
2021-05-28 14:00:00,1.21644,1.21889,1.21632,1.218,0,SELL
2021-05-28 15:00:00,1.218,1.21984,1.21788,1.21938,0,SELL
2021-05-28 16:00:00,1.21936,1.22043,1.21924,1.22007,0,SELL
2021-05-28 17:00:00,1.22008,1.2205,1.21992,1.22018,0,SELL
2021-05-28 18:00:00,1.22018,1.22021,1.2195,1.21964,0,SELL
2021-05-28 19:00:00,1.21962,1.21974,1.21921,1.21926,0,SELL
2021-05-28 20:00:00,1.21928,1.21952,1.21894,1.21921,1,BUY
2021-05-30 21:00:00,1.2201,1.2201,1.21939,1.21977,1,BUY
2021-05-30 22:00:00,1.2197,1.21992,1.21916,1.21934,1,BUY
2021-05-30 23:00:00,1.21936,1.21962,1.21892,1.21895,0,SELL
2021-05-31 00:00:00,1.21896,1.21932,1.21846,1.21918,0,SELL
2021-05-31 01:00:00,1.21916,1.22001,1.21887,1.21999,0,SELL
2021-05-31 02:00:00,1.22,1.22045,1.21981,1.22037,0,SELL
2021-05-31 03:00:00,1.22036,1.22043,1.21982,1.2199,0,SELL
2021-05-31 04:00:00,1.21988,1.22001,1.21964,1.21981,0,SELL
2021-05-31 05:00:00,1.2198,1.22022,1.21924,1.2194,0,SELL
2021-05-31 06:00:00,1.2194,1.21972,1.21834,1.21896,0,SELL
2021-05-31 07:00:00,1.21894,1.22018,1.21894,1.21912,0,SELL
2021-05-31 08:00:00,1.21911,1.22038,1.21885,1.22006,0,SELL
2021-05-31 09:00:00,1.22004,1.22004,1.21851,1.2187,0,SELL
2021-05-31 10:00:00,1.21872,1.21932,1.21852,1.21903,0,SELL
2021-05-31 11:00:00,1.21904,1.22014,1.21858,1.2199,0,SELL
2021-05-31 12:00:00,1.21992,1.2202,1.21974,1.21987,0,SELL
2021-05-31 13:00:00,1.21988,1.22056,1.21941,1.22049,0,SELL
2021-05-31 14:00:00,1.22048,1.22278,1.22007,1.22278,1,BUY
2021-05-31 15:00:00,1.22276,1.22314,1.22201,1.22293,1,BUY
2021-05-31 16:00:00,1.22294,1.22312,1.22252,1.22284,1,BUY
2021-05-31 17:00:00,1.22286,1.22294,1.22266,1.22276,1,BUY
2021-05-31 18:00:00,1.22279,1.22288,1.22262,1.22276,1,BUY
2021-05-31 19:00:00,1.22275,1.22276,1.22253,1.22262,1,BUY
2021-05-31 20:00:00,1.22264,1.2229,1.2225,1.22258,1,BUY
2021-05-31 21:00:00,1.22258,1.22282,1.22256,1.22264,1,BUY
2021-05-31 22:00:00,1.22266,1.22329,1.22262,1.223,1,BUY
2021-05-31 23:00:00,1.22302,1.22346,1.22285,1.22326,1,BUY
2021-06-01 00:00:00,1.22328,1.22346,1.22238,1.22296,1,BUY
2021-06-01 01:00:00,1.22298,1.22365,1.22286,1.2232,1,BUY
2021-06-01 02:00:00,1.22318,1.22358,1.22264,1.22282,1,BUY
2021-06-01 03:00:00,1.22281,1.22322,1.2226,1.22303,1,BUY
2021-06-01 04:00:00,1.22302,1.22302,1.22224,1.22225,1,BUY
2021-06-01 05:00:00,1.22227,1.22256,1.22181,1.2225,1,BUY
2021-06-01 06:00:00,1.22248,1.22376,1.22196,1.22327,1,BUY
2021-06-01 07:00:00,1.22328,1.22414,1.22277,1.22414,1,BUY
2021-06-01 08:00:00,1.22415,1.22415,1.22134,1.22298,1,BUY
2021-06-01 09:00:00,1.223,1.22386,1.22292,1.22326,1,BUY
2021-06-01 10:00:00,1.22325,1.22337,1.22218,1.22232,1,BUY
2021-06-01 11:00:00,1.2223,1.22276,1.22188,1.22218,1,BUY
2021-06-01 12:00:00,1.22219,1.22272,1.2217,1.22247,1,BUY
2021-06-01 13:00:00,1.22246,1.2242,1.2216,1.22387,1,BUY
2021-06-01 14:00:00,1.2239,1.22545,1.22368,1.2246,1,BUY
2021-06-01 15:00:00,1.22462,1.22514,1.22405,1.22405,1,BUY
2021-06-01 16:00:00,1.22406,1.2243,1.22325,1.22328,1,BUY
2021-06-01 17:00:00,1.2233,1.22342,1.2227,1.22304,1,BUY
2021-06-01 18:00:00,1.22303,1.22328,1.22268,1.22286,1,BUY
2021-06-01 19:00:00,1.22287,1.22287,1.22184,1.22204,1,BUY
2021-06-01 20:00:00,1.22202,1.22207,1.22116,1.22138,1,BUY
2021-06-01 21:00:00,1.22134,1.22178,1.22127,1.22144,0,SELL
2021-06-01 22:00:00,1.22146,1.22157,1.22123,1.22146,0,SELL
2021-06-01 23:00:00,1.22148,1.2218,1.22142,1.22176,0,SELL
2021-06-02 00:00:00,1.22174,1.22262,1.22152,1.22204,0,SELL
2021-06-02 01:00:00,1.22202,1.22266,1.22199,1.22215,0,SELL
2021-06-02 02:00:00,1.22214,1.22266,1.22193,1.22236,0,SELL
2021-06-02 03:00:00,1.22234,1.22262,1.22208,1.22231,0,SELL
2021-06-02 04:00:00,1.22232,1.22232,1.22169,1.22172,0,SELL
2021-06-02 05:00:00,1.2217,1.22199,1.22148,1.22152,0,SELL
2021-06-02 06:00:00,1.22152,1.22182,1.22056,1.22099,0,SELL
2021-06-02 07:00:00,1.221,1.22139,1.21965,1.22006,0,SELL
2021-06-02 08:00:00,1.22008,1.22018,1.21796,1.21814,0,SELL
2021-06-02 09:00:00,1.21816,1.21898,1.21692,1.21801,0,SELL
2021-06-02 10:00:00,1.218,1.218,1.21702,1.21735,0,SELL
2021-06-02 11:00:00,1.21734,1.21804,1.2164,1.218,0,SELL
2021-06-02 12:00:00,1.218,1.2192,1.21795,1.21858,0,SELL
2021-06-02 13:00:00,1.2186,1.2205,1.21844,1.22044,0,SELL
2021-06-02 14:00:00,1.22042,1.22074,1.21964,1.22069,0,SELL
2021-06-02 15:00:00,1.22071,1.22184,1.22028,1.22129,0,SELL
2021-06-02 16:00:00,1.22128,1.22154,1.22112,1.22121,0,SELL
2021-06-02 17:00:00,1.22122,1.22142,1.22068,1.22084,0,SELL
2021-06-02 18:00:00,1.22085,1.22155,1.22066,1.22105,0,SELL
2021-06-02 19:00:00,1.22106,1.22141,1.22057,1.22109,1,BUY
2021-06-02 20:00:00,1.22108,1.22125,1.22074,1.22104,1,BUY
2021-06-02 21:00:00,1.22104,1.22126,1.22104,1.22116,1,BUY
2021-06-02 22:00:00,1.22114,1.22126,1.22098,1.22105,0,SELL
2021-06-02 23:00:00,1.22107,1.22126,1.22089,1.22096,0,SELL
2021-06-03 00:00:00,1.22098,1.22142,1.22082,1.22125,0,SELL
2021-06-03 01:00:00,1.22126,1.22135,1.22054,1.22055,0,SELL
2021-06-03 02:00:00,1.22056,1.22079,1.22034,1.22041,0,SELL
2021-06-03 03:00:00,1.22042,1.22074,1.22025,1.22066,0,SELL
2021-06-03 04:00:00,1.22067,1.22082,1.2201,1.22015,0,SELL
2021-06-03 05:00:00,1.22013,1.2204,1.2195,1.21964,0,SELL
2021-06-03 06:00:00,1.21963,1.2197,1.21854,1.21865,0,SELL
2021-06-03 07:00:00,1.21864,1.21886,1.21792,1.2181,0,SELL
2021-06-03 08:00:00,1.21812,1.2194,1.21788,1.21878,0,SELL
2021-06-03 09:00:00,1.21876,1.21934,1.21856,1.21918,0,SELL
2021-06-03 10:00:00,1.2192,1.22086,1.21858,1.21869,0,SELL
2021-06-03 11:00:00,1.2187,1.21965,1.21848,1.21877,0,SELL
2021-06-03 12:00:00,1.21876,1.21892,1.21565,1.21586,0,SELL
2021-06-03 13:00:00,1.21586,1.21624,1.21362,1.21463,0,SELL
2021-06-03 14:00:00,1.2146,1.21499,1.21268,1.21382,0,SELL
2021-06-03 15:00:00,1.21384,1.21384,1.21206,1.21214,0,SELL
2021-06-03 16:00:00,1.21212,1.21275,1.21182,1.21204,0,SELL
2021-06-03 17:00:00,1.21205,1.2126,1.21188,1.21235,0,SELL
2021-06-03 18:00:00,1.21237,1.21272,1.21212,1.21254,0,SELL
2021-06-03 19:00:00,1.21256,1.21338,1.21254,1.21303,0,SELL
2021-06-03 20:00:00,1.21305,1.21306,1.21262,1.21271,0,SELL
2021-06-03 21:00:00,1.21273,1.21293,1.2126,1.21272,0,SELL
2021-06-03 22:00:00,1.21274,1.21309,1.21274,1.21308,0,SELL
2021-06-03 23:00:00,1.21309,1.21322,1.21292,1.213,0,SELL
2021-06-04 00:00:00,1.21302,1.21302,1.21145,1.21276,0,SELL
2021-06-04 01:00:00,1.21274,1.21305,1.21218,1.21225,0,SELL
2021-06-04 02:00:00,1.21226,1.21248,1.2118,1.21204,0,SELL
2021-06-04 03:00:00,1.21206,1.21212,1.21149,1.2115,0,SELL
2021-06-04 04:00:00,1.21152,1.21164,1.21122,1.21138,0,SELL
2021-06-04 05:00:00,1.2114,1.21146,1.21052,1.21072,0,SELL
2021-06-04 06:00:00,1.2107,1.21134,1.21042,1.21131,0,SELL
2021-06-04 07:00:00,1.2113,1.21181,1.21054,1.21131,0,SELL
2021-06-04 08:00:00,1.2113,1.2117,1.21096,1.2112,0,SELL
2021-06-04 09:00:00,1.21118,1.21171,1.21086,1.21158,0,SELL
2021-06-04 10:00:00,1.21156,1.2118,1.2104,1.21075,0,SELL
2021-06-04 11:00:00,1.21076,1.21187,1.21071,1.21132,0,SELL
2021-06-04 12:00:00,1.2113,1.21746,1.21119,1.21678,0,SELL
2021-06-04 13:00:00,1.21676,1.21818,1.2162,1.21803,0,SELL
2021-06-04 14:00:00,1.21804,1.21856,1.21618,1.21633,0,SELL
2021-06-04 15:00:00,1.21635,1.21736,1.2162,1.21726,1,BUY
2021-06-04 16:00:00,1.21724,1.2175,1.21609,1.21614,1,BUY
2021-06-04 17:00:00,1.21615,1.21657,1.21606,1.21634,1,BUY
2021-06-04 18:00:00,1.21635,1.21677,1.21602,1.21653,1,BUY
2021-06-04 19:00:00,1.21652,1.21694,1.21638,1.21687,1,BUY
2021-06-04 20:00:00,1.21686,1.21703,1.2165,1.21668,1,BUY
2021-06-06 21:00:00,1.21671,1.21671,1.21613,1.21648,1,BUY
2021-06-06 22:00:00,1.21655,1.21682,1.21627,1.21633,1,BUY
2021-06-06 23:00:00,1.21635,1.21679,1.2163,1.21667,0,SELL
2021-06-07 00:00:00,1.21668,1.21728,1.21646,1.21673,0,SELL
2021-06-07 01:00:00,1.21674,1.21676,1.216,1.21611,0,SELL
2021-06-07 02:00:00,1.2161,1.21657,1.21606,1.2163,0,SELL
2021-06-07 03:00:00,1.21632,1.21684,1.21622,1.21676,0,SELL
2021-06-07 04:00:00,1.21675,1.21708,1.21643,1.2168,0,SELL
2021-06-07 05:00:00,1.21679,1.21682,1.2158,1.21581,0,SELL
2021-06-07 06:00:00,1.21581,1.21622,1.21515,1.21526,0,SELL
2021-06-07 07:00:00,1.21524,1.2168,1.21449,1.21678,0,SELL
2021-06-07 08:00:00,1.21678,1.21678,1.2152,1.21619,0,SELL
2021-06-07 09:00:00,1.21621,1.21645,1.21528,1.21608,0,SELL
2021-06-07 10:00:00,1.2161,1.21628,1.21506,1.2156,0,SELL
2021-06-07 11:00:00,1.2156,1.21761,1.21548,1.21649,0,SELL
2021-06-07 12:00:00,1.21648,1.21686,1.21602,1.21634,0,SELL
2021-06-07 13:00:00,1.21633,1.21816,1.21614,1.21814,0,SELL
2021-06-07 14:00:00,1.21812,1.2192,1.21738,1.21876,1,BUY
2021-06-07 15:00:00,1.21877,1.22004,1.21855,1.21985,1,BUY
2021-06-07 16:00:00,1.21984,1.22018,1.21938,1.21948,1,BUY
2021-06-07 17:00:00,1.2195,1.21984,1.21914,1.2197,1,BUY
2021-06-07 18:00:00,1.21972,1.21992,1.2194,1.21946,1,BUY
2021-06-07 19:00:00,1.21946,1.21956,1.21924,1.21942,1,BUY
2021-06-07 20:00:00,1.21942,1.21943,1.21894,1.21894,1,BUY
2021-06-07 21:00:00,1.21897,1.21944,1.21896,1.21912,1,BUY
2021-06-07 22:00:00,1.21915,1.21924,1.21902,1.21919,1,BUY
2021-06-07 23:00:00,1.2192,1.2193,1.21903,1.21908,1,BUY
2021-06-08 00:00:00,1.21907,1.2194,1.21826,1.21857,1,BUY
2021-06-08 01:00:00,1.21856,1.2191,1.2184,1.21872,1,BUY
2021-06-08 02:00:00,1.21874,1.21886,1.21821,1.2183,1,BUY
2021-06-08 03:00:00,1.2183,1.21832,1.2178,1.21796,1,BUY
2021-06-08 04:00:00,1.21794,1.21811,1.21775,1.21794,1,BUY
2021-06-08 05:00:00,1.21793,1.21833,1.21763,1.21774,1,BUY
2021-06-08 06:00:00,1.21778,1.21854,1.21765,1.21769,0,SELL
2021-06-08 07:00:00,1.2177,1.21838,1.21642,1.21728,0,SELL
2021-06-08 08:00:00,1.21727,1.2179,1.21666,1.21767,0,SELL
2021-06-08 09:00:00,1.21764,1.2177,1.21682,1.21744,0,SELL
2021-06-08 10:00:00,1.21743,1.2181,1.21693,1.21778,0,SELL
2021-06-08 11:00:00,1.21777,1.21834,1.21713,1.21782,0,SELL
2021-06-08 12:00:00,1.21783,1.21884,1.21726,1.21758,0,SELL
2021-06-08 13:00:00,1.21756,1.21846,1.21708,1.21829,0,SELL
2021-06-08 14:00:00,1.21833,1.2193,1.21799,1.2186,1,BUY
2021-06-08 15:00:00,1.21861,1.21863,1.21768,1.21793,1,BUY
2021-06-08 16:00:00,1.21792,1.21821,1.21778,1.21782,1,BUY
2021-06-08 17:00:00,1.21781,1.2179,1.2174,1.21777,1,BUY
2021-06-08 18:00:00,1.21776,1.2182,1.21774,1.21798,1,BUY
2021-06-08 19:00:00,1.21798,1.21812,1.21712,1.21733,0,SELL
2021-06-08 20:00:00,1.21734,1.21754,1.21722,1.2173,0,SELL
2021-06-08 21:00:00,1.21728,1.21747,1.21724,1.21731,0,SELL
2021-06-08 22:00:00,1.21732,1.21734,1.21714,1.2172,0,SELL
2021-06-08 23:00:00,1.21718,1.21736,1.21712,1.21724,0,SELL
2021-06-09 00:00:00,1.21726,1.21782,1.21712,1.2175,0,SELL
2021-06-09 01:00:00,1.21752,1.21806,1.21739,1.21804,0,SELL
2021-06-09 02:00:00,1.21806,1.21842,1.21784,1.21842,0,SELL
2021-06-09 03:00:00,1.2184,1.21856,1.21794,1.21807,0,SELL
2021-06-09 04:00:00,1.21806,1.21808,1.21786,1.21796,1,BUY
2021-06-09 05:00:00,1.21794,1.21802,1.21756,1.21778,1,BUY
2021-06-09 06:00:00,1.21776,1.2187,1.21764,1.21803,1,BUY
2021-06-09 07:00:00,1.21804,1.21846,1.21762,1.21829,1,BUY
2021-06-09 08:00:00,1.2183,1.21928,1.21816,1.21884,1,BUY
2021-06-09 09:00:00,1.21885,1.21918,1.2184,1.2191,1,BUY
2021-06-09 10:00:00,1.21909,1.21952,1.21887,1.21922,1,BUY
2021-06-09 11:00:00,1.21924,1.21978,1.21896,1.21949,1,BUY
2021-06-09 12:00:00,1.2195,1.21966,1.21892,1.21946,1,BUY
2021-06-09 13:00:00,1.21948,1.22181,1.21946,1.2215,1,BUY
2021-06-09 14:00:00,1.2215,1.22166,1.21813,1.21858,1,BUY
2021-06-09 15:00:00,1.21856,1.21907,1.21832,1.21838,1,BUY
2021-06-09 16:00:00,1.21838,1.21842,1.21741,1.2176,1,BUY
2021-06-09 17:00:00,1.21759,1.21802,1.21754,1.2179,1,BUY
2021-06-09 18:00:00,1.21788,1.21838,1.21781,1.21792,0,SELL
2021-06-09 19:00:00,1.2179,1.21812,1.21744,1.21776,0,SELL
2021-06-09 20:00:00,1.21774,1.21796,1.2175,1.21794,0,SELL
2021-06-09 21:00:00,1.21804,1.21809,1.21768,1.21789,0,SELL
2021-06-09 22:00:00,1.21788,1.21794,1.21762,1.21778,0,SELL
2021-06-09 23:00:00,1.21777,1.21796,1.21767,1.21786,0,SELL
2021-06-10 00:00:00,1.21784,1.21808,1.21721,1.21731,0,SELL
2021-06-10 01:00:00,1.21729,1.21758,1.2169,1.217,0,SELL
2021-06-10 02:00:00,1.21699,1.21704,1.21666,1.21668,0,SELL
2021-06-10 03:00:00,1.2167,1.217,1.21663,1.21696,0,SELL
2021-06-10 04:00:00,1.21697,1.21697,1.21628,1.21642,0,SELL
2021-06-10 05:00:00,1.2164,1.21682,1.21633,1.21658,0,SELL
2021-06-10 06:00:00,1.21657,1.2174,1.21617,1.21676,0,SELL
2021-06-10 07:00:00,1.21674,1.2171,1.21534,1.21592,0,SELL
2021-06-10 08:00:00,1.21594,1.21714,1.21586,1.21666,0,SELL
2021-06-10 09:00:00,1.21668,1.21723,1.21634,1.2166,0,SELL
2021-06-10 10:00:00,1.21659,1.21726,1.216,1.21686,0,SELL
2021-06-10 11:00:00,1.21688,1.21881,1.21664,1.21766,0,SELL
2021-06-10 12:00:00,1.21764,1.21949,1.21512,1.21862,0,SELL
2021-06-10 13:00:00,1.21864,1.21934,1.21433,1.21823,0,SELL
2021-06-10 14:00:00,1.21822,1.21904,1.2171,1.21717,0,SELL
2021-06-10 15:00:00,1.21715,1.21781,1.21619,1.2173,0,SELL
2021-06-10 16:00:00,1.21728,1.21778,1.21646,1.21768,0,SELL
2021-06-10 17:00:00,1.21766,1.21788,1.21722,1.2174,0,SELL
2021-06-10 18:00:00,1.21742,1.2176,1.21713,1.21718,0,SELL
2021-06-10 19:00:00,1.21717,1.21767,1.217,1.21704,0,SELL
2021-06-10 20:00:00,1.21702,1.21778,1.21699,1.2176,0,SELL
2021-06-10 21:00:00,1.21707,1.21765,1.21691,1.21738,0,SELL
2021-06-10 22:00:00,1.21741,1.21744,1.21706,1.21726,0,SELL
2021-06-10 23:00:00,1.21728,1.2175,1.21719,1.21728,0,SELL
2021-06-11 00:00:00,1.21726,1.21789,1.2172,1.21783,0,SELL
2021-06-11 01:00:00,1.21784,1.21886,1.21759,1.21872,0,SELL
2021-06-11 02:00:00,1.21871,1.21901,1.21832,1.219,1,BUY
2021-06-11 03:00:00,1.21901,1.21916,1.21868,1.21872,1,BUY
2021-06-11 04:00:00,1.21873,1.21904,1.21868,1.21871,1,BUY
2021-06-11 05:00:00,1.21872,1.21902,1.21858,1.2188,1,BUY
2021-06-11 06:00:00,1.21881,1.2193,1.21814,1.21834,1,BUY
2021-06-11 07:00:00,1.21834,1.21919,1.21748,1.2183,1,BUY
2021-06-11 08:00:00,1.2183,1.21836,1.21639,1.21658,1,BUY
2021-06-11 09:00:00,1.21658,1.21672,1.21526,1.21542,0,SELL
2021-06-11 10:00:00,1.21542,1.2161,1.2149,1.21514,0,SELL
2021-06-11 11:00:00,1.21512,1.21518,1.21297,1.21324,0,SELL
2021-06-11 12:00:00,1.21324,1.21379,1.21224,1.21288,0,SELL
2021-06-11 13:00:00,1.2129,1.21304,1.21114,1.21213,0,SELL
2021-06-11 14:00:00,1.21214,1.21271,1.21006,1.21094,0,SELL
2021-06-11 15:00:00,1.21092,1.21148,1.20929,1.21,0,SELL
2021-06-11 16:00:00,1.21,1.21014,1.20947,1.20965,0,SELL
2021-06-11 17:00:00,1.20966,1.21001,1.20926,1.20997,0,SELL
2021-06-11 18:00:00,1.20999,1.2103,1.20977,1.21026,0,SELL
2021-06-11 19:00:00,1.21028,1.21096,1.21016,1.21091,0,SELL
2021-06-11 20:00:00,1.21093,1.21109,1.21046,1.2109,0,SELL
2021-06-13 21:00:00,1.21088,1.21114,1.21046,1.2111,0,SELL
2021-06-13 22:00:00,1.21114,1.2112,1.21035,1.21102,0,SELL
2021-06-13 23:00:00,1.21099,1.21114,1.21078,1.21096,0,SELL
2021-06-14 00:00:00,1.21098,1.21106,1.20988,1.21004,0,SELL
2021-06-14 01:00:00,1.21002,1.2102,1.20954,1.21004,0,SELL
2021-06-14 02:00:00,1.21007,1.21044,1.2099,1.20992,0,SELL
2021-06-14 03:00:00,1.20993,1.21004,1.20947,1.20998,0,SELL
2021-06-14 04:00:00,1.20997,1.2105,1.20971,1.21044,0,SELL
2021-06-14 05:00:00,1.21042,1.2107,1.21014,1.21052,0,SELL
2021-06-14 06:00:00,1.2105,1.2109,1.20948,1.2104,0,SELL
2021-06-14 07:00:00,1.21037,1.21208,1.20944,1.21183,0,SELL
2021-06-14 08:00:00,1.21182,1.21191,1.21063,1.21089,0,SELL
2021-06-14 09:00:00,1.2109,1.21195,1.21085,1.2113,0,SELL
2021-06-14 10:00:00,1.2113,1.21248,1.21116,1.2121,0,SELL
2021-06-14 11:00:00,1.21212,1.21213,1.21152,1.21159,0,SELL
2021-06-14 12:00:00,1.2116,1.21206,1.21118,1.21198,0,SELL
2021-06-14 13:00:00,1.21196,1.21302,1.2117,1.21216,0,SELL
2021-06-14 14:00:00,1.21218,1.21306,1.21194,1.21235,0,SELL
2021-06-14 15:00:00,1.21237,1.21284,1.21211,1.21248,0,SELL
2021-06-14 16:00:00,1.2125,1.21273,1.21202,1.21222,0,SELL
2021-06-14 17:00:00,1.21223,1.2123,1.21194,1.21216,0,SELL
2021-06-14 18:00:00,1.21217,1.2122,1.21174,1.21177,0,SELL
2021-06-14 19:00:00,1.21176,1.21231,1.21166,1.21215,0,SELL
2021-06-14 20:00:00,1.21214,1.2122,1.21177,1.21202,0,SELL
2021-06-14 21:00:00,1.21194,1.21212,1.21191,1.21194,0,SELL
2021-06-14 22:00:00,1.21192,1.21216,1.21192,1.2121,0,SELL
2021-06-14 23:00:00,1.21212,1.21236,1.21204,1.2122,0,SELL
2021-06-15 00:00:00,1.21218,1.21224,1.21142,1.212,0,SELL
2021-06-15 01:00:00,1.21202,1.21212,1.21148,1.21186,0,SELL
2021-06-15 02:00:00,1.21185,1.21259,1.21163,1.21242,0,SELL
2021-06-15 03:00:00,1.21244,1.21246,1.21192,1.21231,0,SELL
2021-06-15 04:00:00,1.21232,1.2126,1.21231,1.2126,0,SELL
2021-06-15 05:00:00,1.21258,1.21282,1.21242,1.21276,0,SELL
2021-06-15 06:00:00,1.21278,1.2137,1.21242,1.2131,0,SELL
2021-06-15 07:00:00,1.21312,1.21474,1.21308,1.21436,0,SELL
2021-06-15 08:00:00,1.21438,1.21458,1.21304,1.21306,0,SELL
2021-06-15 09:00:00,1.21304,1.21306,1.21208,1.21232,0,SELL
2021-06-15 10:00:00,1.21234,1.21275,1.21131,1.21183,0,SELL
2021-06-15 11:00:00,1.21182,1.21208,1.21058,1.21071,0,SELL
2021-06-15 12:00:00,1.2107,1.21186,1.21014,1.21116,0,SELL
2021-06-15 13:00:00,1.21116,1.213,1.21089,1.2127,0,SELL
2021-06-15 14:00:00,1.21269,1.21303,1.21176,1.21257,0,SELL
2021-06-15 15:00:00,1.21256,1.2131,1.21194,1.21196,0,SELL
2021-06-15 16:00:00,1.21198,1.2126,1.21174,1.2124,0,SELL
2021-06-15 17:00:00,1.21242,1.21266,1.21219,1.21242,0,SELL
2021-06-15 18:00:00,1.2124,1.21299,1.21232,1.21248,0,SELL
2021-06-15 19:00:00,1.21247,1.21281,1.21228,1.21281,0,SELL
2021-06-15 20:00:00,1.21282,1.21292,1.2125,1.2126,0,SELL
2021-06-15 21:00:00,1.21266,1.21286,1.21253,1.21282,0,SELL
2021-06-15 22:00:00,1.2128,1.21288,1.21261,1.21266,0,SELL
2021-06-15 23:00:00,1.21264,1.21269,1.21236,1.21247,0,SELL
2021-06-16 00:00:00,1.21248,1.2127,1.21225,1.21228,0,SELL
2021-06-16 01:00:00,1.2123,1.21238,1.21206,1.21222,0,SELL
2021-06-16 02:00:00,1.21222,1.21226,1.21168,1.2122,0,SELL
2021-06-16 03:00:00,1.21218,1.21252,1.21206,1.21228,0,SELL
2021-06-16 04:00:00,1.21226,1.2129,1.21222,1.21286,0,SELL
2021-06-16 05:00:00,1.21284,1.2131,1.21276,1.213,0,SELL
2021-06-16 06:00:00,1.21299,1.21348,1.2123,1.21294,0,SELL
2021-06-16 07:00:00,1.21294,1.21332,1.21182,1.21326,0,SELL
2021-06-16 08:00:00,1.21328,1.21339,1.21232,1.21287,0,SELL
2021-06-16 09:00:00,1.21288,1.21294,1.21204,1.21248,0,SELL
2021-06-16 10:00:00,1.21249,1.2127,1.2115,1.21166,0,SELL
2021-06-16 11:00:00,1.21167,1.21208,1.21142,1.21172,0,SELL
2021-06-16 12:00:00,1.21172,1.21276,1.21158,1.21186,0,SELL
2021-06-16 13:00:00,1.21188,1.21246,1.211,1.21202,0,SELL
2021-06-16 14:00:00,1.21204,1.21271,1.21179,1.21182,0,SELL
2021-06-16 15:00:00,1.21184,1.2121,1.21123,1.21179,0,SELL
2021-06-16 16:00:00,1.21178,1.21216,1.21127,1.21176,0,SELL
2021-06-16 17:00:00,1.21174,1.21175,1.21116,1.21152,0,SELL
2021-06-16 18:00:00,1.21139,1.21139,1.20084,1.20178,0,SELL
2021-06-16 19:00:00,1.20176,1.20368,1.20037,1.20048,0,SELL
2021-06-16 20:00:00,1.20048,1.20118,1.19946,1.19951,0,SELL
2021-06-16 21:00:00,1.19955,1.19974,1.19917,1.19941,0,SELL
2021-06-16 22:00:00,1.19937,1.19985,1.19926,1.19981,0,SELL
2021-06-16 23:00:00,1.19979,1.19981,1.19868,1.19952,0,SELL
2021-06-17 00:00:00,1.19951,1.19957,1.19842,1.19884,0,SELL
2021-06-17 01:00:00,1.19885,1.20008,1.19878,1.19982,0,SELL
2021-06-17 02:00:00,1.1998,1.2005,1.19977,1.20023,0,SELL
2021-06-17 03:00:00,1.20024,1.2004,1.19936,1.19937,0,SELL
2021-06-17 04:00:00,1.19936,1.20019,1.19934,1.2001,0,SELL
2021-06-17 05:00:00,1.20008,1.20065,1.19958,1.20003,0,SELL
2021-06-17 06:00:00,1.20002,1.20014,1.19736,1.1987,0,SELL
2021-06-17 07:00:00,1.19868,1.19896,1.19426,1.19544,0,SELL
2021-06-17 08:00:00,1.19543,1.19645,1.19361,1.19476,0,SELL
2021-06-17 09:00:00,1.19474,1.1957,1.19424,1.1951,0,SELL
2021-06-17 10:00:00,1.19512,1.19532,1.19262,1.19318,0,SELL
2021-06-17 11:00:00,1.1932,1.19384,1.19289,1.19361,0,SELL
2021-06-17 12:00:00,1.1936,1.1947,1.19302,1.19314,0,SELL
2021-06-17 13:00:00,1.19312,1.19512,1.19272,1.19302,0,SELL
2021-06-17 14:00:00,1.193,1.19426,1.19212,1.19398,0,SELL
2021-06-17 15:00:00,1.19396,1.19428,1.1906,1.19108,0,SELL
2021-06-17 16:00:00,1.19109,1.19124,1.18918,1.18962,0,SELL
2021-06-17 17:00:00,1.18961,1.19181,1.1896,1.19162,0,SELL
2021-06-17 18:00:00,1.19164,1.19226,1.19105,1.1911,0,SELL
2021-06-17 19:00:00,1.19108,1.19144,1.19007,1.19022,0,SELL
2021-06-17 20:00:00,1.19021,1.191,1.19008,1.1907,0,SELL
2021-06-17 21:00:00,1.19076,1.19084,1.19063,1.19064,0,SELL
2021-06-17 22:00:00,1.19062,1.19133,1.19062,1.19116,0,SELL
2021-06-17 23:00:00,1.19118,1.19154,1.19088,1.19132,0,SELL
2021-06-18 00:00:00,1.1913,1.19136,1.19046,1.19074,0,SELL
2021-06-18 01:00:00,1.19076,1.19156,1.1906,1.19152,0,SELL
2021-06-18 02:00:00,1.1915,1.192,1.19128,1.19189,0,SELL
2021-06-18 03:00:00,1.19187,1.19251,1.19186,1.19218,0,SELL
2021-06-18 04:00:00,1.19218,1.19221,1.19128,1.19135,0,SELL
2021-06-18 05:00:00,1.19136,1.19144,1.18954,1.19048,0,SELL
2021-06-18 06:00:00,1.19046,1.19089,1.18853,1.1891,0,SELL
2021-06-18 07:00:00,1.1891,1.192,1.18907,1.19156,0,SELL
2021-06-18 08:00:00,1.19154,1.19245,1.19103,1.1913,0,SELL
2021-06-18 09:00:00,1.19129,1.1922,1.19052,1.1917,0,SELL
2021-06-18 10:00:00,1.19168,1.19225,1.19092,1.19158,0,SELL
2021-06-18 11:00:00,1.19159,1.19164,1.19055,1.19109,0,SELL
2021-06-18 12:00:00,1.1911,1.19121,1.18674,1.18876,0,SELL
2021-06-18 13:00:00,1.18878,1.18878,1.18616,1.18668,0,SELL
2021-06-18 14:00:00,1.1867,1.18782,1.18474,1.18564,0,SELL
2021-06-18 15:00:00,1.18565,1.18734,1.185,1.18726,0,SELL
2021-06-18 16:00:00,1.18724,1.18824,1.18708,1.18746,0,SELL
2021-06-18 17:00:00,1.18746,1.1882,1.18726,1.18775,0,SELL
2021-06-18 18:00:00,1.18773,1.18788,1.18702,1.18718,0,SELL
2021-06-18 19:00:00,1.18716,1.18781,1.18667,1.1868,0,SELL
2021-06-18 20:00:00,1.18679,1.187,1.18571,1.18642,0,SELL
2021-06-20 21:00:00,1.18572,1.18686,1.18502,1.18652,0,SELL
2021-06-20 22:00:00,1.18646,1.1874,1.18634,1.18722,0,SELL
2021-06-20 23:00:00,1.1872,1.18756,1.18692,1.18706,0,SELL
2021-06-21 00:00:00,1.18705,1.18766,1.18674,1.18726,0,SELL
2021-06-21 01:00:00,1.18724,1.1874,1.1861,1.18612,0,SELL
2021-06-21 02:00:00,1.18611,1.18734,1.18594,1.18658,0,SELL
2021-06-21 03:00:00,1.18656,1.1866,1.18477,1.18562,0,SELL
2021-06-21 04:00:00,1.18561,1.1866,1.18518,1.1866,0,SELL
2021-06-21 05:00:00,1.18658,1.18698,1.1856,1.18686,0,SELL
2021-06-21 06:00:00,1.18686,1.18848,1.18662,1.18756,0,SELL
2021-06-21 07:00:00,1.18754,1.18848,1.18513,1.18819,0,SELL
2021-06-21 08:00:00,1.1882,1.1894,1.1879,1.18932,0,SELL
2021-06-21 09:00:00,1.18931,1.1898,1.18866,1.1898,0,SELL
2021-06-21 10:00:00,1.18978,1.18998,1.18908,1.18953,0,SELL
2021-06-21 11:00:00,1.18952,1.18971,1.18848,1.1895,0,SELL
2021-06-21 12:00:00,1.18948,1.18953,1.1885,1.18926,0,SELL
2021-06-21 13:00:00,1.18925,1.19119,1.18896,1.19112,0,SELL
2021-06-21 14:00:00,1.19112,1.19208,1.1909,1.19104,0,SELL
2021-06-21 15:00:00,1.19108,1.1917,1.19038,1.19086,0,SELL
2021-06-21 16:00:00,1.19088,1.19214,1.19072,1.19192,0,SELL
2021-06-21 17:00:00,1.19194,1.19212,1.19138,1.1914,0,SELL
2021-06-21 18:00:00,1.19138,1.19162,1.1908,1.1908,0,SELL
2021-06-21 19:00:00,1.19081,1.19196,1.19079,1.19186,0,SELL
2021-06-21 20:00:00,1.19188,1.19205,1.19154,1.19178,0,SELL
2021-06-21 21:00:00,1.19187,1.19192,1.19174,1.19178,0,SELL
2021-06-21 22:00:00,1.19183,1.19202,1.19134,1.19138,0,SELL
2021-06-21 23:00:00,1.19139,1.19181,1.19103,1.1912,0,SELL
2021-06-22 00:00:00,1.19124,1.19144,1.19049,1.19082,0,SELL
2021-06-22 01:00:00,1.19081,1.19089,1.19008,1.19068,0,SELL
2021-06-22 02:00:00,1.19068,1.19108,1.19026,1.19108,0,SELL
2021-06-22 03:00:00,1.19106,1.19152,1.19086,1.19118,0,SELL
2021-06-22 04:00:00,1.19117,1.19124,1.19024,1.19028,0,SELL
2021-06-22 05:00:00,1.19031,1.19053,1.18918,1.18918,0,SELL
2021-06-22 06:00:00,1.18918,1.19047,1.18918,1.18991,0,SELL
2021-06-22 07:00:00,1.18992,1.19115,1.18955,1.19018,0,SELL
2021-06-22 08:00:00,1.19018,1.19026,1.18921,1.18966,0,SELL
2021-06-22 09:00:00,1.18964,1.18996,1.18811,1.18836,0,SELL
2021-06-22 10:00:00,1.18838,1.18969,1.18838,1.18934,0,SELL
2021-06-22 11:00:00,1.18933,1.19027,1.18913,1.1894,0,SELL
2021-06-22 12:00:00,1.18939,1.18978,1.1882,1.18931,0,SELL
2021-06-22 13:00:00,1.1893,1.19106,1.189,1.1903,0,SELL
2021-06-22 14:00:00,1.19029,1.19102,1.18962,1.18992,0,SELL
2021-06-22 15:00:00,1.18987,1.1912,1.18974,1.19102,0,SELL
2021-06-22 16:00:00,1.191,1.19416,1.19072,1.19346,0,SELL
2021-06-22 17:00:00,1.19347,1.19385,1.19318,1.1935,0,SELL
2021-06-22 18:00:00,1.19349,1.19456,1.19344,1.19356,1,BUY
2021-06-22 19:00:00,1.19358,1.19528,1.19354,1.19412,1,BUY
2021-06-22 20:00:00,1.19411,1.19422,1.1938,1.19412,1,BUY
2021-06-22 21:00:00,1.19398,1.19403,1.19394,1.194,1,BUY
2021-06-22 22:00:00,1.19394,1.19438,1.19394,1.19394,1,BUY
2021-06-22 23:00:00,1.19396,1.19424,1.19364,1.19364,1,BUY
2021-06-23 00:00:00,1.19363,1.19401,1.19298,1.19321,1,BUY
2021-06-23 01:00:00,1.19324,1.19346,1.19234,1.19242,1,BUY
2021-06-23 02:00:00,1.19244,1.1925,1.19204,1.19242,1,BUY
2021-06-23 03:00:00,1.19242,1.19276,1.19214,1.19225,1,BUY
2021-06-23 04:00:00,1.19228,1.19229,1.19192,1.19193,0,SELL
2021-06-23 05:00:00,1.19195,1.1929,1.1916,1.19267,0,SELL
2021-06-23 06:00:00,1.19266,1.19371,1.19222,1.19276,0,SELL
2021-06-23 07:00:00,1.19274,1.1939,1.19116,1.19382,0,SELL
2021-06-23 08:00:00,1.19384,1.19456,1.19328,1.19328,1,BUY
2021-06-23 09:00:00,1.1933,1.19412,1.19326,1.19408,1,BUY
2021-06-23 10:00:00,1.19407,1.19499,1.19366,1.19433,1,BUY
2021-06-23 11:00:00,1.19432,1.1952,1.1939,1.19412,1,BUY
2021-06-23 12:00:00,1.1941,1.19552,1.19401,1.19539,1,BUY
2021-06-23 13:00:00,1.19536,1.19702,1.19492,1.19696,1,BUY
2021-06-23 14:00:00,1.19696,1.19697,1.19471,1.19472,1,BUY
2021-06-23 15:00:00,1.19472,1.19508,1.19428,1.195,1,BUY
2021-06-23 16:00:00,1.19501,1.19501,1.19344,1.19356,1,BUY
2021-06-23 17:00:00,1.19357,1.19384,1.19286,1.19373,1,BUY
2021-06-23 18:00:00,1.19372,1.19378,1.19287,1.19294,1,BUY
2021-06-23 19:00:00,1.19292,1.19296,1.19194,1.1924,1,BUY
2021-06-23 20:00:00,1.19241,1.1929,1.1921,1.19266,0,SELL
2021-06-23 21:00:00,1.19274,1.19286,1.19262,1.19278,0,SELL
2021-06-23 22:00:00,1.19276,1.19332,1.19274,1.19318,0,SELL
2021-06-23 23:00:00,1.1932,1.1932,1.19265,1.19298,0,SELL
2021-06-24 00:00:00,1.193,1.19334,1.19276,1.1931,0,SELL
2021-06-24 01:00:00,1.19312,1.19325,1.19194,1.19267,0,SELL
2021-06-24 02:00:00,1.19266,1.19284,1.19208,1.1926,0,SELL
2021-06-24 03:00:00,1.19262,1.19262,1.19211,1.19214,0,SELL
2021-06-24 04:00:00,1.19216,1.19261,1.19216,1.19241,0,SELL
2021-06-24 05:00:00,1.19242,1.19262,1.1921,1.19231,0,SELL
2021-06-24 06:00:00,1.1923,1.19384,1.19176,1.19342,0,SELL
2021-06-24 07:00:00,1.1934,1.19431,1.19288,1.19326,0,SELL
2021-06-24 08:00:00,1.19324,1.19401,1.1925,1.19254,0,SELL
2021-06-24 09:00:00,1.19252,1.19456,1.1925,1.19435,0,SELL
2021-06-24 10:00:00,1.19436,1.19496,1.19412,1.19448,1,BUY
2021-06-24 11:00:00,1.19446,1.19478,1.19344,1.19364,1,BUY
2021-06-24 12:00:00,1.19363,1.19564,1.19315,1.19544,1,BUY
2021-06-24 13:00:00,1.19545,1.19562,1.19406,1.19502,1,BUY
2021-06-24 14:00:00,1.19501,1.19502,1.192,1.19262,1,BUY
2021-06-24 15:00:00,1.19262,1.19344,1.19252,1.19266,1,BUY
2021-06-24 16:00:00,1.19268,1.19335,1.19247,1.19268,1,BUY
2021-06-24 17:00:00,1.1927,1.19334,1.19265,1.19268,0,SELL
2021-06-24 18:00:00,1.1927,1.1934,1.1927,1.19305,0,SELL
2021-06-24 19:00:00,1.19304,1.19354,1.19302,1.1933,0,SELL
2021-06-24 20:00:00,1.1933,1.19354,1.19308,1.19312,0,SELL
2021-06-24 21:00:00,1.19317,1.19321,1.19298,1.19302,0,SELL
2021-06-24 22:00:00,1.19304,1.19328,1.193,1.1932,0,SELL
2021-06-24 23:00:00,1.19318,1.19322,1.19278,1.19281,0,SELL
2021-06-25 00:00:00,1.19282,1.19318,1.19269,1.19311,0,SELL
2021-06-25 01:00:00,1.19312,1.19452,1.19309,1.19422,0,SELL
2021-06-25 02:00:00,1.1942,1.1945,1.19379,1.19396,0,SELL
2021-06-25 03:00:00,1.19397,1.19422,1.1938,1.194,1,BUY
2021-06-25 04:00:00,1.19399,1.1941,1.19368,1.1937,1,BUY
2021-06-25 05:00:00,1.19374,1.19429,1.1935,1.19408,1,BUY
2021-06-25 06:00:00,1.19406,1.19496,1.19358,1.19455,1,BUY
2021-06-25 07:00:00,1.19454,1.19508,1.19376,1.1948,1,BUY
2021-06-25 08:00:00,1.19481,1.19481,1.19386,1.19432,1,BUY
2021-06-25 09:00:00,1.19433,1.19472,1.19388,1.1943,1,BUY
2021-06-25 10:00:00,1.19432,1.19462,1.19378,1.19458,1,BUY
2021-06-25 11:00:00,1.19459,1.1948,1.19386,1.19414,1,BUY
2021-06-25 12:00:00,1.19414,1.19657,1.19414,1.19578,1,BUY
2021-06-25 13:00:00,1.1958,1.19754,1.1958,1.1974,1,BUY
2021-06-25 14:00:00,1.19742,1.19744,1.19497,1.195,1,BUY
2021-06-25 15:00:00,1.19501,1.1952,1.19367,1.19396,1,BUY
2021-06-25 16:00:00,1.19396,1.19415,1.19326,1.19372,1,BUY
2021-06-25 17:00:00,1.19374,1.19378,1.19294,1.19308,1,BUY
2021-06-25 18:00:00,1.1931,1.19324,1.19264,1.19311,0,SELL
2021-06-25 19:00:00,1.1931,1.19416,1.19306,1.194,0,SELL
2021-06-25 20:00:00,1.19402,1.19426,1.19354,1.19361,0,SELL
2021-06-27 21:00:00,1.19355,1.19394,1.1934,1.19363,0,SELL
2021-06-27 22:00:00,1.19368,1.19405,1.19356,1.1939,0,SELL
2021-06-27 23:00:00,1.19393,1.19422,1.19373,1.19416,0,SELL
2021-06-28 00:00:00,1.19418,1.19418,1.19326,1.19368,0,SELL
2021-06-28 01:00:00,1.19366,1.19384,1.19223,1.19261,0,SELL
2021-06-28 02:00:00,1.19262,1.19263,1.19202,1.1924,0,SELL
2021-06-28 03:00:00,1.19238,1.19258,1.19212,1.19248,0,SELL
2021-06-28 04:00:00,1.1925,1.19264,1.19217,1.19226,0,SELL
2021-06-28 05:00:00,1.19228,1.19286,1.1922,1.19258,0,SELL
2021-06-28 06:00:00,1.19262,1.19336,1.1923,1.19308,0,SELL
2021-06-28 07:00:00,1.19307,1.19447,1.19276,1.19417,0,SELL
2021-06-28 08:00:00,1.19418,1.1943,1.19255,1.19414,0,SELL
2021-06-28 09:00:00,1.19416,1.19439,1.19334,1.19372,0,SELL
2021-06-28 10:00:00,1.19374,1.19419,1.19343,1.19387,0,SELL
2021-06-28 11:00:00,1.19388,1.1939,1.1905,1.19072,0,SELL
2021-06-28 12:00:00,1.19073,1.19238,1.19024,1.19216,0,SELL
2021-06-28 13:00:00,1.19214,1.1927,1.19112,1.19263,0,SELL
2021-06-28 14:00:00,1.19261,1.19398,1.19213,1.19264,0,SELL
2021-06-28 15:00:00,1.19262,1.19379,1.19252,1.1937,0,SELL
2021-06-28 16:00:00,1.19368,1.19382,1.19204,1.19228,0,SELL
2021-06-28 17:00:00,1.19226,1.19292,1.19222,1.19244,0,SELL
2021-06-28 18:00:00,1.19242,1.19291,1.192,1.19233,0,SELL
2021-06-28 19:00:00,1.19234,1.19262,1.19222,1.19248,0,SELL
2021-06-28 20:00:00,1.19246,1.19253,1.19219,1.19244,0,SELL
2021-06-28 21:00:00,1.19252,1.19304,1.19232,1.1927,0,SELL
2021-06-28 22:00:00,1.19265,1.19267,1.19242,1.1925,0,SELL
2021-06-28 23:00:00,1.19248,1.1929,1.19244,1.19288,0,SELL
2021-06-29 00:00:00,1.1929,1.193,1.19178,1.19192,0,SELL
2021-06-29 01:00:00,1.19194,1.19246,1.1916,1.19168,0,SELL
2021-06-29 02:00:00,1.19166,1.19172,1.19124,1.1914,0,SELL
2021-06-29 03:00:00,1.19141,1.19152,1.19076,1.19112,0,SELL
2021-06-29 04:00:00,1.19113,1.19148,1.19102,1.19104,0,SELL
2021-06-29 05:00:00,1.19106,1.19218,1.19105,1.19214,0,SELL
2021-06-29 06:00:00,1.19216,1.19232,1.19152,1.19197,0,SELL
2021-06-29 07:00:00,1.19196,1.19219,1.19056,1.19098,0,SELL
2021-06-29 08:00:00,1.191,1.19128,1.18993,1.19016,0,SELL
2021-06-29 09:00:00,1.19018,1.19116,1.1901,1.19082,0,SELL
2021-06-29 10:00:00,1.19084,1.19134,1.1897,1.1906,0,SELL
2021-06-29 11:00:00,1.19062,1.19076,1.18898,1.18903,0,SELL
2021-06-29 12:00:00,1.18904,1.18947,1.18798,1.18826,0,SELL
2021-06-29 13:00:00,1.18825,1.19003,1.18778,1.18914,0,SELL
2021-06-29 14:00:00,1.18916,1.19082,1.18814,1.19046,0,SELL
2021-06-29 15:00:00,1.19044,1.19116,1.19006,1.19062,0,SELL
2021-06-29 16:00:00,1.19056,1.1908,1.18961,1.18962,0,SELL
2021-06-29 17:00:00,1.18961,1.18978,1.1893,1.18968,0,SELL
2021-06-29 18:00:00,1.1897,1.19056,1.18967,1.19009,0,SELL
2021-06-29 19:00:00,1.19011,1.19012,1.18948,1.18996,0,SELL
2021-06-29 20:00:00,1.18996,1.1903,1.18958,1.18969,0,SELL
2021-06-29 21:00:00,1.18974,1.19047,1.18966,1.1898,0,SELL
2021-06-29 22:00:00,1.18988,1.19014,1.18979,1.18999,0,SELL
2021-06-29 23:00:00,1.18996,1.19016,1.18968,1.19003,0,SELL
2021-06-30 00:00:00,1.19001,1.19067,1.18983,1.19003,0,SELL
2021-06-30 01:00:00,1.19001,1.19068,1.18967,1.1906,0,SELL
2021-06-30 02:00:00,1.19058,1.1909,1.19022,1.19032,0,SELL
2021-06-30 03:00:00,1.1903,1.19032,1.18978,1.19024,0,SELL
2021-06-30 04:00:00,1.19022,1.19046,1.18995,1.18998,0,SELL
2021-06-30 05:00:00,1.18996,1.19052,1.1896,1.1896,0,SELL
2021-06-30 06:00:00,1.1896,1.1908,1.18941,1.1905,0,SELL
2021-06-30 07:00:00,1.19052,1.19054,1.1893,1.19008,0,SELL
2021-06-30 08:00:00,1.19006,1.19012,1.1885,1.18862,0,SELL
2021-06-30 09:00:00,1.18864,1.18982,1.18862,1.18926,0,SELL
2021-06-30 10:00:00,1.18927,1.1893,1.18837,1.18896,0,SELL
2021-06-30 11:00:00,1.18897,1.18952,1.18826,1.18936,0,SELL
2021-06-30 12:00:00,1.18935,1.1894,1.18762,1.18824,0,SELL
2021-06-30 13:00:00,1.18826,1.18826,1.18654,1.1874,0,SELL
2021-06-30 14:00:00,1.18742,1.18748,1.18496,1.18594,0,SELL
2021-06-30 15:00:00,1.18594,1.18698,1.18451,1.18487,0,SELL
2021-06-30 16:00:00,1.18486,1.18552,1.18468,1.18486,0,SELL
2021-06-30 17:00:00,1.18486,1.18572,1.18486,1.18529,0,SELL
2021-06-30 18:00:00,1.18528,1.1854,1.18461,1.18476,0,SELL
2021-06-30 19:00:00,1.18478,1.18615,1.1846,1.18586,0,SELL
2021-06-30 20:00:00,1.18588,1.18604,1.18564,1.18566,0,SELL
2021-06-30 21:00:00,1.1857,1.18604,1.18552,1.18582,0,SELL
2021-06-30 22:00:00,1.18586,1.1859,1.18546,1.18578,0,SELL
2021-06-30 23:00:00,1.1858,1.18604,1.18555,1.18561,0,SELL
2021-07-01 00:00:00,1.18562,1.18566,1.18466,1.18487,0,SELL
2021-07-01 01:00:00,1.18486,1.18542,1.18476,1.1852,0,SELL
2021-07-01 02:00:00,1.18519,1.1852,1.18488,1.18503,0,SELL
2021-07-01 03:00:00,1.18502,1.18518,1.1847,1.18508,0,SELL
2021-07-01 04:00:00,1.18506,1.18511,1.18462,1.18492,0,SELL
2021-07-01 05:00:00,1.18494,1.18494,1.18388,1.18436,0,SELL
2021-07-01 06:00:00,1.18434,1.18562,1.18374,1.18548,0,SELL
2021-07-01 07:00:00,1.18546,1.18602,1.18457,1.18481,0,SELL
2021-07-01 08:00:00,1.18482,1.18503,1.18385,1.18447,0,SELL
2021-07-01 09:00:00,1.18448,1.18566,1.18404,1.18544,0,SELL
2021-07-01 10:00:00,1.18544,1.1867,1.18492,1.18669,0,SELL
2021-07-01 11:00:00,1.18668,1.18786,1.18643,1.18768,0,SELL
2021-07-01 12:00:00,1.18766,1.18842,1.18716,1.18784,0,SELL
2021-07-01 13:00:00,1.18785,1.18822,1.18648,1.1878,0,SELL
2021-07-01 14:00:00,1.18782,1.18802,1.18573,1.18681,0,SELL
2021-07-01 15:00:00,1.1868,1.18684,1.18484,1.18558,0,SELL
2021-07-01 16:00:00,1.18559,1.18598,1.18472,1.18492,0,SELL
2021-07-01 17:00:00,1.1849,1.18548,1.18466,1.18471,0,SELL
2021-07-01 18:00:00,1.1847,1.18494,1.18412,1.18415,0,SELL
2021-07-01 19:00:00,1.18414,1.18486,1.1841,1.18468,0,SELL
2021-07-01 20:00:00,1.18466,1.18508,1.18456,1.18496,0,SELL
2021-07-01 21:00:00,1.18506,1.18524,1.1849,1.185,0,SELL
2021-07-01 22:00:00,1.18501,1.18508,1.18426,1.18466,0,SELL
2021-07-01 23:00:00,1.18464,1.1847,1.1843,1.18458,0,SELL
2021-07-02 00:00:00,1.18456,1.18477,1.1841,1.18431,0,SELL
2021-07-02 01:00:00,1.1843,1.18467,1.18416,1.18438,0,SELL
2021-07-02 02:00:00,1.18434,1.18458,1.18406,1.18417,0,SELL
2021-07-02 03:00:00,1.18416,1.18438,1.1841,1.18428,0,SELL
2021-07-02 04:00:00,1.18428,1.18462,1.18424,1.18447,0,SELL
2021-07-02 05:00:00,1.18446,1.18478,1.18403,1.18416,0,SELL
2021-07-02 06:00:00,1.18414,1.1843,1.18353,1.1839,0,SELL
2021-07-02 07:00:00,1.18389,1.18394,1.18222,1.18246,0,SELL
2021-07-02 08:00:00,1.18246,1.18335,1.1824,1.18278,0,SELL
2021-07-02 09:00:00,1.1828,1.18308,1.18222,1.18228,0,SELL
2021-07-02 10:00:00,1.18227,1.1833,1.18204,1.18272,0,SELL
2021-07-02 11:00:00,1.1827,1.18342,1.18216,1.18218,0,SELL
2021-07-02 12:00:00,1.1822,1.18572,1.18075,1.18476,0,SELL
2021-07-02 13:00:00,1.18474,1.18594,1.18258,1.18447,0,SELL
2021-07-02 14:00:00,1.18448,1.18469,1.18294,1.18426,0,SELL
2021-07-02 15:00:00,1.18423,1.18508,1.1841,1.18473,0,SELL
2021-07-02 16:00:00,1.18472,1.18502,1.1839,1.18436,0,SELL
2021-07-02 17:00:00,1.18434,1.18682,1.18414,1.18675,0,SELL
2021-07-02 18:00:00,1.18676,1.18743,1.18674,1.18682,0,SELL
2021-07-02 19:00:00,1.18681,1.18692,1.1863,1.18652,1,BUY
2021-07-02 20:00:00,1.1865,1.1867,1.18632,1.18654,1,BUY
2021-07-04 21:00:00,1.18665,1.18705,1.18617,1.18682,1,BUY
2021-07-04 22:00:00,1.18677,1.18689,1.18584,1.1859,1,BUY
2021-07-04 23:00:00,1.18588,1.1862,1.18557,1.18558,1,BUY
2021-07-05 00:00:00,1.1856,1.1861,1.18536,1.18574,1,BUY
2021-07-05 01:00:00,1.18572,1.18629,1.18538,1.18604,0,SELL
2021-07-05 02:00:00,1.18602,1.18604,1.1852,1.18536,0,SELL
2021-07-05 03:00:00,1.18537,1.18584,1.18528,1.1853,0,SELL
2021-07-05 04:00:00,1.1853,1.18578,1.18514,1.1857,0,SELL
2021-07-05 05:00:00,1.18568,1.18596,1.18528,1.1853,0,SELL
2021-07-05 06:00:00,1.18532,1.18666,1.18519,1.18634,0,SELL
2021-07-05 07:00:00,1.18634,1.18734,1.18522,1.18718,0,SELL
2021-07-05 08:00:00,1.1872,1.18734,1.18649,1.18704,0,SELL
2021-07-05 09:00:00,1.18702,1.18805,1.18694,1.18761,1,BUY
2021-07-05 10:00:00,1.18763,1.18798,1.18689,1.18771,1,BUY
2021-07-05 11:00:00,1.1877,1.18808,1.18683,1.18724,1,BUY
2021-07-05 12:00:00,1.18726,1.18726,1.186,1.18634,1,BUY
2021-07-05 13:00:00,1.18636,1.18662,1.18603,1.18652,1,BUY
2021-07-05 14:00:00,1.18654,1.18655,1.18554,1.18619,1,BUY
2021-07-05 15:00:00,1.18621,1.18675,1.18613,1.18663,1,BUY
2021-07-05 16:00:00,1.18662,1.18695,1.18643,1.1868,0,SELL
2021-07-05 17:00:00,1.18678,1.18694,1.18664,1.18678,0,SELL
2021-07-05 18:00:00,1.1868,1.18694,1.18664,1.1869,0,SELL
2021-07-05 19:00:00,1.18689,1.187,1.1865,1.18651,0,SELL
2021-07-05 20:00:00,1.18648,1.18653,1.18612,1.18637,0,SELL
2021-07-05 21:00:00,1.18644,1.18647,1.18617,1.18627,0,SELL
2021-07-05 22:00:00,1.18632,1.18694,1.18599,1.18644,0,SELL
2021-07-05 23:00:00,1.18642,1.1866,1.18614,1.18626,0,SELL
2021-07-06 00:00:00,1.18624,1.18666,1.18602,1.18606,0,SELL
2021-07-06 01:00:00,1.18608,1.18672,1.18585,1.18656,0,SELL
2021-07-06 02:00:00,1.18654,1.18722,1.18654,1.18718,0,SELL
2021-07-06 03:00:00,1.18717,1.18755,1.18705,1.18737,0,SELL
2021-07-06 04:00:00,1.18736,1.1876,1.187,1.18744,1,BUY
2021-07-06 05:00:00,1.18743,1.18832,1.1874,1.18828,1,BUY
2021-07-06 06:00:00,1.18827,1.18954,1.18805,1.18903,1,BUY
2021-07-06 07:00:00,1.18902,1.18925,1.18704,1.18721,1,BUY
2021-07-06 08:00:00,1.1872,1.1874,1.18426,1.18454,1,BUY
2021-07-06 09:00:00,1.18456,1.18511,1.18311,1.18402,0,SELL
2021-07-06 10:00:00,1.184,1.18466,1.18373,1.18398,0,SELL
2021-07-06 11:00:00,1.184,1.18466,1.1837,1.18402,0,SELL
2021-07-06 12:00:00,1.18401,1.18466,1.18333,1.18362,0,SELL
2021-07-06 13:00:00,1.1836,1.18377,1.18226,1.1833,0,SELL
2021-07-06 14:00:00,1.18332,1.18429,1.18206,1.18293,0,SELL
2021-07-06 15:00:00,1.18296,1.18309,1.18132,1.18168,0,SELL
2021-07-06 16:00:00,1.18167,1.18199,1.1807,1.18147,0,SELL
2021-07-06 17:00:00,1.18148,1.18238,1.18133,1.18234,0,SELL
2021-07-06 18:00:00,1.18232,1.1827,1.18216,1.18236,0,SELL
2021-07-06 19:00:00,1.18238,1.18281,1.18213,1.18223,0,SELL
2021-07-06 20:00:00,1.18224,1.18252,1.182,1.18231,0,SELL
2021-07-06 21:00:00,1.1824,1.18244,1.18187,1.18215,0,SELL
2021-07-06 22:00:00,1.18211,1.18224,1.1818,1.18201,0,SELL
2021-07-06 23:00:00,1.18199,1.1825,1.18194,1.18222,0,SELL
2021-07-07 00:00:00,1.18224,1.18236,1.18155,1.1821,0,SELL
2021-07-07 01:00:00,1.18209,1.18239,1.18176,1.18231,0,SELL
2021-07-07 02:00:00,1.18232,1.18252,1.18194,1.18198,0,SELL
2021-07-07 03:00:00,1.182,1.18252,1.18188,1.1825,0,SELL
2021-07-07 04:00:00,1.18248,1.1827,1.18186,1.18238,0,SELL
2021-07-07 05:00:00,1.18238,1.18346,1.18222,1.18306,0,SELL
2021-07-07 06:00:00,1.18304,1.1831,1.18218,1.1827,0,SELL
2021-07-07 07:00:00,1.18272,1.18299,1.1812,1.18256,0,SELL
2021-07-07 08:00:00,1.18254,1.18322,1.1815,1.18242,0,SELL
2021-07-07 09:00:00,1.1824,1.18306,1.18175,1.18288,0,SELL
2021-07-07 10:00:00,1.1829,1.18305,1.18187,1.18202,0,SELL
2021-07-07 11:00:00,1.18201,1.1826,1.1815,1.18226,0,SELL
2021-07-07 12:00:00,1.18224,1.18361,1.18126,1.18158,0,SELL
2021-07-07 13:00:00,1.18157,1.18185,1.18,1.1805,0,SELL
2021-07-07 14:00:00,1.18052,1.1806,1.17815,1.17988,0,SELL
2021-07-07 15:00:00,1.17986,1.18039,1.17919,1.18032,0,SELL
2021-07-07 16:00:00,1.18032,1.18058,1.17954,1.18002,0,SELL
2021-07-07 17:00:00,1.18004,1.18052,1.17984,1.18018,0,SELL
2021-07-07 18:00:00,1.18016,1.18204,1.17978,1.18056,0,SELL
2021-07-07 19:00:00,1.18053,1.18072,1.17921,1.17953,0,SELL
2021-07-07 20:00:00,1.17951,1.17966,1.17893,1.17911,0,SELL
2021-07-07 21:00:00,1.17908,1.17948,1.179,1.17939,0,SELL
2021-07-07 22:00:00,1.17936,1.17986,1.17934,1.17976,0,SELL
2021-07-07 23:00:00,1.17978,1.17991,1.17924,1.17931,0,SELL
2021-07-08 00:00:00,1.1793,1.17948,1.17896,1.17911,0,SELL
2021-07-08 01:00:00,1.17912,1.17953,1.17836,1.17852,0,SELL
2021-07-08 02:00:00,1.17854,1.17908,1.17844,1.17906,0,SELL
2021-07-08 03:00:00,1.17904,1.1793,1.17896,1.17922,0,SELL
2021-07-08 04:00:00,1.17923,1.17963,1.17916,1.17961,0,SELL
2021-07-08 05:00:00,1.1796,1.18067,1.17934,1.18057,0,SELL
2021-07-08 06:00:00,1.18056,1.1806,1.17923,1.17974,0,SELL
2021-07-08 07:00:00,1.17973,1.18208,1.17952,1.182,0,SELL
2021-07-08 08:00:00,1.18202,1.18253,1.181,1.18222,0,SELL
2021-07-08 09:00:00,1.18224,1.18356,1.18215,1.18336,0,SELL
2021-07-08 10:00:00,1.18337,1.18416,1.18248,1.18406,1,BUY
2021-07-08 11:00:00,1.18408,1.18456,1.18329,1.18342,1,BUY
2021-07-08 12:00:00,1.18343,1.18594,1.18334,1.18516,1,BUY
2021-07-08 13:00:00,1.18514,1.18648,1.18438,1.18582,1,BUY
2021-07-08 14:00:00,1.1858,1.1868,1.1853,1.18532,1,BUY
2021-07-08 15:00:00,1.1853,1.18599,1.18368,1.184,1,BUY
2021-07-08 16:00:00,1.18398,1.18449,1.18368,1.18446,1,BUY
2021-07-08 17:00:00,1.18448,1.18464,1.18364,1.18394,1,BUY
2021-07-08 18:00:00,1.18391,1.18424,1.18352,1.18394,1,BUY
2021-07-08 19:00:00,1.18393,1.18482,1.18391,1.1848,1,BUY
2021-07-08 20:00:00,1.18479,1.18486,1.18428,1.18461,1,BUY
2021-07-08 21:00:00,1.18444,1.18482,1.1842,1.18455,1,BUY
2021-07-08 22:00:00,1.18458,1.18491,1.18449,1.18453,1,BUY
2021-07-08 23:00:00,1.18454,1.1848,1.1841,1.18465,1,BUY
2021-07-09 00:00:00,1.18466,1.18501,1.18384,1.18408,1,BUY
2021-07-09 01:00:00,1.18406,1.18437,1.18362,1.18396,1,BUY
2021-07-09 02:00:00,1.18397,1.18399,1.1835,1.18365,1,BUY
2021-07-09 03:00:00,1.18367,1.18396,1.1834,1.18394,1,BUY
2021-07-09 04:00:00,1.18394,1.184,1.18316,1.18318,1,BUY
2021-07-09 05:00:00,1.1832,1.1836,1.18318,1.18346,0,SELL
2021-07-09 06:00:00,1.18348,1.18358,1.18252,1.18276,0,SELL
2021-07-09 07:00:00,1.18274,1.1843,1.1825,1.18403,0,SELL
2021-07-09 08:00:00,1.18402,1.18468,1.18317,1.18324,0,SELL
2021-07-09 09:00:00,1.18323,1.18556,1.18288,1.18552,0,SELL
2021-07-09 10:00:00,1.18554,1.1863,1.18546,1.1857,1,BUY
2021-07-09 11:00:00,1.18571,1.18639,1.18554,1.18558,1,BUY
2021-07-09 12:00:00,1.18557,1.18688,1.18556,1.18687,1,BUY
2021-07-09 13:00:00,1.18686,1.18706,1.18604,1.18664,1,BUY
2021-07-09 14:00:00,1.18662,1.1875,1.1861,1.18644,1,BUY
2021-07-09 15:00:00,1.18643,1.1866,1.18555,1.18602,1,BUY
2021-07-09 16:00:00,1.18601,1.18698,1.18599,1.18682,1,BUY
2021-07-09 17:00:00,1.18681,1.18733,1.18674,1.18732,1,BUY
2021-07-09 18:00:00,1.18732,1.18776,1.18719,1.18764,1,BUY
2021-07-09 19:00:00,1.18765,1.18802,1.18748,1.18798,1,BUY
2021-07-09 20:00:00,1.188,1.18814,1.18753,1.1877,1,BUY
2021-07-11 21:00:00,1.1876,1.1878,1.18731,1.18763,1,BUY
2021-07-11 22:00:00,1.18765,1.18772,1.1866,1.18756,1,BUY
2021-07-11 23:00:00,1.18758,1.18763,1.18701,1.18725,1,BUY
2021-07-12 00:00:00,1.18724,1.18764,1.18718,1.18754,1,BUY
2021-07-12 01:00:00,1.18756,1.18802,1.18697,1.187,1,BUY
2021-07-12 02:00:00,1.18699,1.18748,1.18688,1.18716,1,BUY
2021-07-12 03:00:00,1.18714,1.18731,1.18678,1.18694,1,BUY
2021-07-12 04:00:00,1.18695,1.18703,1.18654,1.18684,1,BUY
2021-07-12 05:00:00,1.18682,1.18702,1.18654,1.18675,1,BUY
2021-07-12 06:00:00,1.18676,1.18688,1.1856,1.18624,1,BUY
2021-07-12 07:00:00,1.18622,1.18794,1.1858,1.18775,1,BUY
2021-07-12 08:00:00,1.18774,1.188,1.18666,1.18708,1,BUY
2021-07-12 09:00:00,1.1871,1.18735,1.18484,1.18528,1,BUY
2021-07-12 10:00:00,1.1853,1.18568,1.18424,1.18452,1,BUY
2021-07-12 11:00:00,1.18454,1.18516,1.1836,1.1838,0,SELL
2021-07-12 12:00:00,1.1838,1.18568,1.18374,1.18532,0,SELL
2021-07-12 13:00:00,1.18533,1.18706,1.18508,1.18654,0,SELL
2021-07-12 14:00:00,1.18655,1.18744,1.18636,1.18674,0,SELL
2021-07-12 15:00:00,1.18673,1.1868,1.18511,1.18576,0,SELL
2021-07-12 16:00:00,1.18578,1.18606,1.18512,1.18574,0,SELL
2021-07-12 17:00:00,1.18575,1.18602,1.18552,1.18598,0,SELL
2021-07-12 18:00:00,1.18596,1.18609,1.18556,1.18581,1,BUY
2021-07-12 19:00:00,1.18582,1.18615,1.18554,1.18601,1,BUY
2021-07-12 20:00:00,1.18602,1.18622,1.18592,1.18604,1,BUY
2021-07-12 21:00:00,1.18602,1.18638,1.18602,1.18622,1,BUY
2021-07-12 22:00:00,1.18624,1.18654,1.18612,1.18629,1,BUY
2021-07-12 23:00:00,1.1863,1.18642,1.18587,1.18628,1,BUY
2021-07-13 00:00:00,1.18628,1.18686,1.18628,1.18666,1,BUY
2021-07-13 01:00:00,1.1867,1.18698,1.18622,1.18677,1,BUY
2021-07-13 02:00:00,1.18676,1.18741,1.18632,1.18734,1,BUY
2021-07-13 03:00:00,1.18732,1.18752,1.18694,1.18698,1,BUY
2021-07-13 04:00:00,1.18696,1.18706,1.1863,1.18638,1,BUY
2021-07-13 05:00:00,1.18639,1.18651,1.18557,1.18571,1,BUY
2021-07-13 06:00:00,1.18571,1.1865,1.1853,1.18538,1,BUY
2021-07-13 07:00:00,1.1854,1.18655,1.18468,1.18516,0,SELL
2021-07-13 08:00:00,1.18517,1.18517,1.18412,1.185,0,SELL
2021-07-13 09:00:00,1.18498,1.18499,1.18358,1.18427,0,SELL
2021-07-13 10:00:00,1.18426,1.18484,1.18377,1.18467,0,SELL
2021-07-13 11:00:00,1.18466,1.18468,1.18356,1.18396,0,SELL
2021-07-13 12:00:00,1.18394,1.18509,1.1794,1.17994,0,SELL
2021-07-13 13:00:00,1.17996,1.18263,1.17918,1.18212,0,SELL
2021-07-13 14:00:00,1.18212,1.1833,1.18116,1.18228,0,SELL
2021-07-13 15:00:00,1.18227,1.1826,1.18086,1.18122,0,SELL
2021-07-13 16:00:00,1.18122,1.18164,1.1803,1.18044,0,SELL
2021-07-13 17:00:00,1.18043,1.18044,1.17874,1.17878,0,SELL
2021-07-13 18:00:00,1.17876,1.17913,1.1782,1.17824,0,SELL
2021-07-13 19:00:00,1.17824,1.17842,1.17721,1.17739,0,SELL
2021-07-13 20:00:00,1.17738,1.17796,1.17736,1.17763,0,SELL
2021-07-13 21:00:00,1.17765,1.17822,1.17736,1.17782,0,SELL
2021-07-13 22:00:00,1.17788,1.17806,1.17766,1.17783,0,SELL
2021-07-13 23:00:00,1.17782,1.17793,1.17738,1.17749,0,SELL
2021-07-14 00:00:00,1.17747,1.17784,1.17719,1.17764,0,SELL
2021-07-14 01:00:00,1.17766,1.1783,1.17758,1.17813,0,SELL
2021-07-14 02:00:00,1.17814,1.17847,1.1778,1.1784,0,SELL
2021-07-14 03:00:00,1.17842,1.17854,1.1783,1.17836,0,SELL
2021-07-14 04:00:00,1.17835,1.17846,1.1781,1.17838,0,SELL
2021-07-14 05:00:00,1.17836,1.17904,1.17823,1.17888,0,SELL
2021-07-14 06:00:00,1.1789,1.1796,1.1786,1.17916,0,SELL
2021-07-14 07:00:00,1.17914,1.17972,1.17836,1.17839,0,SELL
2021-07-14 08:00:00,1.17842,1.17994,1.17801,1.17838,0,SELL
2021-07-14 09:00:00,1.17836,1.1794,1.1776,1.17936,0,SELL
2021-07-14 10:00:00,1.17938,1.18,1.17917,1.17976,0,SELL
2021-07-14 11:00:00,1.17977,1.18048,1.17971,1.18028,0,SELL
2021-07-14 12:00:00,1.18026,1.1828,1.18024,1.1822,0,SELL
2021-07-14 13:00:00,1.18222,1.18256,1.1813,1.18226,0,SELL
2021-07-14 14:00:00,1.18224,1.18283,1.18136,1.18198,0,SELL
2021-07-14 15:00:00,1.18196,1.1827,1.18174,1.18256,0,SELL
2021-07-14 16:00:00,1.18255,1.18354,1.18254,1.18325,1,BUY
2021-07-14 17:00:00,1.18324,1.18357,1.18255,1.1826,1,BUY
2021-07-14 18:00:00,1.18261,1.18335,1.18255,1.18301,1,BUY
2021-07-14 19:00:00,1.18302,1.18387,1.18297,1.18348,1,BUY
2021-07-14 20:00:00,1.18347,1.18388,1.18342,1.18364,1,BUY
2021-07-14 21:00:00,1.18378,1.18385,1.1836,1.1836,1,BUY
2021-07-14 22:00:00,1.18364,1.18382,1.18354,1.1836,1,BUY
2021-07-14 23:00:00,1.18362,1.18387,1.18328,1.18332,1,BUY
2021-07-15 00:00:00,1.18334,1.18362,1.18288,1.18336,1,BUY
2021-07-15 01:00:00,1.18338,1.18344,1.18248,1.1826,1,BUY
2021-07-15 02:00:00,1.18259,1.18276,1.18212,1.18236,1,BUY
2021-07-15 03:00:00,1.18235,1.18327,1.18234,1.18321,1,BUY
2021-07-15 04:00:00,1.1832,1.18348,1.18302,1.18309,0,SELL
2021-07-15 05:00:00,1.1831,1.18434,1.18309,1.18418,1,BUY
2021-07-15 06:00:00,1.1842,1.18466,1.18327,1.1835,1,BUY
2021-07-15 07:00:00,1.1835,1.1838,1.18258,1.18365,1,BUY
2021-07-15 08:00:00,1.18364,1.18508,1.1833,1.1849,1,BUY
2021-07-15 09:00:00,1.18488,1.18499,1.18404,1.18432,1,BUY
2021-07-15 10:00:00,1.18431,1.18442,1.18169,1.18175,1,BUY
2021-07-15 11:00:00,1.18176,1.18219,1.1808,1.18096,1,BUY
2021-07-15 12:00:00,1.18098,1.18156,1.18036,1.18066,0,SELL
2021-07-15 13:00:00,1.18066,1.18216,1.18048,1.18168,0,SELL
2021-07-15 14:00:00,1.18169,1.18236,1.18106,1.18179,0,SELL
2021-07-15 15:00:00,1.18177,1.18198,1.1805,1.18056,0,SELL
2021-07-15 16:00:00,1.18055,1.18072,1.18006,1.1803,0,SELL
2021-07-15 17:00:00,1.18028,1.18076,1.17962,1.18041,0,SELL
2021-07-15 18:00:00,1.1804,1.18074,1.18018,1.18072,0,SELL
2021-07-15 19:00:00,1.18074,1.18131,1.18062,1.18127,0,SELL
2021-07-15 20:00:00,1.18126,1.1813,1.18104,1.18106,0,SELL
2021-07-15 21:00:00,1.18106,1.18135,1.1809,1.1813,0,SELL
2021-07-15 22:00:00,1.18134,1.18152,1.18116,1.18138,0,SELL
2021-07-15 23:00:00,1.18136,1.18142,1.18101,1.18115,0,SELL
2021-07-16 00:00:00,1.18114,1.1817,1.18106,1.18116,0,SELL
2021-07-16 01:00:00,1.18117,1.1812,1.18021,1.18022,0,SELL
2021-07-16 02:00:00,1.18026,1.18082,1.18025,1.18079,0,SELL
2021-07-16 03:00:00,1.18078,1.18118,1.1807,1.18118,0,SELL
2021-07-16 04:00:00,1.18119,1.18126,1.18082,1.18096,0,SELL
2021-07-16 05:00:00,1.18098,1.18135,1.18082,1.18102,0,SELL
2021-07-16 06:00:00,1.18104,1.18113,1.18042,1.18102,0,SELL
2021-07-16 07:00:00,1.18104,1.18151,1.17971,1.18018,0,SELL
2021-07-16 08:00:00,1.18016,1.18196,1.17983,1.18181,0,SELL
2021-07-16 09:00:00,1.1818,1.18225,1.18135,1.18198,0,SELL
2021-07-16 10:00:00,1.18201,1.18202,1.18008,1.18022,0,SELL
2021-07-16 11:00:00,1.1802,1.18055,1.17922,1.17943,0,SELL
2021-07-16 12:00:00,1.17942,1.18054,1.1793,1.18019,0,SELL
2021-07-16 13:00:00,1.18018,1.18136,1.1797,1.18021,0,SELL
2021-07-16 14:00:00,1.1802,1.18096,1.17958,1.1809,0,SELL
2021-07-16 15:00:00,1.18088,1.1812,1.18032,1.18092,0,SELL
2021-07-16 16:00:00,1.18091,1.18144,1.18032,1.18112,0,SELL
2021-07-16 17:00:00,1.18114,1.1819,1.181,1.18112,0,SELL
2021-07-16 18:00:00,1.18114,1.18156,1.1807,1.18091,0,SELL
2021-07-16 19:00:00,1.1809,1.18097,1.18033,1.18033,0,SELL
2021-07-16 20:00:00,1.18034,1.18074,1.1803,1.18052,0,SELL
2021-07-18 21:00:00,1.181,1.18131,1.18085,1.18094,0,SELL
2021-07-18 22:00:00,1.18086,1.18099,1.18034,1.18098,0,SELL
2021-07-18 23:00:00,1.18096,1.18139,1.18093,1.18125,0,SELL
2021-07-19 00:00:00,1.18126,1.18138,1.18012,1.18021,0,SELL
2021-07-19 01:00:00,1.18022,1.18068,1.1798,1.18018,0,SELL
2021-07-19 02:00:00,1.18016,1.18048,1.18004,1.18036,0,SELL
2021-07-19 03:00:00,1.18035,1.18051,1.18022,1.18046,0,SELL
2021-07-19 04:00:00,1.18048,1.18086,1.18046,1.18062,0,SELL
2021-07-19 05:00:00,1.18061,1.18086,1.18014,1.18025,0,SELL
2021-07-19 06:00:00,1.18024,1.18047,1.17974,1.17974,0,SELL
2021-07-19 07:00:00,1.17975,1.17989,1.17781,1.17809,0,SELL
2021-07-19 08:00:00,1.17811,1.17838,1.17654,1.17733,0,SELL
2021-07-19 09:00:00,1.17732,1.17806,1.17655,1.17792,0,SELL
2021-07-19 10:00:00,1.1779,1.1783,1.1771,1.17763,0,SELL
2021-07-19 11:00:00,1.17765,1.17805,1.17684,1.17714,0,SELL
2021-07-19 12:00:00,1.17716,1.17887,1.17638,1.17869,0,SELL
2021-07-19 13:00:00,1.1787,1.1823,1.17838,1.1821,0,SELL
2021-07-19 14:00:00,1.18212,1.18246,1.18047,1.18056,0,SELL
2021-07-19 15:00:00,1.18055,1.18101,1.17945,1.18056,0,SELL
2021-07-19 16:00:00,1.18054,1.1807,1.17979,1.1799,0,SELL
2021-07-19 17:00:00,1.17991,1.18011,1.17934,1.17946,0,SELL
2021-07-19 18:00:00,1.17944,1.18026,1.17911,1.17916,0,SELL
2021-07-19 19:00:00,1.17917,1.17992,1.17915,1.17976,0,SELL
2021-07-19 20:00:00,1.17978,1.1801,1.17964,1.17986,0,SELL
2021-07-19 21:00:00,1.17997,1.18025,1.17958,1.17972,0,SELL
2021-07-19 22:00:00,1.17976,1.18005,1.1794,1.1794,0,SELL
2021-07-19 23:00:00,1.17942,1.17952,1.17917,1.1792,0,SELL
2021-07-20 00:00:00,1.17918,1.17995,1.17902,1.17949,0,SELL
2021-07-20 01:00:00,1.1795,1.17982,1.17918,1.17973,0,SELL
2021-07-20 02:00:00,1.17972,1.18022,1.17945,1.17946,0,SELL
2021-07-20 03:00:00,1.17948,1.17954,1.17901,1.17934,0,SELL
2021-07-20 04:00:00,1.17932,1.17932,1.17882,1.17888,0,SELL
2021-07-20 05:00:00,1.17886,1.17888,1.17802,1.17844,0,SELL
2021-07-20 06:00:00,1.17842,1.17854,1.17758,1.17782,0,SELL
2021-07-20 07:00:00,1.17781,1.17917,1.17722,1.17838,0,SELL
2021-07-20 08:00:00,1.17836,1.1795,1.17816,1.1788,0,SELL
2021-07-20 09:00:00,1.17878,1.18026,1.17872,1.17998,0,SELL
2021-07-20 10:00:00,1.17996,1.17998,1.17812,1.17822,0,SELL
2021-07-20 11:00:00,1.17822,1.17929,1.1776,1.17878,0,SELL
2021-07-20 12:00:00,1.17876,1.17884,1.1765,1.17726,0,SELL
2021-07-20 13:00:00,1.17726,1.17754,1.17556,1.17668,0,SELL
2021-07-20 14:00:00,1.17668,1.17807,1.17558,1.17645,0,SELL
2021-07-20 15:00:00,1.17642,1.17748,1.1756,1.17746,0,SELL
2021-07-20 16:00:00,1.17748,1.178,1.17713,1.17778,0,SELL
2021-07-20 17:00:00,1.1778,1.17829,1.1774,1.17791,0,SELL
2021-07-20 18:00:00,1.1779,1.17861,1.1778,1.17818,0,SELL
2021-07-20 19:00:00,1.1782,1.17848,1.17794,1.17825,0,SELL
2021-07-20 20:00:00,1.1782,1.17832,1.178,1.17808,0,SELL
2021-07-20 21:00:00,1.17808,1.17829,1.17792,1.17802,0,SELL
2021-07-20 22:00:00,1.17798,1.17832,1.17798,1.17827,0,SELL
2021-07-20 23:00:00,1.17828,1.17828,1.17781,1.17814,0,SELL
2021-07-21 00:00:00,1.17812,1.1783,1.17786,1.17798,0,SELL
2021-07-21 01:00:00,1.178,1.17805,1.1774,1.17755,0,SELL
2021-07-21 02:00:00,1.17753,1.17756,1.17702,1.17726,0,SELL
2021-07-21 03:00:00,1.17725,1.17772,1.17712,1.1775,0,SELL
2021-07-21 04:00:00,1.17749,1.17749,1.17712,1.17724,0,SELL
2021-07-21 05:00:00,1.17724,1.17762,1.17664,1.17671,0,SELL
2021-07-21 06:00:00,1.17669,1.1769,1.17604,1.17633,0,SELL
2021-07-21 07:00:00,1.17631,1.17638,1.17518,1.17612,0,SELL
2021-07-21 08:00:00,1.17614,1.17824,1.1754,1.17796,0,SELL
2021-07-21 09:00:00,1.17797,1.17804,1.1768,1.17734,0,SELL
2021-07-21 10:00:00,1.17734,1.17784,1.177,1.17721,0,SELL
2021-07-21 11:00:00,1.17722,1.17786,1.17678,1.17706,0,SELL
2021-07-21 12:00:00,1.17705,1.17725,1.17598,1.17661,0,SELL
2021-07-21 13:00:00,1.17656,1.17887,1.17623,1.17873,0,SELL
2021-07-21 14:00:00,1.17875,1.17984,1.17822,1.17898,0,SELL
2021-07-21 15:00:00,1.17895,1.18038,1.17862,1.17982,0,SELL
2021-07-21 16:00:00,1.1798,1.17988,1.17894,1.17934,1,BUY
2021-07-21 17:00:00,1.17934,1.18002,1.17917,1.17958,1,BUY
2021-07-21 18:00:00,1.1796,1.18008,1.17932,1.18003,1,BUY
2021-07-21 19:00:00,1.18002,1.18048,1.17986,1.18002,1,BUY
2021-07-21 20:00:00,1.18003,1.18004,1.17919,1.17948,1,BUY
2021-07-21 21:00:00,1.17932,1.18004,1.17896,1.17969,1,BUY
2021-07-21 22:00:00,1.17976,1.17976,1.17931,1.17931,1,BUY
2021-07-21 23:00:00,1.1793,1.17954,1.1791,1.17924,1,BUY
2021-07-22 00:00:00,1.17926,1.17944,1.17881,1.17884,1,BUY
2021-07-22 01:00:00,1.17885,1.17967,1.17867,1.17962,1,BUY
2021-07-22 02:00:00,1.17964,1.17986,1.17902,1.17903,0,SELL
2021-07-22 03:00:00,1.17902,1.17972,1.17902,1.1796,0,SELL
2021-07-22 04:00:00,1.17958,1.18002,1.17958,1.17971,0,SELL
2021-07-22 05:00:00,1.1797,1.17984,1.17926,1.17933,0,SELL
2021-07-22 06:00:00,1.17932,1.18013,1.17905,1.17948,1,BUY
2021-07-22 07:00:00,1.17948,1.1802,1.17934,1.17937,1,BUY
2021-07-22 08:00:00,1.17938,1.1798,1.17792,1.17967,1,BUY
2021-07-22 09:00:00,1.17966,1.17998,1.17926,1.17943,1,BUY
2021-07-22 10:00:00,1.17942,1.1797,1.1785,1.17916,1,BUY
2021-07-22 11:00:00,1.17915,1.18136,1.17824,1.17939,0,SELL
2021-07-22 12:00:00,1.17937,1.18008,1.17708,1.18,0,SELL
2021-07-22 13:00:00,1.17996,1.18306,1.17965,1.18158,1,BUY
2021-07-22 14:00:00,1.1816,1.18171,1.17826,1.17912,1,BUY
2021-07-22 15:00:00,1.1791,1.17922,1.17639,1.17672,0,SELL
2021-07-22 16:00:00,1.17673,1.17693,1.17574,1.17628,0,SELL
2021-07-22 17:00:00,1.17629,1.17664,1.17576,1.17627,0,SELL
2021-07-22 18:00:00,1.17624,1.17731,1.17623,1.17716,0,SELL
2021-07-22 19:00:00,1.17717,1.17762,1.177,1.17702,0,SELL
2021-07-22 20:00:00,1.17702,1.17714,1.17668,1.17713,0,SELL
2021-07-22 21:00:00,1.17702,1.1776,1.1764,1.17716,0,SELL
2021-07-22 22:00:00,1.17711,1.17764,1.17682,1.17728,0,SELL
2021-07-22 23:00:00,1.17732,1.17756,1.17713,1.17724,0,SELL
2021-07-23 00:00:00,1.17726,1.178,1.17724,1.1778,0,SELL
2021-07-23 01:00:00,1.17782,1.17805,1.1775,1.1775,0,SELL
2021-07-23 02:00:00,1.17752,1.17756,1.17708,1.17745,0,SELL
2021-07-23 03:00:00,1.17744,1.17761,1.17696,1.17698,0,SELL
2021-07-23 04:00:00,1.177,1.17706,1.17674,1.17679,0,SELL
2021-07-23 05:00:00,1.1768,1.17718,1.1764,1.17646,0,SELL
2021-07-23 06:00:00,1.17645,1.17745,1.1763,1.17718,0,SELL
2021-07-23 07:00:00,1.17716,1.17792,1.17644,1.17774,0,SELL
2021-07-23 08:00:00,1.17772,1.17866,1.17742,1.17746,0,SELL
2021-07-23 09:00:00,1.17744,1.17771,1.17621,1.17688,0,SELL
2021-07-23 10:00:00,1.1769,1.177,1.176,1.17638,0,SELL
2021-07-23 11:00:00,1.17636,1.1768,1.17544,1.17616,0,SELL
2021-07-23 12:00:00,1.17618,1.17811,1.17616,1.17797,0,SELL
2021-07-23 13:00:00,1.17798,1.17803,1.17602,1.17649,0,SELL
2021-07-23 14:00:00,1.17648,1.17657,1.17549,1.17622,0,SELL
2021-07-23 15:00:00,1.1762,1.1766,1.17582,1.176,0,SELL
2021-07-23 16:00:00,1.17598,1.17697,1.17598,1.17684,0,SELL
2021-07-23 17:00:00,1.17685,1.17738,1.17684,1.17704,0,SELL
2021-07-23 18:00:00,1.17702,1.1772,1.17691,1.17714,0,SELL
2021-07-23 19:00:00,1.17714,1.17761,1.17707,1.17718,0,SELL
2021-07-23 20:00:00,1.17716,1.17761,1.1769,1.17717,0,SELL
2021-07-25 21:00:00,1.17735,1.17749,1.17707,1.1774,0,SELL
2021-07-25 22:00:00,1.17734,1.17746,1.17693,1.17741,0,SELL
2021-07-25 23:00:00,1.1774,1.17745,1.17718,1.17732,0,SELL
2021-07-26 00:00:00,1.1773,1.17736,1.17635,1.17663,0,SELL
2021-07-26 01:00:00,1.17664,1.17726,1.17654,1.17711,0,SELL
2021-07-26 02:00:00,1.17712,1.17757,1.17712,1.17719,0,SELL
2021-07-26 03:00:00,1.1772,1.17786,1.17708,1.17785,0,SELL
2021-07-26 04:00:00,1.17786,1.17803,1.17764,1.17786,0,SELL
2021-07-26 05:00:00,1.17788,1.1785,1.17761,1.17834,0,SELL
2021-07-26 06:00:00,1.17832,1.17833,1.17708,1.1772,0,SELL
2021-07-26 07:00:00,1.17722,1.18005,1.1772,1.17836,0,SELL
2021-07-26 08:00:00,1.17834,1.17864,1.17672,1.1784,0,SELL
2021-07-26 09:00:00,1.1784,1.17995,1.17812,1.17971,1,BUY
2021-07-26 10:00:00,1.1797,1.17992,1.17916,1.1792,1,BUY
2021-07-26 11:00:00,1.1792,1.17976,1.17878,1.17928,1,BUY
2021-07-26 12:00:00,1.17929,1.17942,1.17792,1.17832,1,BUY
2021-07-26 13:00:00,1.1783,1.18116,1.178,1.18062,1,BUY
2021-07-26 14:00:00,1.1806,1.18174,1.18022,1.18079,1,BUY
2021-07-26 15:00:00,1.18078,1.1815,1.18066,1.181,1,BUY
2021-07-26 16:00:00,1.18099,1.18134,1.18068,1.18124,1,BUY
2021-07-26 17:00:00,1.18122,1.18134,1.18101,1.18106,1,BUY
2021-07-26 18:00:00,1.18108,1.1812,1.17999,1.17999,1,BUY
2021-07-26 19:00:00,1.18,1.18054,1.17992,1.18054,1,BUY
2021-07-26 20:00:00,1.18052,1.18074,1.18022,1.1803,1,BUY
2021-07-26 21:00:00,1.18034,1.1807,1.18024,1.18037,1,BUY
2021-07-26 22:00:00,1.1803,1.18034,1.17993,1.18005,1,BUY
2021-07-26 23:00:00,1.18003,1.18068,1.17999,1.18049,1,BUY
2021-07-27 00:00:00,1.18048,1.18123,1.18036,1.18085,1,BUY
2021-07-27 01:00:00,1.18084,1.1809,1.18022,1.18033,1,BUY
2021-07-27 02:00:00,1.18032,1.18064,1.18017,1.18061,1,BUY
2021-07-27 03:00:00,1.1806,1.18064,1.1801,1.18054,1,BUY
2021-07-27 04:00:00,1.18055,1.18066,1.18012,1.18024,1,BUY
2021-07-27 05:00:00,1.18022,1.18026,1.1799,1.18009,1,BUY
2021-07-27 06:00:00,1.18011,1.18011,1.1788,1.17882,1,BUY
2021-07-27 07:00:00,1.1788,1.17881,1.17752,1.17832,1,BUY
2021-07-27 08:00:00,1.1783,1.17834,1.17701,1.17776,0,SELL
2021-07-27 09:00:00,1.17777,1.17856,1.17744,1.17822,0,SELL
2021-07-27 10:00:00,1.1782,1.179,1.17764,1.17888,0,SELL
2021-07-27 11:00:00,1.17887,1.18002,1.1786,1.17986,0,SELL
2021-07-27 12:00:00,1.17988,1.18196,1.17987,1.18186,0,SELL
2021-07-27 13:00:00,1.18188,1.18264,1.18006,1.1813,1,BUY
2021-07-27 14:00:00,1.18132,1.18278,1.18062,1.18251,1,BUY
2021-07-27 15:00:00,1.18252,1.18371,1.18236,1.18306,1,BUY
2021-07-27 16:00:00,1.18308,1.18366,1.18272,1.18363,1,BUY
2021-07-27 17:00:00,1.18362,1.18412,1.18336,1.18342,1,BUY
2021-07-27 18:00:00,1.1834,1.18354,1.18228,1.18229,1,BUY
2021-07-27 19:00:00,1.18228,1.18233,1.18189,1.18217,1,BUY
2021-07-27 20:00:00,1.18216,1.18228,1.18152,1.18161,1,BUY
2021-07-27 21:00:00,1.18173,1.18215,1.18164,1.1819,1,BUY
2021-07-27 22:00:00,1.18194,1.18196,1.18136,1.18166,1,BUY
2021-07-27 23:00:00,1.18168,1.18214,1.18158,1.18204,1,BUY
2021-07-28 00:00:00,1.18206,1.1824,1.18125,1.18141,1,BUY
2021-07-28 01:00:00,1.18143,1.18236,1.18142,1.18222,1,BUY
2021-07-28 02:00:00,1.18221,1.1825,1.18178,1.1825,1,BUY
2021-07-28 03:00:00,1.18248,1.18276,1.18212,1.18215,1,BUY
2021-07-28 04:00:00,1.18213,1.18233,1.18198,1.18198,1,BUY
2021-07-28 05:00:00,1.18198,1.182,1.18146,1.1818,1,BUY
2021-07-28 06:00:00,1.1818,1.182,1.18032,1.18038,1,BUY
2021-07-28 07:00:00,1.18039,1.18124,1.18036,1.18073,1,BUY
2021-07-28 08:00:00,1.18072,1.18304,1.18022,1.1829,1,BUY
2021-07-28 09:00:00,1.18292,1.18292,1.18138,1.18154,1,BUY
2021-07-28 10:00:00,1.18155,1.18192,1.18014,1.18044,1,BUY
2021-07-28 11:00:00,1.18042,1.18123,1.17996,1.18102,1,BUY
2021-07-28 12:00:00,1.18104,1.18112,1.17918,1.17988,0,SELL
2021-07-28 13:00:00,1.17987,1.18036,1.17833,1.17866,0,SELL
2021-07-28 14:00:00,1.17866,1.18053,1.17847,1.17998,0,SELL
2021-07-28 15:00:00,1.17996,1.18116,1.17975,1.18094,0,SELL
2021-07-28 16:00:00,1.18092,1.18159,1.18069,1.18144,0,SELL
2021-07-28 17:00:00,1.18144,1.18184,1.18104,1.18118,0,SELL
2021-07-28 18:00:00,1.18122,1.18433,1.17722,1.18382,0,SELL
2021-07-28 19:00:00,1.18381,1.18492,1.18308,1.18474,1,BUY
2021-07-28 20:00:00,1.18474,1.18498,1.18422,1.18425,1,BUY
2021-07-28 21:00:00,1.18442,1.18464,1.18406,1.18444,1,BUY
2021-07-28 22:00:00,1.1844,1.18461,1.1843,1.18446,1,BUY
2021-07-28 23:00:00,1.18448,1.1847,1.18434,1.18456,1,BUY
2021-07-29 00:00:00,1.18458,1.18469,1.18407,1.18436,1,BUY
2021-07-29 01:00:00,1.18437,1.185,1.18418,1.18496,1,BUY
2021-07-29 02:00:00,1.18494,1.18577,1.18464,1.18546,1,BUY
2021-07-29 03:00:00,1.18547,1.18582,1.1851,1.18544,1,BUY
2021-07-29 04:00:00,1.18543,1.1859,1.18535,1.18564,1,BUY
2021-07-29 05:00:00,1.18565,1.186,1.18547,1.18556,1,BUY
2021-07-29 06:00:00,1.18557,1.18637,1.18502,1.18524,1,BUY
2021-07-29 07:00:00,1.18525,1.187,1.18518,1.18686,1,BUY
2021-07-29 08:00:00,1.18684,1.18797,1.18647,1.18766,1,BUY
2021-07-29 09:00:00,1.18765,1.1878,1.18694,1.18744,1,BUY
2021-07-29 10:00:00,1.18743,1.18802,1.18724,1.18752,1,BUY
2021-07-29 11:00:00,1.18754,1.1877,1.187,1.18715,1,BUY
2021-07-29 12:00:00,1.18714,1.18854,1.1871,1.18843,1,BUY
2021-07-29 13:00:00,1.18841,1.18852,1.18758,1.18846,1,BUY
2021-07-29 14:00:00,1.18848,1.18893,1.18771,1.18857,1,BUY
2021-07-29 15:00:00,1.18858,1.18911,1.18817,1.18858,1,BUY
2021-07-29 16:00:00,1.18858,1.1886,1.18785,1.18848,1,BUY
2021-07-29 17:00:00,1.18846,1.18878,1.188,1.1887,1,BUY
2021-07-29 18:00:00,1.1887,1.18914,1.18859,1.18914,1,BUY
2021-07-29 19:00:00,1.18913,1.18928,1.18873,1.18881,1,BUY
2021-07-29 20:00:00,1.18882,1.1889,1.18848,1.1887,1,BUY
2021-07-29 21:00:00,1.18885,1.18898,1.18823,1.18886,1,BUY
2021-07-29 22:00:00,1.18874,1.18912,1.18866,1.18906,1,BUY
2021-07-29 23:00:00,1.18908,1.18944,1.18897,1.18904,1,BUY
2021-07-30 00:00:00,1.18902,1.18919,1.18813,1.18816,1,BUY
2021-07-30 01:00:00,1.18817,1.18846,1.18793,1.18823,1,BUY
2021-07-30 02:00:00,1.18825,1.18846,1.18788,1.18808,1,BUY
2021-07-30 03:00:00,1.18807,1.18833,1.18776,1.18785,1,BUY
2021-07-30 04:00:00,1.18784,1.18814,1.18776,1.18785,1,BUY
2021-07-30 05:00:00,1.18784,1.18798,1.18753,1.18784,1,BUY
2021-07-30 06:00:00,1.18787,1.1886,1.1875,1.18858,1,BUY
2021-07-30 07:00:00,1.18856,1.18956,1.18842,1.18954,1,BUY
2021-07-30 08:00:00,1.18954,1.1908,1.1893,1.19067,1,BUY
2021-07-30 09:00:00,1.19068,1.19088,1.18958,1.1897,1,BUY
2021-07-30 10:00:00,1.18972,1.19032,1.18843,1.19012,1,BUY
2021-07-30 11:00:00,1.1901,1.19048,1.18822,1.18836,1,BUY
2021-07-30 12:00:00,1.18837,1.18974,1.18774,1.18792,1,BUY
2021-07-30 13:00:00,1.18793,1.18866,1.18749,1.18782,1,BUY
2021-07-30 14:00:00,1.1878,1.18828,1.18516,1.1859,1,BUY
2021-07-30 15:00:00,1.18589,1.18658,1.18554,1.18642,1,BUY
2021-07-30 16:00:00,1.1864,1.1864,1.18586,1.1859,0,SELL
2021-07-30 17:00:00,1.18592,1.18628,1.18555,1.18614,0,SELL
2021-07-30 18:00:00,1.18615,1.18629,1.18538,1.18562,0,SELL
2021-07-30 19:00:00,1.18561,1.18642,1.18548,1.18622,0,SELL
2021-07-30 20:00:00,1.18621,1.18767,1.18604,1.18671,0,SELL
2021-08-01 21:00:00,1.18623,1.18702,1.18623,1.18655,0,SELL
2021-08-01 22:00:00,1.18659,1.18697,1.18634,1.18683,0,SELL
2021-08-01 23:00:00,1.18684,1.18684,1.18624,1.18662,0,SELL
2021-08-02 00:00:00,1.1866,1.18712,1.18626,1.18691,0,SELL
2021-08-02 01:00:00,1.18692,1.187,1.1861,1.18634,0,SELL
2021-08-02 02:00:00,1.18634,1.18716,1.1859,1.18714,1,BUY
2021-08-02 03:00:00,1.18716,1.18729,1.1869,1.18714,1,BUY
2021-08-02 04:00:00,1.18716,1.18736,1.18704,1.18706,1,BUY
2021-08-02 05:00:00,1.18705,1.18754,1.18662,1.18721,1,BUY
2021-08-02 06:00:00,1.18721,1.18842,1.18644,1.18826,1,BUY
2021-08-02 07:00:00,1.18828,1.18874,1.18787,1.18813,1,BUY
2021-08-02 08:00:00,1.18814,1.18885,1.18784,1.18848,1,BUY
2021-08-02 09:00:00,1.18849,1.18958,1.18813,1.18955,1,BUY
2021-08-02 10:00:00,1.18956,1.18971,1.18868,1.18908,1,BUY
2021-08-02 11:00:00,1.18908,1.1893,1.18807,1.18899,1,BUY
2021-08-02 12:00:00,1.189,1.18905,1.18715,1.1873,1,BUY
2021-08-02 13:00:00,1.1873,1.18879,1.18726,1.18808,1,BUY
2021-08-02 14:00:00,1.18808,1.18892,1.1876,1.18786,1,BUY
2021-08-02 15:00:00,1.18787,1.1886,1.18723,1.1873,1,BUY
2021-08-02 16:00:00,1.18728,1.18732,1.18666,1.18696,1,BUY
2021-08-02 17:00:00,1.18698,1.187,1.18652,1.18682,0,SELL
2021-08-02 18:00:00,1.18684,1.1874,1.18672,1.18738,0,SELL
2021-08-02 19:00:00,1.1874,1.1875,1.18662,1.1871,0,SELL
2021-08-02 20:00:00,1.18712,1.18729,1.18688,1.1872,0,SELL
2021-08-02 21:00:00,1.18694,1.18742,1.1869,1.18716,0,SELL
2021-08-02 22:00:00,1.1871,1.18761,1.18708,1.18739,0,SELL
2021-08-02 23:00:00,1.1874,1.1875,1.18722,1.18741,0,SELL
2021-08-03 00:00:00,1.18742,1.18786,1.18704,1.18718,0,SELL
2021-08-03 01:00:00,1.1872,1.18762,1.18682,1.18749,0,SELL
2021-08-03 02:00:00,1.1875,1.1877,1.18702,1.18709,0,SELL
2021-08-03 03:00:00,1.18708,1.18758,1.18704,1.18746,0,SELL
2021-08-03 04:00:00,1.18746,1.18826,1.18744,1.18802,1,BUY
2021-08-03 05:00:00,1.18804,1.18818,1.18726,1.1875,1,BUY
2021-08-03 06:00:00,1.18748,1.18793,1.18711,1.1873,1,BUY
2021-08-03 07:00:00,1.1873,1.1884,1.18726,1.18783,1,BUY
2021-08-03 08:00:00,1.18784,1.18854,1.18738,1.18839,1,BUY
2021-08-03 09:00:00,1.18838,1.18868,1.1879,1.18848,1,BUY
2021-08-03 10:00:00,1.18846,1.18922,1.18814,1.18877,1,BUY
2021-08-03 11:00:00,1.18878,1.18934,1.18848,1.18926,1,BUY
2021-08-03 12:00:00,1.18927,1.18927,1.18804,1.1886,1,BUY
2021-08-03 13:00:00,1.18862,1.18876,1.18616,1.18694,1,BUY
2021-08-03 14:00:00,1.18692,1.1876,1.18579,1.1859,1,BUY
2021-08-03 15:00:00,1.18588,1.18638,1.18536,1.18587,0,SELL
2021-08-03 16:00:00,1.18586,1.18689,1.18579,1.18684,0,SELL
2021-08-03 17:00:00,1.18686,1.187,1.18612,1.18637,0,SELL
2021-08-03 18:00:00,1.18638,1.18662,1.18616,1.18626,0,SELL
2021-08-03 19:00:00,1.18628,1.18678,1.18628,1.1866,0,SELL
2021-08-03 20:00:00,1.18662,1.18664,1.18613,1.18649,0,SELL
2021-08-03 21:00:00,1.18641,1.18641,1.18606,1.18634,0,SELL
2021-08-03 22:00:00,1.18638,1.18696,1.1863,1.18695,0,SELL
2021-08-03 23:00:00,1.18694,1.18703,1.18676,1.18696,0,SELL
2021-08-04 00:00:00,1.18694,1.18694,1.18606,1.1862,0,SELL
2021-08-04 01:00:00,1.18621,1.18713,1.18618,1.18705,0,SELL
2021-08-04 02:00:00,1.18707,1.18738,1.18662,1.18734,0,SELL
2021-08-04 03:00:00,1.18735,1.18756,1.18726,1.18736,0,SELL
2021-08-04 04:00:00,1.18736,1.18742,1.18696,1.18715,0,SELL
2021-08-04 05:00:00,1.18716,1.18758,1.18694,1.18719,0,SELL
2021-08-04 06:00:00,1.18718,1.18797,1.18688,1.18788,0,SELL
2021-08-04 07:00:00,1.18788,1.18799,1.18692,1.1877,1,BUY
2021-08-04 08:00:00,1.18768,1.18774,1.1842,1.18509,0,SELL
2021-08-04 09:00:00,1.18508,1.1859,1.18482,1.1859,0,SELL
2021-08-04 10:00:00,1.18588,1.18606,1.18544,1.18563,0,SELL
2021-08-04 11:00:00,1.18564,1.1866,1.18534,1.18636,0,SELL
2021-08-04 12:00:00,1.18634,1.18898,1.18602,1.18891,0,SELL
2021-08-04 13:00:00,1.18892,1.18998,1.18866,1.18927,0,SELL
2021-08-04 14:00:00,1.18926,1.18931,1.18364,1.18432,0,SELL
2021-08-04 15:00:00,1.18431,1.18476,1.18328,1.18422,0,SELL
2021-08-04 16:00:00,1.18424,1.18428,1.18352,1.1838,0,SELL
2021-08-04 17:00:00,1.18381,1.18418,1.18355,1.18394,0,SELL
2021-08-04 18:00:00,1.18395,1.18426,1.18356,1.18388,0,SELL
2021-08-04 19:00:00,1.1839,1.18412,1.18362,1.18379,0,SELL
2021-08-04 20:00:00,1.1838,1.18394,1.18355,1.18368,0,SELL
2021-08-04 21:00:00,1.1837,1.18375,1.18338,1.18366,0,SELL
2021-08-04 22:00:00,1.18372,1.18395,1.18364,1.18382,0,SELL
2021-08-04 23:00:00,1.18383,1.18388,1.1837,1.18376,0,SELL
2021-08-05 00:00:00,1.18375,1.18388,1.18316,1.1832,0,SELL
2021-08-05 01:00:00,1.18322,1.18392,1.18317,1.1836,0,SELL
2021-08-05 02:00:00,1.18358,1.18371,1.18322,1.1836,0,SELL
2021-08-05 03:00:00,1.18359,1.18371,1.18328,1.18341,0,SELL
2021-08-05 04:00:00,1.18342,1.18372,1.18338,1.18363,0,SELL
2021-08-05 05:00:00,1.18362,1.18384,1.18341,1.18366,0,SELL
2021-08-05 06:00:00,1.18366,1.18398,1.18302,1.18379,0,SELL
2021-08-05 07:00:00,1.18378,1.18498,1.1836,1.1849,0,SELL
2021-08-05 08:00:00,1.18488,1.18496,1.18298,1.18372,0,SELL
2021-08-05 09:00:00,1.18371,1.18432,1.1828,1.18324,0,SELL
2021-08-05 10:00:00,1.18326,1.18469,1.18326,1.18462,0,SELL
2021-08-05 11:00:00,1.1846,1.1857,1.18426,1.18554,0,SELL
2021-08-05 12:00:00,1.18552,1.18574,1.18334,1.18358,0,SELL
2021-08-05 13:00:00,1.1836,1.18478,1.1832,1.18384,0,SELL
2021-08-05 14:00:00,1.18384,1.18514,1.18339,1.18391,0,SELL
2021-08-05 15:00:00,1.18392,1.18462,1.18344,1.18373,0,SELL
2021-08-05 16:00:00,1.18374,1.18417,1.18356,1.18388,0,SELL
2021-08-05 17:00:00,1.1839,1.184,1.18316,1.18356,0,SELL
2021-08-05 18:00:00,1.18354,1.18388,1.18312,1.18358,0,SELL
2021-08-05 19:00:00,1.18359,1.1837,1.18311,1.1836,0,SELL
2021-08-05 20:00:00,1.18361,1.18361,1.18308,1.18324,0,SELL
2021-08-05 21:00:00,1.18346,1.18359,1.18324,1.18343,0,SELL
2021-08-05 22:00:00,1.18348,1.18355,1.18316,1.18324,0,SELL
2021-08-05 23:00:00,1.18322,1.18344,1.1832,1.18333,0,SELL
2021-08-06 00:00:00,1.18332,1.18335,1.18251,1.18254,0,SELL
2021-08-06 01:00:00,1.18256,1.18278,1.1824,1.1826,0,SELL
2021-08-06 02:00:00,1.18262,1.18266,1.182,1.18215,0,SELL
2021-08-06 03:00:00,1.18214,1.18248,1.18186,1.18233,0,SELL
2021-08-06 04:00:00,1.18232,1.18259,1.18196,1.18255,0,SELL
2021-08-06 05:00:00,1.18256,1.1827,1.18228,1.18248,0,SELL
2021-08-06 06:00:00,1.18245,1.18295,1.18218,1.18281,0,SELL
2021-08-06 07:00:00,1.18282,1.183,1.18192,1.18242,0,SELL
2021-08-06 08:00:00,1.18241,1.18246,1.18074,1.1811,0,SELL
2021-08-06 09:00:00,1.18112,1.18128,1.1805,1.181,0,SELL
2021-08-06 10:00:00,1.18098,1.18127,1.18044,1.18048,0,SELL
2021-08-06 11:00:00,1.18048,1.18083,1.18006,1.18071,0,SELL
2021-08-06 12:00:00,1.18072,1.18087,1.17764,1.17844,0,SELL
2021-08-06 13:00:00,1.17842,1.17883,1.17676,1.17741,0,SELL
2021-08-06 14:00:00,1.17744,1.17758,1.1755,1.17613,0,SELL
2021-08-06 15:00:00,1.17612,1.17662,1.17578,1.17604,0,SELL
2021-08-06 16:00:00,1.17605,1.17616,1.17544,1.17562,0,SELL
2021-08-06 17:00:00,1.1756,1.17612,1.1756,1.17601,0,SELL
2021-08-06 18:00:00,1.17603,1.17636,1.1757,1.17572,0,SELL
2021-08-06 19:00:00,1.17574,1.17614,1.17573,1.17595,0,SELL
2021-08-06 20:00:00,1.17597,1.17646,1.17565,1.17616,0,SELL
2021-08-08 21:00:00,1.17643,1.17643,1.17595,1.17595,0,SELL
2021-08-08 22:00:00,1.176,1.17622,1.17508,1.17544,0,SELL
2021-08-08 23:00:00,1.17546,1.17552,1.17425,1.17478,0,SELL
2021-08-09 00:00:00,1.17479,1.17508,1.17426,1.17508,0,SELL
2021-08-09 01:00:00,1.17509,1.17586,1.17508,1.1754,0,SELL
2021-08-09 02:00:00,1.17538,1.17609,1.17532,1.17602,0,SELL
2021-08-09 03:00:00,1.17601,1.17608,1.1758,1.17592,0,SELL
2021-08-09 04:00:00,1.1759,1.17638,1.17577,1.17633,0,SELL
2021-08-09 05:00:00,1.17632,1.17647,1.17579,1.17582,0,SELL
2021-08-09 06:00:00,1.1758,1.17666,1.17565,1.1759,0,SELL
2021-08-09 07:00:00,1.17588,1.17656,1.17547,1.17578,0,SELL
2021-08-09 08:00:00,1.17578,1.17643,1.17501,1.17548,0,SELL
2021-08-09 09:00:00,1.17549,1.1763,1.17526,1.17613,0,SELL
2021-08-09 10:00:00,1.17612,1.17632,1.17519,1.17536,0,SELL
2021-08-09 11:00:00,1.17536,1.17656,1.17526,1.17628,0,SELL
2021-08-09 12:00:00,1.17627,1.1769,1.17591,1.1761,0,SELL
2021-08-09 13:00:00,1.17608,1.1767,1.17566,1.17613,0,SELL
2021-08-09 14:00:00,1.17615,1.1764,1.17436,1.17444,0,SELL
2021-08-09 15:00:00,1.17442,1.17536,1.17406,1.17483,0,SELL
2021-08-09 16:00:00,1.17482,1.17488,1.17406,1.17422,0,SELL
2021-08-09 17:00:00,1.17421,1.17448,1.17374,1.17434,0,SELL
2021-08-09 18:00:00,1.17436,1.17487,1.17401,1.17404,0,SELL
2021-08-09 19:00:00,1.17406,1.1742,1.17348,1.17352,0,SELL
2021-08-09 20:00:00,1.17352,1.17379,1.1735,1.17358,0,SELL
2021-08-09 21:00:00,1.17366,1.17389,1.17352,1.17385,0,SELL
2021-08-09 22:00:00,1.17388,1.17388,1.17362,1.17372,0,SELL
2021-08-09 23:00:00,1.1737,1.17376,1.17352,1.17362,0,SELL
2021-08-10 00:00:00,1.1736,1.17382,1.17324,1.17376,0,SELL
2021-08-10 01:00:00,1.17378,1.17394,1.17321,1.1733,0,SELL
2021-08-10 02:00:00,1.17328,1.17392,1.17322,1.17382,0,SELL
2021-08-10 03:00:00,1.1738,1.174,1.17361,1.17391,0,SELL
2021-08-10 04:00:00,1.1739,1.17396,1.17359,1.17384,0,SELL
2021-08-10 05:00:00,1.17383,1.17418,1.17372,1.17374,0,SELL
2021-08-10 06:00:00,1.17376,1.17428,1.17327,1.17388,0,SELL
2021-08-10 07:00:00,1.17386,1.17408,1.17262,1.17316,0,SELL
2021-08-10 08:00:00,1.17318,1.17392,1.17278,1.17322,0,SELL
2021-08-10 09:00:00,1.1732,1.1732,1.17224,1.17237,0,SELL
2021-08-10 10:00:00,1.17236,1.17281,1.17162,1.17264,0,SELL
2021-08-10 11:00:00,1.17266,1.17276,1.17178,1.17224,0,SELL
2021-08-10 12:00:00,1.17225,1.17251,1.1716,1.17162,0,SELL
2021-08-10 13:00:00,1.1716,1.17203,1.17108,1.17164,0,SELL
2021-08-10 14:00:00,1.17163,1.1722,1.17094,1.172,0,SELL
2021-08-10 15:00:00,1.17197,1.17248,1.17174,1.17206,0,SELL
2021-08-10 16:00:00,1.17205,1.1722,1.17156,1.17158,0,SELL
2021-08-10 17:00:00,1.17159,1.17192,1.17144,1.17184,0,SELL
2021-08-10 18:00:00,1.17184,1.17237,1.17174,1.17226,0,SELL
2021-08-10 19:00:00,1.17224,1.17226,1.17178,1.17186,0,SELL
2021-08-10 20:00:00,1.17188,1.17212,1.17168,1.17206,0,SELL
2021-08-10 21:00:00,1.17198,1.17208,1.17186,1.17193,0,SELL
2021-08-10 22:00:00,1.17186,1.17218,1.17186,1.17216,0,SELL
2021-08-10 23:00:00,1.17218,1.17222,1.17194,1.17196,0,SELL
2021-08-11 00:00:00,1.17198,1.172,1.1713,1.17132,0,SELL
2021-08-11 01:00:00,1.1713,1.17213,1.17118,1.17212,0,SELL
2021-08-11 02:00:00,1.17211,1.17254,1.17197,1.17252,0,SELL
2021-08-11 03:00:00,1.17251,1.17256,1.17179,1.17186,0,SELL
2021-08-11 04:00:00,1.17184,1.17206,1.17172,1.17182,0,SELL
2021-08-11 05:00:00,1.17184,1.17213,1.17154,1.17174,0,SELL
2021-08-11 06:00:00,1.17172,1.17178,1.17074,1.17094,0,SELL
2021-08-11 07:00:00,1.17092,1.17148,1.1706,1.17128,0,SELL
2021-08-11 08:00:00,1.17126,1.17185,1.17092,1.17126,0,SELL
2021-08-11 09:00:00,1.17127,1.17166,1.17098,1.17107,0,SELL
2021-08-11 10:00:00,1.17106,1.17169,1.17086,1.17146,0,SELL
2021-08-11 11:00:00,1.17144,1.1718,1.17098,1.17156,0,SELL
2021-08-11 12:00:00,1.17158,1.17494,1.17131,1.17368,0,SELL
2021-08-11 13:00:00,1.17367,1.17469,1.17258,1.17342,0,SELL
2021-08-11 14:00:00,1.17342,1.17411,1.17292,1.17392,0,SELL
2021-08-11 15:00:00,1.1739,1.17418,1.17331,1.17369,0,SELL
2021-08-11 16:00:00,1.17368,1.17486,1.17341,1.17484,0,SELL
2021-08-11 17:00:00,1.17485,1.1754,1.17442,1.17473,1,BUY
2021-08-11 18:00:00,1.17474,1.1748,1.17383,1.17385,1,BUY
2021-08-11 19:00:00,1.17386,1.17425,1.1738,1.17423,1,BUY
2021-08-11 20:00:00,1.17422,1.17424,1.1739,1.17395,1,BUY
2021-08-11 21:00:00,1.17392,1.17426,1.17382,1.17416,1,BUY
2021-08-11 22:00:00,1.17424,1.17429,1.17388,1.17418,1,BUY
2021-08-11 23:00:00,1.17417,1.17424,1.17395,1.17418,1,BUY
2021-08-12 00:00:00,1.17416,1.17449,1.17377,1.17403,0,SELL
2021-08-12 01:00:00,1.17404,1.17415,1.17376,1.174,0,SELL
2021-08-12 02:00:00,1.17399,1.17418,1.17345,1.17392,0,SELL
2021-08-12 03:00:00,1.17394,1.1745,1.17393,1.17444,0,SELL
2021-08-12 04:00:00,1.17446,1.17459,1.17392,1.174,0,SELL
2021-08-12 05:00:00,1.17401,1.17453,1.17398,1.17415,0,SELL
2021-08-12 06:00:00,1.17414,1.17446,1.1735,1.17358,0,SELL
2021-08-12 07:00:00,1.17356,1.17432,1.17328,1.17418,0,SELL
2021-08-12 08:00:00,1.1742,1.17483,1.17373,1.17466,0,SELL
2021-08-12 09:00:00,1.17468,1.17474,1.1741,1.17417,0,SELL
2021-08-12 10:00:00,1.17418,1.17424,1.1734,1.17358,0,SELL
2021-08-12 11:00:00,1.17357,1.17404,1.17323,1.17384,0,SELL
2021-08-12 12:00:00,1.17382,1.17414,1.17273,1.174,0,SELL
2021-08-12 13:00:00,1.17398,1.174,1.17238,1.17294,0,SELL
2021-08-12 14:00:00,1.17295,1.17348,1.17238,1.17296,0,SELL
2021-08-12 15:00:00,1.17298,1.17362,1.1727,1.1735,0,SELL
2021-08-12 16:00:00,1.1735,1.17426,1.1734,1.17382,0,SELL
2021-08-12 17:00:00,1.1738,1.17427,1.17345,1.1738,0,SELL
2021-08-12 18:00:00,1.1738,1.17388,1.17299,1.17301,0,SELL
2021-08-12 19:00:00,1.173,1.1737,1.173,1.17354,0,SELL
2021-08-12 20:00:00,1.17352,1.17356,1.17296,1.17297,0,SELL
2021-08-12 21:00:00,1.17306,1.17326,1.17302,1.17314,0,SELL
2021-08-12 22:00:00,1.17316,1.17366,1.17309,1.17364,0,SELL
2021-08-12 23:00:00,1.17366,1.17388,1.1735,1.17358,0,SELL
2021-08-13 00:00:00,1.1736,1.17365,1.17328,1.17362,0,SELL
2021-08-13 01:00:00,1.17361,1.17409,1.17345,1.17395,0,SELL
2021-08-13 02:00:00,1.17396,1.17426,1.1739,1.17409,0,SELL
2021-08-13 03:00:00,1.17408,1.17416,1.17382,1.17396,0,SELL
2021-08-13 04:00:00,1.17398,1.17412,1.17383,1.17391,0,SELL
2021-08-13 05:00:00,1.1739,1.17396,1.1736,1.17369,0,SELL
2021-08-13 06:00:00,1.17368,1.17385,1.1732,1.17331,0,SELL
2021-08-13 07:00:00,1.1733,1.17386,1.17304,1.17348,0,SELL
2021-08-13 08:00:00,1.1735,1.1743,1.17341,1.17424,0,SELL
2021-08-13 09:00:00,1.17426,1.17494,1.17404,1.17494,0,SELL
2021-08-13 10:00:00,1.17496,1.17515,1.17462,1.17488,1,BUY
2021-08-13 11:00:00,1.1749,1.17631,1.17481,1.17596,1,BUY
2021-08-13 12:00:00,1.17597,1.1769,1.17595,1.17659,1,BUY
2021-08-13 13:00:00,1.1766,1.17732,1.17639,1.17658,1,BUY
2021-08-13 14:00:00,1.17659,1.17959,1.17647,1.17919,1,BUY
2021-08-13 15:00:00,1.1792,1.1801,1.17894,1.17957,1,BUY
2021-08-13 16:00:00,1.17958,1.18049,1.17956,1.18002,1,BUY
2021-08-13 17:00:00,1.18003,1.1801,1.17976,1.17992,1,BUY
2021-08-13 18:00:00,1.17992,1.18004,1.17924,1.17958,1,BUY
2021-08-13 19:00:00,1.17957,1.17989,1.17937,1.17981,1,BUY
2021-08-13 20:00:00,1.1798,1.17982,1.17946,1.17954,1,BUY
2021-08-15 21:00:00,1.17961,1.17965,1.17945,1.17945,1,BUY
2021-08-15 22:00:00,1.17948,1.18012,1.17918,1.17936,1,BUY
2021-08-15 23:00:00,1.17938,1.17961,1.1792,1.17942,1,BUY
2021-08-16 00:00:00,1.1794,1.17976,1.1793,1.17958,1,BUY
2021-08-16 01:00:00,1.17956,1.18008,1.17946,1.1798,1,BUY
2021-08-16 02:00:00,1.17978,1.18003,1.1796,1.17962,1,BUY
2021-08-16 03:00:00,1.17964,1.17964,1.179,1.17902,1,BUY
2021-08-16 04:00:00,1.17901,1.17942,1.17899,1.17938,1,BUY
2021-08-16 05:00:00,1.17936,1.1794,1.17866,1.17866,1,BUY
2021-08-16 06:00:00,1.17866,1.1793,1.17826,1.17854,1,BUY
2021-08-16 07:00:00,1.17856,1.17927,1.17787,1.17808,1,BUY
2021-08-16 08:00:00,1.1781,1.17909,1.178,1.17872,1,BUY
2021-08-16 09:00:00,1.17872,1.1788,1.17778,1.17818,1,BUY
2021-08-16 10:00:00,1.1782,1.17866,1.17788,1.17816,1,BUY
2021-08-16 11:00:00,1.17817,1.1783,1.17675,1.17682,1,BUY
2021-08-16 12:00:00,1.17683,1.17778,1.17682,1.17774,1,BUY
2021-08-16 13:00:00,1.17772,1.17872,1.17724,1.17748,1,BUY
2021-08-16 14:00:00,1.17747,1.17905,1.1773,1.17878,1,BUY
2021-08-16 15:00:00,1.17876,1.17894,1.1775,1.1775,1,BUY
2021-08-16 16:00:00,1.17752,1.17807,1.1774,1.17754,1,BUY
2021-08-16 17:00:00,1.17752,1.17776,1.17746,1.17772,1,BUY
2021-08-16 18:00:00,1.17774,1.17782,1.17747,1.17754,1,BUY
2021-08-16 19:00:00,1.17756,1.17796,1.17752,1.17781,1,BUY
2021-08-16 20:00:00,1.17782,1.17788,1.17754,1.17765,1,BUY
2021-08-16 21:00:00,1.17786,1.17791,1.17732,1.17779,1,BUY
2021-08-16 22:00:00,1.17782,1.1779,1.17769,1.17788,1,BUY
2021-08-16 23:00:00,1.1779,1.17805,1.17775,1.17778,1,BUY
2021-08-17 00:00:00,1.17777,1.17778,1.17724,1.1774,1,BUY
2021-08-17 01:00:00,1.17738,1.17768,1.17696,1.17737,1,BUY
2021-08-17 02:00:00,1.17738,1.1775,1.17694,1.17724,1,BUY
2021-08-17 03:00:00,1.17722,1.17725,1.17669,1.17683,0,SELL
2021-08-17 04:00:00,1.17685,1.17704,1.17672,1.17686,0,SELL
2021-08-17 05:00:00,1.17686,1.17734,1.17686,1.17702,0,SELL
2021-08-17 06:00:00,1.17704,1.1771,1.17603,1.17614,0,SELL
2021-08-17 07:00:00,1.17613,1.17747,1.17603,1.17723,0,SELL
2021-08-17 08:00:00,1.17724,1.17849,1.17702,1.17773,0,SELL
2021-08-17 09:00:00,1.17774,1.17776,1.17642,1.17716,0,SELL
2021-08-17 10:00:00,1.17717,1.17756,1.17645,1.17668,0,SELL
2021-08-17 11:00:00,1.17666,1.17724,1.17616,1.17626,0,SELL
2021-08-17 12:00:00,1.17627,1.17706,1.17412,1.17442,0,SELL
2021-08-17 13:00:00,1.1744,1.17448,1.17318,1.17378,0,SELL
2021-08-17 14:00:00,1.1738,1.17388,1.1714,1.17172,0,SELL
2021-08-17 15:00:00,1.17173,1.17184,1.17101,1.17132,0,SELL
2021-08-17 16:00:00,1.17131,1.17186,1.17086,1.17088,0,SELL
2021-08-17 17:00:00,1.17086,1.17186,1.17084,1.1718,0,SELL
2021-08-17 18:00:00,1.17178,1.17198,1.17102,1.17111,0,SELL
2021-08-17 19:00:00,1.1711,1.17138,1.17094,1.17116,0,SELL
2021-08-17 20:00:00,1.17118,1.17134,1.1708,1.17084,0,SELL
2021-08-17 21:00:00,1.17104,1.17128,1.17094,1.17104,0,SELL
2021-08-17 22:00:00,1.17115,1.17115,1.1702,1.1706,0,SELL
2021-08-17 23:00:00,1.1706,1.17098,1.17052,1.17094,0,SELL
2021-08-18 00:00:00,1.17092,1.17135,1.17076,1.17122,0,SELL
2021-08-18 01:00:00,1.1712,1.17177,1.17108,1.17164,0,SELL
2021-08-18 02:00:00,1.17162,1.17198,1.17101,1.17197,0,SELL
2021-08-18 03:00:00,1.17196,1.17232,1.17164,1.17167,0,SELL
2021-08-18 04:00:00,1.17168,1.17189,1.1715,1.17184,0,SELL
2021-08-18 05:00:00,1.17183,1.17184,1.17132,1.17156,0,SELL
2021-08-18 06:00:00,1.17154,1.17236,1.17126,1.1717,0,SELL
2021-08-18 07:00:00,1.17171,1.17298,1.17163,1.17239,0,SELL
2021-08-18 08:00:00,1.17238,1.1726,1.17177,1.17203,0,SELL
2021-08-18 09:00:00,1.17204,1.17245,1.17158,1.17158,0,SELL
2021-08-18 10:00:00,1.1716,1.17189,1.17122,1.17122,0,SELL
2021-08-18 11:00:00,1.17124,1.17236,1.1706,1.1722,0,SELL
2021-08-18 12:00:00,1.17218,1.17262,1.17141,1.17178,0,SELL
2021-08-18 13:00:00,1.17179,1.17212,1.17086,1.17184,0,SELL
2021-08-18 14:00:00,1.17186,1.17194,1.17065,1.17116,0,SELL
2021-08-18 15:00:00,1.17114,1.1712,1.16936,1.17014,0,SELL
2021-08-18 16:00:00,1.17013,1.17032,1.16941,1.16994,0,SELL
2021-08-18 17:00:00,1.16994,1.17038,1.1698,1.17004,0,SELL
2021-08-18 18:00:00,1.17004,1.17428,1.16992,1.17124,0,SELL
2021-08-18 19:00:00,1.17123,1.17158,1.17091,1.17126,0,SELL
2021-08-18 20:00:00,1.17126,1.17145,1.17072,1.17106,0,SELL
2021-08-18 21:00:00,1.171,1.17165,1.17096,1.17099,0,SELL
2021-08-18 22:00:00,1.17096,1.17158,1.17096,1.17135,0,SELL
2021-08-18 23:00:00,1.17136,1.17151,1.17026,1.17028,0,SELL
2021-08-19 00:00:00,1.17029,1.17039,1.1684,1.16874,0,SELL
2021-08-19 01:00:00,1.16876,1.16937,1.1684,1.16844,0,SELL
2021-08-19 02:00:00,1.16845,1.16874,1.16742,1.16768,0,SELL
2021-08-19 03:00:00,1.1677,1.16775,1.16656,1.16754,0,SELL
2021-08-19 04:00:00,1.16755,1.16782,1.1674,1.1677,0,SELL
2021-08-19 05:00:00,1.16768,1.16809,1.16698,1.16725,0,SELL
2021-08-19 06:00:00,1.16724,1.16808,1.16689,1.16786,0,SELL
2021-08-19 07:00:00,1.16785,1.16844,1.16712,1.16828,0,SELL
2021-08-19 08:00:00,1.1683,1.16973,1.16803,1.16869,0,SELL
2021-08-19 09:00:00,1.1687,1.16978,1.16802,1.16958,0,SELL
2021-08-19 10:00:00,1.16958,1.16966,1.16893,1.16932,0,SELL
2021-08-19 11:00:00,1.16933,1.17038,1.16921,1.16994,0,SELL
2021-08-19 12:00:00,1.16994,1.17043,1.16944,1.16988,0,SELL
2021-08-19 13:00:00,1.16987,1.17025,1.1692,1.17004,0,SELL
2021-08-19 14:00:00,1.17002,1.17003,1.16816,1.16825,0,SELL
2021-08-19 15:00:00,1.16826,1.16974,1.16788,1.16928,0,SELL
2021-08-19 16:00:00,1.1693,1.16934,1.16848,1.16884,0,SELL
2021-08-19 17:00:00,1.16885,1.16886,1.16773,1.16776,0,SELL
2021-08-19 18:00:00,1.16775,1.16788,1.16726,1.16758,0,SELL
2021-08-19 19:00:00,1.16759,1.16802,1.16744,1.16766,0,SELL
2021-08-19 20:00:00,1.16764,1.16783,1.16748,1.16762,0,SELL
2021-08-19 21:00:00,1.16762,1.16782,1.16762,1.16774,0,SELL
2021-08-19 22:00:00,1.16776,1.16796,1.16768,1.1678,0,SELL
2021-08-19 23:00:00,1.16778,1.16785,1.16752,1.16766,0,SELL
2021-08-20 00:00:00,1.16768,1.16839,1.16764,1.16823,0,SELL
2021-08-20 01:00:00,1.16822,1.16856,1.16777,1.16798,0,SELL
2021-08-20 02:00:00,1.16799,1.16814,1.16759,1.16795,0,SELL
2021-08-20 03:00:00,1.16794,1.16874,1.16788,1.16856,0,SELL
2021-08-20 04:00:00,1.16856,1.16876,1.16843,1.1686,0,SELL
2021-08-20 05:00:00,1.16858,1.16894,1.16817,1.16872,0,SELL
2021-08-20 06:00:00,1.16872,1.16876,1.16782,1.16832,0,SELL
2021-08-20 07:00:00,1.16832,1.16867,1.16776,1.16794,0,SELL
2021-08-20 08:00:00,1.16796,1.16847,1.16708,1.1674,0,SELL
2021-08-20 09:00:00,1.1674,1.16772,1.16718,1.16754,0,SELL
2021-08-20 10:00:00,1.16756,1.16835,1.16706,1.16806,0,SELL
2021-08-20 11:00:00,1.16807,1.1681,1.16674,1.16683,0,SELL
2021-08-20 12:00:00,1.16684,1.16752,1.1665,1.16685,0,SELL
2021-08-20 13:00:00,1.16683,1.16854,1.1664,1.16796,0,SELL
2021-08-20 14:00:00,1.16798,1.16836,1.16714,1.16785,0,SELL
2021-08-20 15:00:00,1.16784,1.16907,1.1675,1.16905,0,SELL
2021-08-20 16:00:00,1.16904,1.17046,1.16892,1.17032,0,SELL
2021-08-20 17:00:00,1.17031,1.17039,1.1693,1.16944,0,SELL
2021-08-20 18:00:00,1.16946,1.16976,1.16922,1.16965,0,SELL
2021-08-20 19:00:00,1.16964,1.17024,1.16958,1.17022,1,BUY
2021-08-20 20:00:00,1.1702,1.17046,1.1699,1.1699,1,BUY
2021-08-22 21:00:00,1.1697,1.16991,1.16946,1.16987,1,BUY
2021-08-22 22:00:00,1.16977,1.1702,1.16932,1.16935,1,BUY
2021-08-22 23:00:00,1.16934,1.16971,1.1693,1.16969,1,BUY
2021-08-23 00:00:00,1.1697,1.1703,1.16953,1.16993,1,BUY
2021-08-23 01:00:00,1.16994,1.17182,1.16989,1.17136,1,BUY
2021-08-23 02:00:00,1.17136,1.17182,1.17125,1.17177,1,BUY
2021-08-23 03:00:00,1.17178,1.17238,1.17151,1.17202,1,BUY
2021-08-23 04:00:00,1.17201,1.17206,1.17163,1.17188,1,BUY
2021-08-23 05:00:00,1.17188,1.17226,1.17166,1.17171,1,BUY
2021-08-23 06:00:00,1.1717,1.172,1.17081,1.17136,1,BUY
2021-08-23 07:00:00,1.17136,1.17264,1.17064,1.17226,1,BUY
2021-08-23 08:00:00,1.17228,1.17322,1.17207,1.1731,1,BUY
2021-08-23 09:00:00,1.17308,1.17327,1.17217,1.17241,1,BUY
2021-08-23 10:00:00,1.17242,1.1728,1.17152,1.1728,1,BUY
2021-08-23 11:00:00,1.17281,1.17281,1.17178,1.17182,1,BUY
2021-08-23 12:00:00,1.17182,1.1734,1.1716,1.17322,1,BUY
2021-08-23 13:00:00,1.1732,1.17436,1.17284,1.17302,1,BUY
2021-08-23 14:00:00,1.17304,1.17421,1.17239,1.17399,1,BUY
2021-08-23 15:00:00,1.174,1.17408,1.17294,1.17316,1,BUY
2021-08-23 16:00:00,1.17314,1.17406,1.17309,1.17394,1,BUY
2021-08-23 17:00:00,1.17395,1.1744,1.17384,1.17436,1,BUY
2021-08-23 18:00:00,1.17434,1.17502,1.17434,1.17483,1,BUY
2021-08-23 19:00:00,1.17482,1.17504,1.17441,1.17466,1,BUY
2021-08-23 20:00:00,1.17466,1.17486,1.1742,1.1746,1,BUY
2021-08-23 21:00:00,1.17458,1.1747,1.17447,1.17464,1,BUY
2021-08-23 22:00:00,1.17466,1.17486,1.17457,1.17457,1,BUY
2021-08-23 23:00:00,1.17458,1.17472,1.17436,1.17442,1,BUY
2021-08-24 00:00:00,1.1744,1.17476,1.17386,1.17392,1,BUY
2021-08-24 01:00:00,1.17394,1.17402,1.17358,1.17362,1,BUY
2021-08-24 02:00:00,1.17364,1.17426,1.17342,1.17422,1,BUY
2021-08-24 03:00:00,1.1742,1.17425,1.17377,1.17378,1,BUY
2021-08-24 04:00:00,1.17376,1.17414,1.17372,1.17412,1,BUY
2021-08-24 05:00:00,1.17413,1.1746,1.17406,1.17412,1,BUY
2021-08-24 06:00:00,1.17413,1.1747,1.17388,1.17396,1,BUY
2021-08-24 07:00:00,1.17396,1.1745,1.1733,1.17382,1,BUY
2021-08-24 08:00:00,1.17381,1.17416,1.17272,1.17286,1,BUY
2021-08-24 09:00:00,1.17286,1.17378,1.17278,1.1731,1,BUY
2021-08-24 10:00:00,1.17308,1.17394,1.17308,1.17358,1,BUY
2021-08-24 11:00:00,1.17356,1.17424,1.17348,1.17362,1,BUY
2021-08-24 12:00:00,1.17361,1.1755,1.17352,1.17507,1,BUY
2021-08-24 13:00:00,1.1751,1.17541,1.17352,1.17482,1,BUY
2021-08-24 14:00:00,1.17484,1.17652,1.17422,1.17609,1,BUY
2021-08-24 15:00:00,1.17608,1.17612,1.1743,1.17466,1,BUY
2021-08-24 16:00:00,1.17464,1.17476,1.1743,1.17475,1,BUY
2021-08-24 17:00:00,1.17474,1.17478,1.17438,1.1745,1,BUY
2021-08-24 18:00:00,1.17449,1.17558,1.17428,1.17546,1,BUY
2021-08-24 19:00:00,1.17548,1.17578,1.17518,1.17574,1,BUY
2021-08-24 20:00:00,1.17576,1.17592,1.17558,1.17573,1,BUY
2021-08-24 21:00:00,1.17568,1.17573,1.17542,1.17562,1,BUY
2021-08-24 22:00:00,1.17556,1.17586,1.17556,1.17567,1,BUY
2021-08-24 23:00:00,1.17565,1.17572,1.17522,1.17529,1,BUY
2021-08-25 00:00:00,1.1753,1.17578,1.17402,1.17416,1,BUY
2021-08-25 01:00:00,1.17418,1.17425,1.17352,1.1736,1,BUY
2021-08-25 02:00:00,1.17359,1.17392,1.17333,1.17378,1,BUY
2021-08-25 03:00:00,1.17377,1.17396,1.17346,1.1738,1,BUY
2021-08-25 04:00:00,1.17382,1.17407,1.17378,1.17407,0,SELL
2021-08-25 05:00:00,1.17408,1.17454,1.17402,1.17428,0,SELL
2021-08-25 06:00:00,1.17427,1.1745,1.17324,1.17332,0,SELL
2021-08-25 07:00:00,1.17332,1.17443,1.17325,1.17377,0,SELL
2021-08-25 08:00:00,1.1738,1.17596,1.17334,1.17512,0,SELL
2021-08-25 09:00:00,1.17512,1.17556,1.1748,1.1749,1,BUY
2021-08-25 10:00:00,1.17489,1.17507,1.17428,1.17473,1,BUY
2021-08-25 11:00:00,1.17474,1.17474,1.17348,1.1741,1,BUY
2021-08-25 12:00:00,1.17409,1.17416,1.17262,1.17326,1,BUY
2021-08-25 13:00:00,1.17325,1.17498,1.173,1.1747,1,BUY
2021-08-25 14:00:00,1.17472,1.17556,1.17458,1.17496,1,BUY
2021-08-25 15:00:00,1.17498,1.176,1.17463,1.17566,1,BUY
2021-08-25 16:00:00,1.17565,1.17634,1.17557,1.17602,1,BUY
2021-08-25 17:00:00,1.17604,1.17612,1.17534,1.17596,1,BUY
2021-08-25 18:00:00,1.17596,1.17744,1.17594,1.17713,1,BUY
2021-08-25 19:00:00,1.17714,1.17725,1.17655,1.17712,1,BUY
2021-08-25 20:00:00,1.17711,1.17744,1.17692,1.17724,1,BUY
2021-08-25 21:00:00,1.17728,1.1773,1.1768,1.17726,1,BUY
2021-08-25 22:00:00,1.1772,1.17732,1.17704,1.1771,1,BUY
2021-08-25 23:00:00,1.17708,1.17725,1.17704,1.1772,1,BUY
2021-08-26 00:00:00,1.17718,1.1774,1.17664,1.1767,1,BUY
2021-08-26 01:00:00,1.17668,1.17679,1.17627,1.17659,1,BUY
2021-08-26 02:00:00,1.1766,1.1766,1.17628,1.17647,1,BUY
2021-08-26 03:00:00,1.17648,1.17652,1.17612,1.17628,1,BUY
2021-08-26 04:00:00,1.17629,1.17675,1.1762,1.1764,1,BUY
2021-08-26 05:00:00,1.17642,1.17697,1.1763,1.17654,1,BUY
2021-08-26 06:00:00,1.17652,1.17682,1.17565,1.17574,1,BUY
2021-08-26 07:00:00,1.17572,1.17748,1.17567,1.17698,1,BUY
2021-08-26 08:00:00,1.17699,1.17699,1.17585,1.17591,1,BUY
2021-08-26 09:00:00,1.17592,1.177,1.17586,1.177,1,BUY
2021-08-26 10:00:00,1.177,1.17786,1.177,1.1775,1,BUY
2021-08-26 11:00:00,1.1775,1.17791,1.17674,1.17695,1,BUY
2021-08-26 12:00:00,1.17696,1.1776,1.17519,1.17558,1,BUY
2021-08-26 13:00:00,1.17559,1.17601,1.17484,1.17538,1,BUY
2021-08-26 14:00:00,1.17536,1.17676,1.1746,1.17538,1,BUY
2021-08-26 15:00:00,1.17539,1.17638,1.17529,1.17622,1,BUY
2021-08-26 16:00:00,1.17621,1.17636,1.17525,1.17526,0,SELL
2021-08-26 17:00:00,1.17528,1.1755,1.1749,1.17537,0,SELL
2021-08-26 18:00:00,1.17538,1.1756,1.17508,1.1752,0,SELL
2021-08-26 19:00:00,1.17522,1.1755,1.175,1.1755,0,SELL
2021-08-26 20:00:00,1.17549,1.1755,1.17513,1.17522,0,SELL
2021-08-26 21:00:00,1.17518,1.17597,1.17518,1.17555,0,SELL
2021-08-26 22:00:00,1.17558,1.17567,1.17534,1.17564,0,SELL
2021-08-26 23:00:00,1.17566,1.17578,1.17536,1.17538,0,SELL
2021-08-27 00:00:00,1.17537,1.17544,1.17422,1.17454,0,SELL
2021-08-27 01:00:00,1.17456,1.17511,1.17434,1.17498,0,SELL
2021-08-27 02:00:00,1.17496,1.17576,1.17494,1.17526,0,SELL
2021-08-27 03:00:00,1.17524,1.17598,1.17522,1.17598,0,SELL
2021-08-27 04:00:00,1.176,1.17638,1.17588,1.17632,0,SELL
2021-08-27 05:00:00,1.17634,1.17644,1.17611,1.17616,1,BUY
2021-08-27 06:00:00,1.17617,1.177,1.17588,1.17682,1,BUY
2021-08-27 07:00:00,1.17683,1.17714,1.17574,1.17612,1,BUY
2021-08-27 08:00:00,1.17614,1.17628,1.17505,1.17512,1,BUY
2021-08-27 09:00:00,1.1751,1.17586,1.17498,1.17583,1,BUY
2021-08-27 10:00:00,1.17581,1.17638,1.17556,1.1759,1,BUY
2021-08-27 11:00:00,1.17588,1.17662,1.1757,1.17626,1,BUY
2021-08-27 12:00:00,1.17625,1.17649,1.17538,1.17562,1,BUY
2021-08-27 13:00:00,1.17564,1.17738,1.1735,1.17646,0,SELL
2021-08-27 14:00:00,1.17644,1.18025,1.1744,1.17868,1,BUY
2021-08-27 15:00:00,1.17866,1.17976,1.17838,1.17934,1,BUY
2021-08-27 16:00:00,1.17936,1.18019,1.17892,1.18006,1,BUY
2021-08-27 17:00:00,1.18004,1.18015,1.17933,1.1795,1,BUY
2021-08-27 18:00:00,1.17949,1.17966,1.17922,1.17944,1,BUY
2021-08-27 19:00:00,1.17943,1.17986,1.17934,1.17965,1,BUY
2021-08-27 20:00:00,1.17964,1.1798,1.1794,1.17944,1,BUY
2021-08-29 21:00:00,1.1796,1.17966,1.17924,1.17965,1,BUY
2021-08-29 22:00:00,1.17973,1.18006,1.17962,1.17984,1,BUY
2021-08-29 23:00:00,1.17986,1.17994,1.17966,1.17983,1,BUY
2021-08-30 00:00:00,1.17984,1.18059,1.17953,1.18046,1,BUY
2021-08-30 01:00:00,1.18048,1.18082,1.18026,1.18062,1,BUY
2021-08-30 02:00:00,1.1806,1.18099,1.18048,1.18056,1,BUY
2021-08-30 03:00:00,1.18054,1.18082,1.18025,1.18042,1,BUY
2021-08-30 04:00:00,1.1804,1.18072,1.18028,1.18036,1,BUY
2021-08-30 05:00:00,1.18038,1.18052,1.17992,1.17994,1,BUY
2021-08-30 06:00:00,1.17996,1.18024,1.17936,1.18005,1,BUY
2021-08-30 07:00:00,1.18004,1.18035,1.17942,1.18024,1,BUY
2021-08-30 08:00:00,1.18022,1.18054,1.17938,1.17987,1,BUY
2021-08-30 09:00:00,1.17988,1.1802,1.17942,1.17998,1,BUY
2021-08-30 10:00:00,1.17999,1.18028,1.17948,1.17961,1,BUY
2021-08-30 11:00:00,1.17963,1.18012,1.1791,1.17996,1,BUY
2021-08-30 12:00:00,1.17995,1.18022,1.17838,1.17864,1,BUY
2021-08-30 13:00:00,1.17863,1.17966,1.17828,1.17886,1,BUY
2021-08-30 14:00:00,1.17888,1.18004,1.17844,1.17999,1,BUY
2021-08-30 15:00:00,1.17998,1.18038,1.17912,1.17948,1,BUY
2021-08-30 16:00:00,1.17949,1.17978,1.17932,1.17974,1,BUY
2021-08-30 17:00:00,1.17976,1.1799,1.17959,1.17972,1,BUY
2021-08-30 18:00:00,1.17974,1.18042,1.1797,1.18038,1,BUY
2021-08-30 19:00:00,1.18039,1.18039,1.17982,1.17998,1,BUY
2021-08-30 20:00:00,1.17997,1.18004,1.17963,1.17969,1,BUY
2021-08-30 21:00:00,1.17972,1.17994,1.17954,1.17982,1,BUY
2021-08-30 22:00:00,1.17988,1.17988,1.1797,1.17971,1,BUY
2021-08-30 23:00:00,1.17972,1.17986,1.17959,1.17966,1,BUY
2021-08-31 00:00:00,1.17964,1.18032,1.17955,1.18022,1,BUY
2021-08-31 01:00:00,1.18022,1.18066,1.1798,1.18036,1,BUY
2021-08-31 02:00:00,1.18034,1.18088,1.18026,1.18079,1,BUY
2021-08-31 03:00:00,1.1808,1.18198,1.18066,1.18196,1,BUY
2021-08-31 04:00:00,1.18195,1.18248,1.18168,1.18172,1,BUY
2021-08-31 05:00:00,1.18174,1.1828,1.18172,1.18276,1,BUY
2021-08-31 06:00:00,1.18278,1.18316,1.18232,1.1825,1,BUY
2021-08-31 07:00:00,1.18249,1.18304,1.18242,1.18276,1,BUY
2021-08-31 08:00:00,1.18278,1.18302,1.18201,1.18202,1,BUY
2021-08-31 09:00:00,1.18201,1.18302,1.18197,1.18236,1,BUY
2021-08-31 10:00:00,1.18234,1.18372,1.18228,1.18336,1,BUY
2021-08-31 11:00:00,1.18337,1.18452,1.18328,1.18398,1,BUY
2021-08-31 12:00:00,1.18398,1.18399,1.18308,1.18368,1,BUY
2021-08-31 13:00:00,1.18369,1.1838,1.18166,1.18207,1,BUY
2021-08-31 14:00:00,1.18206,1.18329,1.17994,1.18038,1,BUY
2021-08-31 15:00:00,1.18039,1.18094,1.17965,1.18002,1,BUY
2021-08-31 16:00:00,1.18002,1.18084,1.1798,1.1807,1,BUY
2021-08-31 17:00:00,1.1807,1.18096,1.18032,1.18086,1,BUY
2021-08-31 18:00:00,1.18085,1.18132,1.18062,1.1813,0,SELL
2021-08-31 19:00:00,1.18129,1.1813,1.1806,1.18072,0,SELL
2021-08-31 20:00:00,1.18071,1.18106,1.18062,1.18088,0,SELL
2021-08-31 21:00:00,1.18098,1.1811,1.18087,1.1809,0,SELL
2021-08-31 22:00:00,1.18092,1.18115,1.18082,1.181,1,BUY
2021-08-31 23:00:00,1.18102,1.1812,1.18077,1.18099,1,BUY
2021-09-01 00:00:00,1.181,1.18112,1.18013,1.18029,1,BUY
2021-09-01 01:00:00,1.18028,1.18058,1.18008,1.18038,1,BUY
2021-09-01 02:00:00,1.18036,1.18059,1.18,1.18032,0,SELL
2021-09-01 03:00:00,1.18033,1.18066,1.18021,1.18045,0,SELL
2021-09-01 04:00:00,1.18044,1.18048,1.17988,1.17996,0,SELL
2021-09-01 05:00:00,1.17998,1.18004,1.17953,1.17992,0,SELL
2021-09-01 06:00:00,1.17994,1.18116,1.17937,1.18094,0,SELL
2021-09-01 07:00:00,1.18093,1.18136,1.17954,1.18056,0,SELL
2021-09-01 08:00:00,1.18058,1.18166,1.18025,1.18141,0,SELL
2021-09-01 09:00:00,1.1814,1.18188,1.18114,1.1817,1,BUY
2021-09-01 10:00:00,1.18172,1.18236,1.18156,1.18203,1,BUY
2021-09-01 11:00:00,1.18205,1.18226,1.1813,1.1814,1,BUY
2021-09-01 12:00:00,1.18141,1.18398,1.18138,1.18378,1,BUY
2021-09-01 13:00:00,1.18379,1.18486,1.1833,1.18441,1,BUY
2021-09-01 14:00:00,1.18439,1.18573,1.18333,1.1854,1,BUY
2021-09-01 15:00:00,1.18541,1.18566,1.18468,1.18498,1,BUY
2021-09-01 16:00:00,1.18499,1.18565,1.18474,1.18482,1,BUY
2021-09-01 17:00:00,1.18482,1.18511,1.18424,1.18429,1,BUY
2021-09-01 18:00:00,1.18432,1.18476,1.18411,1.18466,1,BUY
2021-09-01 19:00:00,1.18465,1.18467,1.18382,1.18384,1,BUY
2021-09-01 20:00:00,1.18383,1.18406,1.18376,1.184,1,BUY
2021-09-01 21:00:00,1.18416,1.18425,1.18382,1.18394,1,BUY
2021-09-01 22:00:00,1.18401,1.18422,1.18396,1.18408,1,BUY
2021-09-01 23:00:00,1.1841,1.18422,1.18403,1.18409,1,BUY
2021-09-02 00:00:00,1.1841,1.18462,1.18399,1.1845,1,BUY
2021-09-02 01:00:00,1.18448,1.18455,1.18378,1.18393,1,BUY
2021-09-02 02:00:00,1.18391,1.18408,1.18369,1.18392,1,BUY
2021-09-02 03:00:00,1.1839,1.184,1.18368,1.18378,1,BUY
2021-09-02 04:00:00,1.18379,1.18385,1.18346,1.18347,1,BUY
2021-09-02 05:00:00,1.18346,1.1844,1.18344,1.18434,1,BUY
2021-09-02 06:00:00,1.18434,1.18466,1.184,1.18456,1,BUY
2021-09-02 07:00:00,1.18457,1.18516,1.18402,1.18476,1,BUY
2021-09-02 08:00:00,1.18474,1.185,1.18433,1.18457,1,BUY
2021-09-02 09:00:00,1.18458,1.18533,1.1843,1.18517,1,BUY
2021-09-02 10:00:00,1.18516,1.18559,1.1849,1.18548,1,BUY
2021-09-02 11:00:00,1.18546,1.18548,1.18464,1.1847,1,BUY
2021-09-02 12:00:00,1.1847,1.18501,1.18366,1.18474,1,BUY
2021-09-02 13:00:00,1.18472,1.18626,1.18464,1.18588,1,BUY
2021-09-02 14:00:00,1.18589,1.18689,1.18501,1.1868,1,BUY
2021-09-02 15:00:00,1.18678,1.18711,1.18572,1.18574,1,BUY
2021-09-02 16:00:00,1.18574,1.18667,1.1857,1.1865,1,BUY
2021-09-02 17:00:00,1.18649,1.18711,1.18644,1.1871,1,BUY
2021-09-02 18:00:00,1.18709,1.18747,1.18692,1.18746,1,BUY
2021-09-02 19:00:00,1.18745,1.18761,1.18728,1.1874,1,BUY
2021-09-02 20:00:00,1.18742,1.18761,1.18721,1.1875,1,BUY
2021-09-02 21:00:00,1.18754,1.18759,1.18722,1.18739,1,BUY
2021-09-02 22:00:00,1.18736,1.18756,1.18736,1.18743,1,BUY
2021-09-02 23:00:00,1.18744,1.18746,1.18731,1.18738,1,BUY
2021-09-03 00:00:00,1.1874,1.18829,1.18734,1.1882,1,BUY
2021-09-03 01:00:00,1.18822,1.18839,1.18778,1.18825,1,BUY
2021-09-03 02:00:00,1.18826,1.18842,1.18788,1.18789,1,BUY
2021-09-03 03:00:00,1.1879,1.18801,1.18773,1.18788,1,BUY
2021-09-03 04:00:00,1.1879,1.18795,1.18762,1.18763,1,BUY
2021-09-03 05:00:00,1.18764,1.1881,1.18756,1.18795,1,BUY
2021-09-03 06:00:00,1.18796,1.18808,1.18736,1.18774,1,BUY
2021-09-03 07:00:00,1.18776,1.18822,1.18714,1.1875,1,BUY
2021-09-03 08:00:00,1.18748,1.18829,1.18738,1.18748,1,BUY
2021-09-03 09:00:00,1.18746,1.18747,1.18664,1.18698,1,BUY
2021-09-03 10:00:00,1.187,1.18726,1.18688,1.18697,1,BUY
2021-09-03 11:00:00,1.18696,1.18774,1.18696,1.18732,1,BUY
2021-09-03 12:00:00,1.18734,1.19092,1.1866,1.18912,1,BUY
2021-09-03 13:00:00,1.18914,1.1905,1.18764,1.18882,1,BUY
2021-09-03 14:00:00,1.18883,1.189,1.18716,1.18812,1,BUY
2021-09-03 15:00:00,1.18811,1.18902,1.18769,1.18836,1,BUY
2021-09-03 16:00:00,1.18834,1.189,1.18816,1.18895,1,BUY
2021-09-03 17:00:00,1.18897,1.18981,1.1889,1.18953,1,BUY
2021-09-03 18:00:00,1.18952,1.18968,1.18894,1.18912,1,BUY
2021-09-03 19:00:00,1.18911,1.18911,1.18801,1.18802,1,BUY
2021-09-03 20:00:00,1.18803,1.1881,1.1875,1.18791,1,BUY
2021-09-05 21:00:00,1.18802,1.18817,1.1879,1.18792,1,BUY
2021-09-05 22:00:00,1.18798,1.18839,1.18786,1.188,1,BUY
2021-09-05 23:00:00,1.18798,1.18864,1.18796,1.18855,1,BUY
2021-09-06 00:00:00,1.18856,1.1886,1.18762,1.18788,1,BUY
2021-09-06 01:00:00,1.18786,1.18801,1.18757,1.18776,1,BUY
2021-09-06 02:00:00,1.18774,1.18776,1.18716,1.1874,1,BUY
2021-09-06 03:00:00,1.1874,1.18742,1.1865,1.1868,1,BUY
2021-09-06 04:00:00,1.18679,1.18704,1.18668,1.18694,1,BUY
2021-09-06 05:00:00,1.18692,1.18729,1.18666,1.18714,1,BUY
2021-09-06 06:00:00,1.18714,1.18752,1.18683,1.1872,0,SELL
2021-09-06 07:00:00,1.18722,1.18732,1.18602,1.1863,0,SELL
2021-09-06 08:00:00,1.18632,1.18686,1.1861,1.18642,0,SELL
2021-09-06 09:00:00,1.18641,1.1867,1.1856,1.18606,0,SELL
2021-09-06 10:00:00,1.18607,1.18662,1.18594,1.18647,0,SELL
2021-09-06 11:00:00,1.18646,1.18668,1.18606,1.18618,0,SELL
2021-09-06 12:00:00,1.18619,1.18672,1.186,1.18664,0,SELL
2021-09-06 13:00:00,1.18662,1.18706,1.18654,1.18675,0,SELL
2021-09-06 14:00:00,1.18676,1.18711,1.18577,1.18624,0,SELL
2021-09-06 15:00:00,1.18622,1.18672,1.18599,1.18658,0,SELL
2021-09-06 16:00:00,1.18658,1.18712,1.18652,1.18712,0,SELL
2021-09-06 17:00:00,1.18712,1.18717,1.18688,1.1869,0,SELL
2021-09-06 18:00:00,1.18693,1.18699,1.18686,1.18695,0,SELL
2021-09-06 19:00:00,1.18696,1.18712,1.18682,1.18686,1,BUY
2021-09-06 20:00:00,1.18688,1.18709,1.18686,1.18709,1,BUY
2021-09-06 21:00:00,1.18705,1.18721,1.18686,1.18711,1,BUY
2021-09-06 22:00:00,1.18714,1.1872,1.18706,1.18715,1,BUY
2021-09-06 23:00:00,1.18716,1.18741,1.1871,1.18732,1,BUY
2021-09-07 00:00:00,1.18734,1.18818,1.1873,1.18794,1,BUY
2021-09-07 01:00:00,1.18794,1.18853,1.18785,1.18826,1,BUY
2021-09-07 02:00:00,1.18824,1.18826,1.18786,1.18804,1,BUY
2021-09-07 03:00:00,1.18804,1.18828,1.18775,1.18787,1,BUY
2021-09-07 04:00:00,1.18786,1.18824,1.1875,1.18754,1,BUY
2021-09-07 05:00:00,1.18756,1.18756,1.18708,1.18713,1,BUY
2021-09-07 06:00:00,1.18714,1.18743,1.1863,1.18713,1,BUY
2021-09-07 07:00:00,1.18712,1.18825,1.18666,1.18764,1,BUY
2021-09-07 08:00:00,1.18764,1.18765,1.18597,1.18761,1,BUY
2021-09-07 09:00:00,1.1876,1.18804,1.18624,1.18658,0,SELL
2021-09-07 10:00:00,1.18658,1.18752,1.18618,1.18748,0,SELL
2021-09-07 11:00:00,1.18746,1.18768,1.18582,1.18614,0,SELL
2021-09-07 12:00:00,1.18616,1.18652,1.18495,1.18507,0,SELL
2021-09-07 13:00:00,1.18506,1.18605,1.18438,1.18564,0,SELL
2021-09-07 14:00:00,1.18565,1.18578,1.18374,1.18463,0,SELL
2021-09-07 15:00:00,1.18464,1.18504,1.18378,1.18488,0,SELL
2021-09-07 16:00:00,1.1849,1.18498,1.18425,1.18454,0,SELL
2021-09-07 17:00:00,1.18456,1.18521,1.1843,1.18492,0,SELL
2021-09-07 18:00:00,1.18494,1.18534,1.18455,1.18457,0,SELL
2021-09-07 19:00:00,1.18458,1.18465,1.18382,1.18398,0,SELL
2021-09-07 20:00:00,1.18398,1.18426,1.18393,1.18422,0,SELL
2021-09-07 21:00:00,1.18408,1.1846,1.18402,1.18449,0,SELL
2021-09-07 22:00:00,1.18447,1.18452,1.18426,1.1844,0,SELL
2021-09-07 23:00:00,1.18442,1.18443,1.18416,1.1843,0,SELL
2021-09-08 00:00:00,1.18428,1.18482,1.18405,1.1848,0,SELL
2021-09-08 01:00:00,1.18479,1.18511,1.18456,1.18476,0,SELL
2021-09-08 02:00:00,1.18478,1.18482,1.18446,1.1845,0,SELL
2021-09-08 03:00:00,1.18451,1.18458,1.18406,1.18422,0,SELL
2021-09-08 04:00:00,1.1842,1.18438,1.18413,1.18436,0,SELL
2021-09-08 05:00:00,1.18435,1.18436,1.18352,1.18366,0,SELL
2021-09-08 06:00:00,1.18366,1.18384,1.18284,1.18335,0,SELL
2021-09-08 07:00:00,1.18333,1.18448,1.18304,1.18307,0,SELL
2021-09-08 08:00:00,1.18305,1.18308,1.18161,1.18216,0,SELL
2021-09-08 09:00:00,1.18215,1.18269,1.18126,1.18154,0,SELL
2021-09-08 10:00:00,1.18153,1.18223,1.1812,1.18176,0,SELL
2021-09-08 11:00:00,1.18174,1.1825,1.18159,1.18223,0,SELL
2021-09-08 12:00:00,1.18225,1.18296,1.18211,1.18212,0,SELL
2021-09-08 13:00:00,1.18211,1.18226,1.18088,1.18172,0,SELL
2021-09-08 14:00:00,1.18174,1.18192,1.1802,1.1812,0,SELL
2021-09-08 15:00:00,1.18121,1.18211,1.18109,1.18184,0,SELL
2021-09-08 16:00:00,1.18184,1.1829,1.18156,1.18188,0,SELL
2021-09-08 17:00:00,1.18187,1.18264,1.18167,1.18242,0,SELL
2021-09-08 18:00:00,1.1824,1.183,1.1824,1.18242,0,SELL
2021-09-08 19:00:00,1.1824,1.18252,1.18176,1.18178,0,SELL
2021-09-08 20:00:00,1.18176,1.18193,1.18154,1.18158,0,SELL
2021-09-08 21:00:00,1.18166,1.18186,1.18162,1.18166,0,SELL
2021-09-08 22:00:00,1.18169,1.18202,1.18169,1.18184,0,SELL
2021-09-08 23:00:00,1.18183,1.1819,1.18178,1.18188,0,SELL
2021-09-09 00:00:00,1.18184,1.18192,1.18124,1.18143,0,SELL
2021-09-09 01:00:00,1.18144,1.18211,1.18138,1.1821,0,SELL
2021-09-09 02:00:00,1.18211,1.18253,1.18207,1.18251,0,SELL
2021-09-09 03:00:00,1.18252,1.18252,1.18178,1.18182,0,SELL
2021-09-09 04:00:00,1.18184,1.18186,1.18114,1.18143,0,SELL
2021-09-09 05:00:00,1.18142,1.1817,1.18115,1.18132,0,SELL
2021-09-09 06:00:00,1.1813,1.18245,1.18122,1.18158,0,SELL
2021-09-09 07:00:00,1.18157,1.18276,1.18136,1.18224,0,SELL
2021-09-09 08:00:00,1.18222,1.18361,1.18222,1.18339,0,SELL
2021-09-09 09:00:00,1.18338,1.18338,1.18262,1.18328,0,SELL
2021-09-09 10:00:00,1.18325,1.18358,1.18302,1.1832,0,SELL
2021-09-09 11:00:00,1.18319,1.18414,1.18242,1.18399,0,SELL
2021-09-09 12:00:00,1.18401,1.18414,1.18082,1.18236,0,SELL
2021-09-09 13:00:00,1.18238,1.18348,1.18118,1.18156,0,SELL
2021-09-09 14:00:00,1.18154,1.18202,1.18052,1.18164,0,SELL
2021-09-09 15:00:00,1.18165,1.18278,1.18121,1.18272,0,SELL
2021-09-09 16:00:00,1.18272,1.1833,1.18248,1.18315,0,SELL
2021-09-09 17:00:00,1.18316,1.18397,1.18304,1.1834,0,SELL
2021-09-09 18:00:00,1.18341,1.18352,1.18282,1.18297,0,SELL
2021-09-09 19:00:00,1.18298,1.18306,1.18257,1.1826,0,SELL
2021-09-09 20:00:00,1.1826,1.18262,1.1822,1.18238,0,SELL
2021-09-09 21:00:00,1.18252,1.1829,1.18242,1.18245,0,SELL
2021-09-09 22:00:00,1.18254,1.18258,1.18236,1.18237,0,SELL
2021-09-09 23:00:00,1.18238,1.18252,1.18224,1.18232,0,SELL
2021-09-10 00:00:00,1.18234,1.18278,1.1823,1.18242,0,SELL
2021-09-10 01:00:00,1.18241,1.18248,1.18189,1.18216,0,SELL
2021-09-10 02:00:00,1.18215,1.18327,1.18196,1.18325,0,SELL
2021-09-10 03:00:00,1.18326,1.1833,1.18291,1.18304,0,SELL
2021-09-10 04:00:00,1.18305,1.1831,1.18276,1.18301,0,SELL
2021-09-10 05:00:00,1.18299,1.1834,1.18274,1.18276,0,SELL
2021-09-10 06:00:00,1.18275,1.1831,1.18246,1.1829,0,SELL
2021-09-10 07:00:00,1.18288,1.18442,1.18272,1.1842,0,SELL
2021-09-10 08:00:00,1.18422,1.18512,1.18419,1.1848,1,BUY
2021-09-10 09:00:00,1.18478,1.18482,1.18339,1.18358,1,BUY
2021-09-10 10:00:00,1.18357,1.18378,1.1827,1.18308,1,BUY
2021-09-10 11:00:00,1.18307,1.18375,1.18287,1.18336,1,BUY
2021-09-10 12:00:00,1.18338,1.18418,1.18262,1.18269,0,SELL
2021-09-10 13:00:00,1.1827,1.1835,1.18214,1.18348,0,SELL
2021-09-10 14:00:00,1.1835,1.18379,1.18298,1.18334,0,SELL
2021-09-10 15:00:00,1.18332,1.18342,1.18184,1.18218,0,SELL
2021-09-10 16:00:00,1.18216,1.18233,1.18157,1.18186,0,SELL
2021-09-10 17:00:00,1.18187,1.18188,1.18122,1.18153,0,SELL
2021-09-10 18:00:00,1.18154,1.18174,1.18122,1.18154,0,SELL
2021-09-10 19:00:00,1.18154,1.18168,1.18124,1.18128,0,SELL
2021-09-10 20:00:00,1.1813,1.18136,1.18095,1.18107,0,SELL
2021-09-12 21:00:00,1.18156,1.18164,1.18145,1.18151,0,SELL
2021-09-12 22:00:00,1.18142,1.18149,1.18088,1.18122,0,SELL
2021-09-12 23:00:00,1.18124,1.18129,1.18104,1.18116,0,SELL
2021-09-13 00:00:00,1.18116,1.1813,1.18047,1.18054,0,SELL
2021-09-13 01:00:00,1.18056,1.18066,1.18023,1.1803,0,SELL
2021-09-13 02:00:00,1.18032,1.18054,1.18023,1.18051,0,SELL
2021-09-13 03:00:00,1.1805,1.1807,1.1803,1.1805,0,SELL
2021-09-13 04:00:00,1.18052,1.18058,1.17938,1.17958,0,SELL
2021-09-13 05:00:00,1.17956,1.17962,1.17878,1.17934,0,SELL
2021-09-13 06:00:00,1.17936,1.17952,1.17789,1.17795,0,SELL
2021-09-13 07:00:00,1.17794,1.1788,1.17746,1.17867,0,SELL
2021-09-13 08:00:00,1.17866,1.17912,1.1783,1.17896,0,SELL
2021-09-13 09:00:00,1.17894,1.1793,1.17866,1.17914,0,SELL
2021-09-13 10:00:00,1.17912,1.17926,1.17752,1.17758,0,SELL
2021-09-13 11:00:00,1.1776,1.17776,1.17701,1.1774,0,SELL
2021-09-13 12:00:00,1.17738,1.17866,1.17714,1.17827,0,SELL
2021-09-13 13:00:00,1.17829,1.18012,1.17828,1.18,0,SELL
2021-09-13 14:00:00,1.18002,1.1811,1.17923,1.18098,0,SELL
2021-09-13 15:00:00,1.18099,1.18171,1.18036,1.18089,0,SELL
2021-09-13 16:00:00,1.1809,1.18101,1.1806,1.18074,0,SELL
2021-09-13 17:00:00,1.18072,1.18092,1.18014,1.18027,0,SELL
2021-09-13 18:00:00,1.18028,1.18056,1.18019,1.18039,0,SELL
2021-09-13 19:00:00,1.18038,1.1808,1.18022,1.18074,0,SELL
2021-09-13 20:00:00,1.18076,1.18113,1.18072,1.18103,0,SELL
2021-09-13 21:00:00,1.1811,1.18118,1.18079,1.18112,0,SELL
2021-09-13 22:00:00,1.18107,1.18124,1.18102,1.18107,0,SELL
2021-09-13 23:00:00,1.1811,1.18113,1.18092,1.18098,0,SELL
2021-09-14 00:00:00,1.18097,1.18118,1.18056,1.18087,0,SELL
2021-09-14 01:00:00,1.18086,1.18122,1.18064,1.18083,0,SELL
2021-09-14 02:00:00,1.18084,1.1819,1.18078,1.18172,0,SELL
2021-09-14 03:00:00,1.18172,1.18172,1.18132,1.18158,0,SELL
2021-09-14 04:00:00,1.18157,1.18176,1.18127,1.18132,0,SELL
2021-09-14 05:00:00,1.1813,1.1816,1.18117,1.1813,0,SELL
2021-09-14 06:00:00,1.18132,1.18182,1.18066,1.1815,0,SELL
2021-09-14 07:00:00,1.1815,1.18301,1.18132,1.18247,1,BUY
2021-09-14 08:00:00,1.18246,1.18266,1.18207,1.18212,1,BUY
2021-09-14 09:00:00,1.18213,1.18244,1.18073,1.18146,1,BUY
2021-09-14 10:00:00,1.18148,1.18154,1.1803,1.18037,0,SELL
2021-09-14 11:00:00,1.18036,1.18127,1.18002,1.18096,0,SELL
2021-09-14 12:00:00,1.18098,1.18459,1.18074,1.18416,0,SELL
2021-09-14 13:00:00,1.18417,1.18458,1.18234,1.18275,1,BUY
2021-09-14 14:00:00,1.18274,1.18274,1.18158,1.18224,1,BUY
2021-09-14 15:00:00,1.18223,1.18252,1.1818,1.1823,1,BUY
2021-09-14 16:00:00,1.18228,1.18278,1.1821,1.1822,1,BUY
2021-09-14 17:00:00,1.18222,1.18262,1.18184,1.18232,1,BUY
2021-09-14 18:00:00,1.1823,1.18242,1.18077,1.18078,1,BUY
2021-09-14 19:00:00,1.18078,1.18082,1.18002,1.18048,0,SELL
2021-09-14 20:00:00,1.18046,1.18073,1.18038,1.1804,0,SELL
2021-09-14 21:00:00,1.1808,1.18092,1.1803,1.18069,0,SELL
2021-09-14 22:00:00,1.18064,1.18096,1.18005,1.18012,0,SELL
2021-09-14 23:00:00,1.18014,1.18026,1.18006,1.18026,0,SELL
2021-09-15 00:00:00,1.18024,1.18076,1.18007,1.18054,0,SELL
2021-09-15 01:00:00,1.18055,1.18121,1.18048,1.18086,0,SELL
2021-09-15 02:00:00,1.18085,1.18098,1.18037,1.18064,0,SELL
2021-09-15 03:00:00,1.18062,1.18098,1.18056,1.18062,0,SELL
2021-09-15 04:00:00,1.18063,1.18093,1.18045,1.18052,0,SELL
2021-09-15 05:00:00,1.18053,1.1807,1.18009,1.18057,0,SELL
2021-09-15 06:00:00,1.18057,1.18118,1.17993,1.18076,0,SELL
2021-09-15 07:00:00,1.18076,1.18186,1.18056,1.18168,0,SELL
2021-09-15 08:00:00,1.18167,1.18289,1.18142,1.18262,0,SELL
2021-09-15 09:00:00,1.18264,1.18286,1.182,1.18248,1,BUY
2021-09-15 10:00:00,1.18247,1.1832,1.18218,1.18279,1,BUY
2021-09-15 11:00:00,1.18278,1.1832,1.18173,1.18216,1,BUY
2021-09-15 12:00:00,1.18218,1.1832,1.18074,1.18116,1,BUY
2021-09-15 13:00:00,1.18117,1.18213,1.18088,1.18186,1,BUY
2021-09-15 14:00:00,1.18184,1.18228,1.1808,1.1819,1,BUY
2021-09-15 15:00:00,1.18188,1.18218,1.18097,1.18116,1,BUY
2021-09-15 16:00:00,1.18116,1.18131,1.18033,1.18038,0,SELL
2021-09-15 17:00:00,1.1804,1.18114,1.18036,1.18084,0,SELL
2021-09-15 18:00:00,1.18086,1.18095,1.18048,1.18077,0,SELL
2021-09-15 19:00:00,1.18078,1.18174,1.18064,1.18172,0,SELL
2021-09-15 20:00:00,1.1817,1.18182,1.18138,1.18158,0,SELL
2021-09-15 21:00:00,1.18165,1.18178,1.18156,1.18168,0,SELL
2021-09-15 22:00:00,1.18162,1.18208,1.18162,1.182,0,SELL
2021-09-15 23:00:00,1.18202,1.18206,1.18176,1.18191,0,SELL
2021-09-16 00:00:00,1.1819,1.18206,1.1816,1.18189,1,BUY
2021-09-16 01:00:00,1.18191,1.18201,1.18152,1.18185,1,BUY
2021-09-16 02:00:00,1.18186,1.18198,1.18162,1.1819,1,BUY
2021-09-16 03:00:00,1.18189,1.18198,1.1812,1.18122,1,BUY
2021-09-16 04:00:00,1.18123,1.18126,1.18093,1.18098,0,SELL
2021-09-16 05:00:00,1.18099,1.1812,1.18028,1.18028,0,SELL
2021-09-16 06:00:00,1.18028,1.18073,1.17911,1.17918,0,SELL
2021-09-16 07:00:00,1.17917,1.17952,1.17779,1.17816,0,SELL
2021-09-16 08:00:00,1.17818,1.17847,1.17722,1.17727,0,SELL
2021-09-16 09:00:00,1.17724,1.17777,1.17662,1.1771,0,SELL
2021-09-16 10:00:00,1.17708,1.1772,1.17619,1.17662,0,SELL
2021-09-16 11:00:00,1.17663,1.17744,1.17656,1.1769,0,SELL
2021-09-16 12:00:00,1.17688,1.177,1.17522,1.17552,0,SELL
2021-09-16 13:00:00,1.1755,1.17616,1.17505,1.17575,0,SELL
2021-09-16 14:00:00,1.17574,1.17686,1.17539,1.17627,0,SELL
2021-09-16 15:00:00,1.17628,1.1767,1.17554,1.17634,0,SELL
2021-09-16 16:00:00,1.17632,1.17644,1.17584,1.17596,0,SELL
2021-09-16 17:00:00,1.17598,1.17615,1.17538,1.17556,0,SELL
2021-09-16 18:00:00,1.17558,1.17572,1.17537,1.1754,0,SELL
2021-09-16 19:00:00,1.17541,1.17716,1.17534,1.1769,0,SELL
2021-09-16 20:00:00,1.17689,1.17714,1.17665,1.17688,0,SELL
2021-09-16 21:00:00,1.17678,1.17696,1.17633,1.17672,0,SELL
2021-09-16 22:00:00,1.17668,1.17691,1.17641,1.17656,0,SELL
2021-09-16 23:00:00,1.17657,1.1766,1.17644,1.1765,0,SELL
2021-09-17 00:00:00,1.1765,1.17656,1.17592,1.17598,0,SELL
2021-09-17 01:00:00,1.176,1.17674,1.17588,1.17606,0,SELL
2021-09-17 02:00:00,1.17604,1.17684,1.17602,1.17673,0,SELL
2021-09-17 03:00:00,1.17674,1.17702,1.17662,1.1769,0,SELL
2021-09-17 04:00:00,1.17689,1.17736,1.17688,1.17734,0,SELL
2021-09-17 05:00:00,1.17734,1.17745,1.17679,1.17706,0,SELL
2021-09-17 06:00:00,1.17704,1.1775,1.17688,1.17724,0,SELL
2021-09-17 07:00:00,1.17722,1.1785,1.17716,1.17731,0,SELL
2021-09-17 08:00:00,1.1773,1.17832,1.17684,1.17772,0,SELL
2021-09-17 09:00:00,1.17774,1.17878,1.1774,1.17822,0,SELL
2021-09-17 10:00:00,1.1782,1.1786,1.17787,1.17828,0,SELL
2021-09-17 11:00:00,1.17827,1.17886,1.17758,1.17884,0,SELL
2021-09-17 12:00:00,1.17886,1.1789,1.17727,1.17738,0,SELL
2021-09-17 13:00:00,1.17736,1.1775,1.17506,1.17538,0,SELL
2021-09-17 14:00:00,1.17537,1.17572,1.17344,1.17379,0,SELL
2021-09-17 15:00:00,1.17378,1.17406,1.17288,1.17336,0,SELL
2021-09-17 16:00:00,1.17338,1.17368,1.17247,1.17256,0,SELL
2021-09-17 17:00:00,1.17258,1.17322,1.17246,1.1727,0,SELL
2021-09-17 18:00:00,1.17271,1.17302,1.17254,1.17293,0,SELL
2021-09-17 19:00:00,1.17292,1.17324,1.1729,1.17306,0,SELL
2021-09-17 20:00:00,1.17304,1.17312,1.17243,1.17243,0,SELL
2021-09-19 21:00:00,1.17319,1.1732,1.17263,1.17284,0,SELL
2021-09-19 22:00:00,1.17278,1.17298,1.17233,1.1727,0,SELL
2021-09-19 23:00:00,1.17272,1.17296,1.17262,1.17296,0,SELL
2021-09-20 00:00:00,1.17294,1.17298,1.17228,1.17236,0,SELL
2021-09-20 01:00:00,1.17238,1.1724,1.17183,1.17186,0,SELL
2021-09-20 02:00:00,1.17184,1.17191,1.17105,1.17124,0,SELL
2021-09-20 03:00:00,1.17122,1.17152,1.17097,1.17108,0,SELL
2021-09-20 04:00:00,1.17106,1.17158,1.17101,1.17151,0,SELL
2021-09-20 05:00:00,1.1715,1.1718,1.17134,1.17172,0,SELL
2021-09-20 06:00:00,1.17171,1.1718,1.17112,1.17147,0,SELL
2021-09-20 07:00:00,1.17146,1.17184,1.1706,1.1711,0,SELL
2021-09-20 08:00:00,1.17109,1.17137,1.17051,1.17096,0,SELL
2021-09-20 09:00:00,1.17098,1.171,1.17002,1.17066,0,SELL
2021-09-20 10:00:00,1.17066,1.17164,1.17062,1.17128,0,SELL
2021-09-20 11:00:00,1.17128,1.17136,1.17033,1.17055,0,SELL
2021-09-20 12:00:00,1.17054,1.17171,1.17052,1.17145,0,SELL
2021-09-20 13:00:00,1.17144,1.17185,1.17115,1.17184,0,SELL
2021-09-20 14:00:00,1.17183,1.17304,1.17129,1.1724,0,SELL
2021-09-20 15:00:00,1.17242,1.17365,1.17237,1.17284,0,SELL
2021-09-20 16:00:00,1.17286,1.17343,1.17222,1.17224,0,SELL
2021-09-20 17:00:00,1.17226,1.17312,1.17222,1.17258,0,SELL
2021-09-20 18:00:00,1.1726,1.17282,1.17226,1.17244,0,SELL
2021-09-20 19:00:00,1.17246,1.17306,1.17222,1.173,0,SELL
2021-09-20 20:00:00,1.17302,1.17305,1.17253,1.17267,0,SELL
2021-09-20 21:00:00,1.1726,1.17319,1.1726,1.17273,0,SELL
2021-09-20 22:00:00,1.17279,1.17304,1.17274,1.17279,0,SELL
2021-09-20 23:00:00,1.1728,1.17287,1.17252,1.1727,0,SELL
2021-09-21 00:00:00,1.17269,1.17306,1.1725,1.17256,0,SELL
2021-09-21 01:00:00,1.17255,1.17395,1.17234,1.1739,0,SELL
2021-09-21 02:00:00,1.17388,1.17402,1.17322,1.17324,0,SELL
2021-09-21 03:00:00,1.17322,1.17327,1.17296,1.1732,0,SELL
2021-09-21 04:00:00,1.17318,1.1735,1.17298,1.17318,0,SELL
2021-09-21 05:00:00,1.17319,1.1736,1.17315,1.17337,0,SELL
2021-09-21 06:00:00,1.17336,1.17376,1.17295,1.17314,0,SELL
2021-09-21 07:00:00,1.17313,1.17344,1.17184,1.1727,0,SELL
2021-09-21 08:00:00,1.17268,1.1737,1.17228,1.17341,0,SELL
2021-09-21 09:00:00,1.17342,1.17382,1.173,1.17371,0,SELL
2021-09-21 10:00:00,1.17372,1.17389,1.17321,1.17357,0,SELL
2021-09-21 11:00:00,1.17358,1.17459,1.17334,1.17445,0,SELL
2021-09-21 12:00:00,1.17446,1.17487,1.17336,1.17396,0,SELL
2021-09-21 13:00:00,1.17398,1.17418,1.1728,1.17307,0,SELL
2021-09-21 14:00:00,1.17308,1.17316,1.17168,1.17244,0,SELL
2021-09-21 15:00:00,1.17246,1.17262,1.17148,1.17244,0,SELL
2021-09-21 16:00:00,1.17246,1.17294,1.17226,1.17286,0,SELL
2021-09-21 17:00:00,1.17284,1.17298,1.17188,1.17262,0,SELL
2021-09-21 18:00:00,1.17262,1.1731,1.17251,1.17262,0,SELL
2021-09-21 19:00:00,1.17264,1.17324,1.1725,1.17294,0,SELL
2021-09-21 20:00:00,1.17292,1.17294,1.17238,1.17255,0,SELL
2021-09-21 21:00:00,1.17256,1.17292,1.17256,1.17266,0,SELL
2021-09-21 22:00:00,1.1726,1.17279,1.17242,1.17244,0,SELL
2021-09-21 23:00:00,1.17246,1.17246,1.1722,1.17229,0,SELL
2021-09-22 00:00:00,1.1723,1.1725,1.17169,1.17196,0,SELL
2021-09-22 01:00:00,1.17194,1.17306,1.17166,1.1728,0,SELL
2021-09-22 02:00:00,1.17278,1.17282,1.17239,1.1725,0,SELL
2021-09-22 03:00:00,1.17252,1.17252,1.1719,1.172,0,SELL
2021-09-22 04:00:00,1.17198,1.17236,1.17168,1.17219,0,SELL
2021-09-22 05:00:00,1.17218,1.17262,1.17215,1.17226,0,SELL
2021-09-22 06:00:00,1.17224,1.17286,1.1717,1.17278,0,SELL
2021-09-22 07:00:00,1.17276,1.17376,1.17237,1.17287,0,SELL
2021-09-22 08:00:00,1.17286,1.17348,1.1724,1.17342,0,SELL
2021-09-22 09:00:00,1.17344,1.1737,1.17284,1.17286,0,SELL
2021-09-22 10:00:00,1.17287,1.17356,1.17285,1.17338,0,SELL
2021-09-22 11:00:00,1.1734,1.17344,1.17244,1.17262,0,SELL
2021-09-22 12:00:00,1.17262,1.17334,1.1725,1.17296,0,SELL
2021-09-22 13:00:00,1.17298,1.17336,1.17243,1.17311,0,SELL
2021-09-22 14:00:00,1.17312,1.17448,1.17287,1.1735,0,SELL
2021-09-22 15:00:00,1.17348,1.1741,1.17328,1.17382,0,SELL
2021-09-22 16:00:00,1.17384,1.17418,1.1733,1.17354,0,SELL
2021-09-22 17:00:00,1.17353,1.17378,1.17218,1.17292,0,SELL
2021-09-22 18:00:00,1.17285,1.17556,1.16904,1.16934,0,SELL
2021-09-22 19:00:00,1.16932,1.17118,1.16844,1.1695,0,SELL
2021-09-22 20:00:00,1.16949,1.16964,1.1688,1.1688,0,SELL
2021-09-22 21:00:00,1.1689,1.16942,1.16882,1.16934,0,SELL
2021-09-22 22:00:00,1.16936,1.1695,1.1692,1.16944,0,SELL
2021-09-22 23:00:00,1.16946,1.16946,1.16868,1.16874,0,SELL
2021-09-23 00:00:00,1.16875,1.169,1.16834,1.16888,0,SELL
2021-09-23 01:00:00,1.16887,1.1695,1.16864,1.1695,0,SELL
2021-09-23 02:00:00,1.16948,1.16986,1.16896,1.16972,0,SELL
2021-09-23 03:00:00,1.16974,1.17094,1.16973,1.17068,0,SELL
2021-09-23 04:00:00,1.17069,1.17098,1.17051,1.17096,0,SELL
2021-09-23 05:00:00,1.17096,1.17133,1.17076,1.17092,0,SELL
2021-09-23 06:00:00,1.17092,1.17174,1.17063,1.17148,0,SELL
2021-09-23 07:00:00,1.17146,1.17246,1.17061,1.17152,0,SELL
2021-09-23 08:00:00,1.17154,1.17292,1.17102,1.17209,0,SELL
2021-09-23 09:00:00,1.1721,1.17327,1.17196,1.1722,0,SELL
2021-09-23 10:00:00,1.17221,1.1726,1.17111,1.17162,0,SELL
2021-09-23 11:00:00,1.17164,1.17202,1.17114,1.17154,0,SELL
2021-09-23 12:00:00,1.17155,1.17326,1.1714,1.17292,0,SELL
2021-09-23 13:00:00,1.1729,1.17398,1.17214,1.1739,1,BUY
2021-09-23 14:00:00,1.1739,1.175,1.17376,1.17488,1,BUY
2021-09-23 15:00:00,1.17486,1.17503,1.17326,1.17342,1,BUY
2021-09-23 16:00:00,1.17344,1.17443,1.17306,1.17442,1,BUY
2021-09-23 17:00:00,1.17441,1.17494,1.17432,1.17489,1,BUY
2021-09-23 18:00:00,1.17488,1.17488,1.17432,1.17468,1,BUY
2021-09-23 19:00:00,1.17467,1.1749,1.17414,1.1742,1,BUY
2021-09-23 20:00:00,1.17422,1.17422,1.17357,1.17388,1,BUY
2021-09-23 21:00:00,1.17388,1.17408,1.17372,1.174,1,BUY
2021-09-23 22:00:00,1.17396,1.17435,1.17396,1.17421,1,BUY
2021-09-23 23:00:00,1.17419,1.17458,1.17393,1.174,1,BUY
2021-09-24 00:00:00,1.17401,1.17478,1.174,1.17462,1,BUY
2021-09-24 01:00:00,1.17464,1.17464,1.17386,1.1739,1,BUY
2021-09-24 02:00:00,1.1739,1.17406,1.17378,1.17404,1,BUY
2021-09-24 03:00:00,1.17402,1.17432,1.17392,1.17412,1,BUY
2021-09-24 04:00:00,1.1741,1.17421,1.1736,1.17372,1,BUY
2021-09-24 05:00:00,1.17373,1.17398,1.17357,1.1737,1,BUY
2021-09-24 06:00:00,1.17368,1.17416,1.17311,1.17352,1,BUY
2021-09-24 07:00:00,1.17353,1.17412,1.17312,1.17386,1,BUY
2021-09-24 08:00:00,1.17383,1.17407,1.17309,1.17359,1,BUY
2021-09-24 09:00:00,1.1736,1.17382,1.17333,1.1735,1,BUY
2021-09-24 10:00:00,1.1735,1.17374,1.17281,1.17346,0,SELL
2021-09-24 11:00:00,1.17346,1.17371,1.17128,1.17138,0,SELL
2021-09-24 12:00:00,1.1714,1.17198,1.17066,1.17066,0,SELL
2021-09-24 13:00:00,1.17066,1.17199,1.17008,1.17118,0,SELL
2021-09-24 14:00:00,1.17117,1.17164,1.17044,1.17129,0,SELL
2021-09-24 15:00:00,1.17128,1.17168,1.17072,1.17136,0,SELL
2021-09-24 16:00:00,1.17137,1.17255,1.17128,1.17162,0,SELL
2021-09-24 17:00:00,1.17163,1.17202,1.17142,1.17177,0,SELL
2021-09-24 18:00:00,1.17178,1.17184,1.17132,1.1716,0,SELL
2021-09-24 19:00:00,1.17161,1.17171,1.1714,1.17164,0,SELL
2021-09-24 20:00:00,1.17166,1.17227,1.17158,1.17206,0,SELL
